[0, 476, 1583, 1636, 2273, 2301, 3273, 4341, 5733, 5954, 6502, 6999, 9407, 9538, 9589, 9816] (16)
[2, 361, 836, 1681, 2331, 4361, 5116, 5381, 5858, 6160, 6627, 6945, 7870, 8031, 8042, 8290, 8572, 9995] (18)
[6, 879, 2706, 3316, 4114, 4266, 4368, 5229, 5820, 6257, 6698, 6991, 8186, 8984, 9073, 9489] (16)
[8, 1199, 2899, 3105, 3348, 3379, 3947, 4026, 4523, 5757, 5921, 6058, 6669, 6757, 7482, 7708, 8018, 8162, 8309] (19)
[11, 485, 620, 633, 1107, 1392, 2169, 3423, 3472, 4629, 5805, 6002, 7197, 8817, 8910, 9562] (16)
[33, 230, 1377, 2120, 3066, 3781, 4502, 5350, 6319, 7135, 7147, 7955, 8836, 9011, 9415] (15)
[64, 95, 468, 1433, 2407, 2533, 2793, 3581, 3969, 3974, 5013, 5169, 5556, 5694, 6598, 6623, 6624, 7039, 7653, 9077, 9392] (21)
[66, 1445, 2268, 2289, 2373, 2979, 4229, 4464, 4543, 6581, 6819, 6828, 7108, 8166, 8999, 9147, 9384] (17)
[3, 128, 1098, 1143, 1590, 1850, 2628, 2995, 3928, 4321, 5252, 5830, 6355, 6521, 8872, 9893] (16)
[130, 1454, 2238, 2244, 2581, 4525, 4962, 5211, 6405, 6655, 6858, 7417, 7633, 9340, 9422] (15)
[132, 649, 2571, 2623, 4255, 4449, 5894, 5960, 6025, 6608, 6771, 7255, 7862, 8113, 8997, 9619] (16)
[194, 1360, 1368, 2309, 3031, 3036, 3557, 4177, 4919, 4997, 6334, 7263, 8026, 9417, 9832] (15)
[195, 262, 390, 1489, 2878, 4292, 4426, 4552, 4806, 4944, 5448, 5943, 6742, 6827, 7654, 8445, 8764, 8781, 8789, 9231, 9953] (21)
[256, 314, 321, 750, 1780, 2102, 2239, 3681, 3770, 4155, 6898, 7674, 8039, 8152, 8520, 8579, 8603, 8770, 8909] (19)
[179, 258, 1071, 1830, 2141, 3045, 3238, 5467, 5675, 5801, 6195, 6312, 7148, 7383, 7918, 8161, 8865, 9661] (18)
[182, 289, 906, 927, 1645, 1947, 3720, 3839, 4351, 5403, 6215, 7080, 8215, 8962, 9746] (15)
[290, 313, 1497, 1522, 2579, 3287, 6098, 7475, 7641, 8240, 8315, 8336, 8560, 9894, 9950] (15)
[79, 320, 1212, 1594, 3587, 3948, 4593, 5173, 5481, 5823, 6229, 7052, 7849, 9180, 9204] (15)
[270, 322, 1935, 2180, 2194, 2202, 3830, 4241, 4267, 4638, 5586, 6094, 6310, 6823, 7079, 9380] (16)
[209, 384, 1407, 2729, 3126, 3500, 4077, 4143, 5230, 5702, 6234, 6318, 7797, 7988, 9279] (15)
[133, 448, 762, 1714, 1725, 2073, 2421, 2693, 2852, 3627, 3970, 4984, 6803, 8206, 8428] (15)
[449, 451, 715, 3531, 3691, 3860, 4299, 5171, 5292, 5699, 6548, 7094, 7236, 7823, 8629, 9525, 9533, 9712] (18)
[62, 123, 212, 450, 1378, 1602, 2149, 2161, 3645, 4171, 5316, 5400, 5579, 5707, 5984, 7608, 8644, 9879] (18)
[456, 624, 942, 1243, 1827, 2330, 2641, 3227, 3529, 3643, 5273, 6048, 6862, 6906, 7134, 8907, 9132] (17)
[481, 1703, 3094, 3335, 3962, 4720, 5503, 6019, 6127, 6381, 7027, 7806, 7905, 8762, 9839] (15)
[121, 210, 318, 349, 512, 600, 617, 1144, 1362, 2023, 2118, 2632, 3171, 3392, 4554, 5156, 5438, 5732, 6519, 6826, 7301, 7455, 7748, 8054, 8659, 9126, 9166, 9676] (28)
[525, 544, 2866, 3374, 3518, 3761, 4099, 4529, 5645, 6005, 6689, 6853, 7302, 8748, 8849] (15)
[576, 659, 830, 956, 1089, 1148, 3470, 4328, 4342, 5302, 5450, 6344, 7373, 7411, 7613, 7661, 8121, 8177, 9056, 9153, 9419, 9455, 9567] (23)
[542, 577, 1496, 1971, 2098, 2635, 3051, 3600, 4310, 4338, 4443, 4583, 4658, 5212, 5429, 5584, 6354, 6484, 6574, 6750, 7392, 7766, 8425, 8476, 8985, 9679] (26)
[431, 578, 863, 1066, 1118, 1500, 2152, 2341, 3155, 4129, 4333, 4721, 5667, 5809, 6332, 7636, 8235, 8269, 9164] (19)
[246, 589, 799, 1638, 2015, 2278, 2715, 4139, 4374, 4835, 5165, 7140, 7525, 9070, 9298, 9780] (16)
[610, 1415, 1458, 1462, 2308, 2339, 3203, 3750, 5647, 6796, 7093, 7181, 8083, 9787, 9871] (15)
[279, 636, 1132, 1292, 2485, 4468, 6104, 7158, 7388, 7773, 8271, 8305, 8443, 9142, 9682] (15)
[513, 640, 1394, 4023, 4708, 5126, 5255, 6665, 6937, 7959, 8552, 8632, 8969, 9405, 9831, 9851] (16)
[152, 306, 643, 686, 891, 1352, 1694, 2197, 2378, 2663, 2664, 3108, 3229, 3354, 3414, 4227, 4252, 4572, 4707, 4832, 4902, 4922, 5408, 5468, 6444, 6523, 6873, 7206, 7468, 7498, 7627, 8029, 8098, 8178, 8497, 9324, 9519, 9539] (38)
[644, 901, 1138, 2651, 3179, 3658, 3797, 4250, 4514, 4522, 4953, 5090, 5462, 5679, 6125, 6728, 7026, 7278, 7799, 8199, 9578, 9608, 9806] (23)
[706, 1037, 1291, 2165, 2932, 2948, 2955, 3695, 4281, 5047, 6468, 6911, 8183, 8310, 8756] (15)
[254, 558, 768, 1329, 2607, 2720, 2855, 3606, 3773, 3841, 4222, 4582, 4759, 5025, 5070, 5497, 5994, 6024, 6049, 6283, 6578, 6794, 7554, 9991] (24)
[769, 1058, 1259, 1557, 2185, 2251, 2781, 3670, 4057, 4994, 6231, 6491, 7567, 8682, 9042] (15)
[23, 118, 382, 499, 746, 765, 774, 1007, 1185, 1903, 2290, 2468, 2704, 2885, 2974, 3566, 3649, 3835, 3964, 4000, 4205, 4607, 7018, 7025, 7053, 7060, 7070, 7458, 8133, 8203, 8490, 8940, 9067, 9454, 9974] (35)
[776, 801, 1064, 1746, 2659, 3433, 3697, 4051, 4402, 7145, 7186, 8430, 8782, 8854, 9053, 9242, 9331] (17)
[784, 912, 2139, 3230, 3548, 3549, 3944, 5151, 5201, 5919, 6565, 7076, 7765, 8032, 8312, 8554, 9184, 9957] (18)
[833, 1222, 2182, 2221, 3097, 3858, 5000, 5144, 5812, 6067, 6088, 6805, 8509, 8594, 9131, 9261] (16)
[402, 835, 1182, 1323, 1327, 1584, 3241, 4575, 4646, 5346, 5535, 5545, 5749, 6800, 7878, 7945, 8070, 8108, 9509, 9624] (20)
[295, 896, 1145, 1153, 1264, 2678, 3331, 3340, 3495, 3821, 3949, 4634, 5879, 6152, 7319, 8894] (16)
[326, 529, 650, 897, 2377, 2725, 3360, 3573, 6095, 6404, 6508, 6706, 6763, 7315, 8369, 8701, 9526, 9866, 9910] (19)
[363, 898, 1577, 1682, 2257, 3817, 4820, 4948, 5157, 5239, 5593, 5717, 5974, 6953, 7389, 7907, 8617, 9075, 9749] (19)
[98, 429, 440, 900, 1712, 1715, 1939, 2759, 3608, 3640, 5039, 5188, 5333, 6256, 6831, 7304, 8586, 9267, 9659, 9817] (20)
[21, 80, 919, 963, 1316, 1566, 4157, 4774, 5619, 5988, 6214, 6379, 7414, 7711, 8182] (15)
[407, 993, 1785, 2687, 2814, 3902, 4246, 5100, 5655, 5934, 6889, 8368, 9170, 9476, 9821] (15)
[185, 507, 783, 1024, 1049, 1290, 2971, 3373, 3594, 4124, 4676, 4987, 5149, 5363, 5756, 6151, 7284, 7626, 8702] (19)
[845, 1025, 1237, 1482, 1631, 1791, 1878, 3044, 3293, 3463, 3676, 3705, 4040, 4320, 4559, 5499, 5746, 5866, 6270, 7323, 9177, 9182, 9801] (23)
[106, 112, 616, 1027, 1658, 2312, 2937, 5981, 6070, 7423, 7665, 7871, 8191, 9018, 9127] (15)
[14, 1032, 1777, 2070, 3559, 4014, 4025, 4089, 5660, 6206, 6639, 7820, 8335, 9197, 9524, 9835] (16)
[1034, 1632, 2043, 2259, 2285, 2315, 2392, 2838, 3052, 3166, 3282, 3442, 3805, 4517, 6113, 6392, 7127, 8078, 8171, 9308, 9556, 9977] (22)
[82, 554, 1035, 1905, 2648, 2701, 3297, 3618, 3954, 4752, 6029, 6897, 8096, 8553, 9625, 9834] (16)
[148, 386, 1088, 1698, 2755, 3344, 3469, 3967, 4531, 5033, 5089, 7949, 8374, 8485, 8635, 9227, 9825, 9897] (18)
[330, 1090, 1425, 1781, 1807, 1899, 2398, 2417, 3793, 3828, 4694, 5627, 6477, 7259, 9373, 9683] (16)
[996, 1121, 1322, 3255, 3824, 4410, 5382, 5416, 6685, 7630, 7638, 7770, 7951, 8690, 9397] (15)
[70, 954, 1152, 1215, 1421, 1617, 2384, 2627, 2801, 2907, 2975, 3133, 3631, 3760, 3973, 4394, 4667, 6703, 6957, 7785, 8004, 9783] (22)
[218, 1154, 2456, 2815, 5115, 5352, 6539, 6556, 7210, 7541, 8068, 8089, 8730, 8758, 8898, 9144, 9383] (17)
[273, 487, 729, 1106, 1155, 2016, 2231, 2508, 3020, 3262, 3459, 4195, 4286, 4387, 4687, 5077, 5320, 5454, 6345, 6603, 7102, 7247, 7921, 8591, 8637, 8638, 8651, 8913, 9775] (29)
[211, 1156, 1916, 2444, 2873, 3177, 5042, 5967, 6408, 6460, 7174, 7883, 7908, 8557, 8942] (15)
[101, 611, 1217, 1361, 1825, 2012, 2750, 3307, 3829, 5388, 5592, 6487, 7175, 7740, 9319, 9418, 9790] (17)
[1218, 2380, 2495, 2501, 3449, 3551, 4551, 5330, 5531, 6101, 6498, 7133, 7391, 9158, 9808] (15)
[469, 563, 1219, 1399, 2414, 3827, 4015, 4585, 5044, 5336, 6877, 7542, 7600, 8105, 8403] (15)
[718, 720, 847, 1280, 2230, 2470, 2668, 3615, 3709, 4050, 4217, 5030, 5087, 5730, 5912, 6783, 6927, 7832, 8784, 8786, 9942] (21)
[921, 1149, 1281, 1663, 1713, 1884, 2300, 2543, 4073, 4345, 6412, 6755, 8175, 8486, 8878] (15)
[494, 1115, 1282, 2134, 2448, 2484, 3279, 3686, 4973, 5419, 5573, 5878, 6549, 7512, 9286, 9938] (16)
[319, 918, 1283, 1943, 2227, 2343, 2469, 3041, 3652, 3710, 4675, 4974, 5266, 5671, 6432, 7211, 8079] (17)
[992, 1312, 1958, 1992, 2631, 2941, 3061, 4042, 7118, 7321, 7889, 8450, 8662, 8921, 9080] (15)
[183, 824, 857, 1336, 3134, 3253, 3417, 3664, 4668, 4699, 5016, 5787, 6341, 6512, 6532, 6787, 7123, 7631, 8252, 8661, 8703, 9485, 9612] (23)
[216, 602, 1068, 1344, 1528, 2488, 2644, 3504, 3749, 4022, 4347, 4448, 4802, 5576, 6091, 6619, 7110, 7860, 8386, 8455, 8744, 9598, 9689] (23)
[222, 242, 989, 1128, 1350, 1426, 1700, 2121, 2837, 3820, 4207, 4601, 5222, 5494, 6224, 6248, 6387, 6876, 7121, 8015] (20)
[122, 374, 1000, 1408, 2362, 4967, 5028, 6326, 6615, 6943, 7320, 8429, 8893, 9125, 9514] (15)
[1409, 1649, 2700, 2934, 3612, 4087, 4239, 4262, 5577, 5951, 6440, 6554, 7368, 7970, 9732] (15)
[1265, 1410, 2825, 3240, 3881, 4091, 4521, 4712, 5022, 5435, 5604, 5630, 6884, 8599, 9332] (15)
[743, 869, 985, 1016, 1413, 1784, 2727, 3420, 3454, 3798, 3932, 4648, 5344, 6193, 6422, 6970, 8353, 8955, 9047, 9644, 9798] (21)
[1419, 2017, 2482, 3343, 5076, 5082, 5524, 5591, 6143, 6157, 6246, 6542, 7662, 8035, 8478, 8498, 9110, 9626] (18)
[479, 646, 742, 936, 1092, 1472, 1848, 1960, 2535, 2556, 2735, 2984, 3291, 3364, 5436, 5449, 6963, 7431, 7727, 8104, 8278, 8495, 9855] (23)
[1474, 1901, 2996, 4669, 5693, 5721, 5965, 6765, 6859, 7002, 7510, 8667, 8695, 8980, 9350] (15)
[981, 1202, 1504, 1662, 2307, 2460, 2779, 3162, 3895, 3939, 4405, 4527, 6337, 8277, 8694] (15)
[656, 1278, 1417, 1487, 1536, 1548, 2561, 2856, 2877, 3208, 3265, 3527, 3605, 4742, 5194, 5775, 6028, 6213, 6311, 6536, 6670, 6865, 6942, 7179, 7342, 7452, 7596, 8414, 8449, 8738, 8972, 9282, 9869] (33)
[296, 366, 1438, 1537, 2057, 2794, 2953, 3568, 4201, 5102, 6421, 7208, 8303, 8447, 8607, 9611] (16)
[637, 1169, 1363, 1539, 1551, 2675, 3474, 4203, 4490, 5790, 6118, 6225, 6861, 6985, 7769, 8153] (16)
[39, 1416, 1540, 2067, 2225, 2564, 4219, 4373, 5365, 6856, 7213, 8216, 8880, 8956, 9374] (15)
[1430, 1541, 1622, 2711, 3355, 3482, 4489, 4495, 5010, 6286, 6701, 6791, 7264, 7287, 7332, 7791, 8877, 8882, 9239] (19)
[1296, 1484, 1538, 1568, 1708, 2003, 2060, 4236, 5238, 5832, 6258, 6731, 6992, 8114, 8671] (15)
[304, 781, 823, 1294, 1600, 3278, 4248, 4913, 5644, 6042, 6290, 6541, 6684, 7187, 7461, 7916, 9257, 9809] (18)
[817, 940, 1603, 1678, 1954, 2258, 2714, 3437, 4647, 4979, 5179, 5337, 5424, 7337, 7367, 7528, 7543, 7842, 9300] (19)
[276, 501, 1664, 1750, 1753, 2072, 2136, 2217, 2551, 2922, 2961, 3095, 3363, 3732, 4128, 5409, 5641, 6758, 7551, 8225, 8316, 9114, 9178, 9446] (24)
[89, 162, 492, 1666, 1945, 2318, 2441, 2490, 2523, 3146, 3430, 4696, 5024, 5785, 7700, 7971, 8286, 8313, 8569, 9243, 9735] (21)
[71, 687, 1139, 1248, 1370, 1668, 1673, 1821, 2059, 3005, 3147, 4389, 4408, 4840, 5833, 5968, 6099, 6142, 6253, 6371, 7231, 7689, 7876, 8652, 9424] (25)
[119, 1696, 2296, 2457, 2930, 3502, 4357, 4606, 6507, 7048, 7269, 7801, 8582, 8793, 9861] (15)
[428, 1605, 1657, 1701, 2333, 3272, 4191, 4809, 5361, 5447, 5616, 7086, 8062, 8276, 8829] (15)
[226, 281, 932, 1263, 1728, 2037, 4474, 5890, 7183, 7553, 8143, 8287, 8816, 9040, 9921] (15)
[574, 792, 810, 819, 1252, 1730, 2509, 2620, 3416, 3808, 5901, 6084, 6343, 6967, 7481, 9486] (16)
[1676, 1680, 1731, 2385, 2634, 3141, 3151, 3490, 4853, 5235, 5236, 5534, 6364, 6776, 6981, 7151, 7577, 7749, 8262, 8727, 9427] (21)
[1580, 1650, 1770, 1787, 1969, 2615, 3021, 3918, 4910, 5979, 6874, 7250, 8400, 9012, 9436] (15)
[59, 266, 808, 1216, 1256, 1466, 1473, 1572, 1793, 2061, 2151, 2430, 2463, 2526, 2811, 3144, 3302, 3898, 4318, 4375, 4600, 4621, 5226, 5520, 6382, 6397, 6676, 7072, 7163, 7477, 8082, 8224, 8526, 8687, 8689, 9960] (36)
[47, 53, 206, 814, 1015, 1443, 1531, 1747, 1794, 2477, 2513, 2778, 2954, 2988, 3100, 3775, 3872, 4113, 4724, 4936, 5026, 5281, 5321, 5476, 6960, 7778, 8378, 8753, 8911, 8994, 9266, 9890, 9935, 9958, 9978] (35)
[1002, 1184, 1286, 1303, 1796, 1918, 2078, 3142, 3315, 3350, 3597, 3682, 3716, 4166, 4371, 4418, 4856, 4862, 4878, 6159, 6389, 6648, 6923, 6976, 7484, 7734, 7752, 8436, 8456, 8529, 8976, 9222, 9404, 9962] (34)
[795, 1819, 1856, 2356, 3232, 3283, 3809, 4194, 4503, 5092, 6594, 6713, 7962, 8843, 9574, 9740, 9998] (17)
[1338, 1367, 1889, 2135, 2265, 3958, 4627, 4734, 4935, 4942, 5105, 6150, 6241, 6640, 8763] (15)
[224, 470, 475, 725, 925, 1922, 2155, 2415, 3088, 3169, 4615, 4783, 5218, 5351, 6018, 6470, 6789, 7088, 7850, 7973] (20)
[886, 1208, 1495, 1923, 2171, 2502, 2630, 2927, 2997, 3204, 3309, 3571, 3698, 3888, 3946, 4945, 5041, 7371, 8435, 8775, 8811, 9272, 9558, 9853] (24)
[410, 849, 1480, 1984, 2203, 2408, 5072, 5271, 5673, 6836, 6944, 7014, 7357, 7437, 8736, 8983, 9325, 9738, 9992] (19)
[1404, 1523, 1986, 2344, 2862, 3080, 3257, 5323, 5664, 6385, 6482, 6709, 8181, 8299, 8562, 9081] (16)
[362, 839, 1386, 1988, 2388, 2427, 2549, 3707, 5637, 6249, 6668, 6972, 7493, 9224, 9662] (15)
[1141, 1995, 2048, 2365, 2970, 3112, 3701, 4109, 4291, 6274, 6340, 8468, 9008, 9314, 9461, 9469] (16)
[581, 630, 872, 976, 1391, 2049, 2640, 4836, 4966, 5081, 5624, 6490, 7678, 8179, 9672] (15)
[126, 158, 726, 1043, 1047, 2050, 2695, 3849, 4242, 4500, 4879, 5075, 5905, 6004, 6117, 7671, 7980, 8270, 8402, 9086, 9433, 9592] (22)
[300, 722, 1422, 2051, 2708, 2935, 3121, 3850, 3972, 4336, 4868, 4925, 6832, 7480, 7565, 9850] (16)
[129, 239, 1488, 1515, 2112, 3690, 3926, 4064, 4438, 6017, 6492, 8655, 8790, 9188, 9395] (15)
[430, 599, 793, 1023, 1990, 2116, 2450, 2569, 3632, 4415, 4537, 4895, 5527, 6793, 7074, 7857, 9117, 9354] (18)
[1494, 1506, 1687, 2123, 3453, 3644, 4949, 5261, 5453, 6035, 6838, 7101, 7251, 7295, 8545, 8798, 9811] (17)
[460, 1044, 1904, 2145, 2298, 2565, 2772, 3077, 5051, 6513, 7209, 7756, 8650, 8742, 8846] (15)
[493, 1627, 1930, 2176, 2690, 3359, 4107, 4127, 4218, 4259, 4496, 4693, 6063, 8581, 8697, 9597, 9755] (17)
[267, 309, 716, 916, 2177, 2204, 2319, 3125, 3862, 4678, 5810, 6278, 7348, 7839, 8219, 8249, 8967, 9156, 9233] (19)
[117, 350, 667, 1097, 1735, 2144, 2178, 2181, 2792, 3043, 4971, 5461, 6475, 6559, 6730, 7550, 8154, 9877] (18)
[465, 979, 1120, 2019, 2184, 2381, 4465, 5259, 5614, 6366, 7258, 7394, 7625, 8139, 8406, 9722] (16)
[124, 163, 419, 2062, 2240, 2269, 2940, 3145, 3246, 3816, 4131, 5957, 6135, 6504, 6604, 6718, 7225, 7555, 7616, 7877, 8749, 8767, 9252, 9258, 9399, 9721, 9926] (27)
[36, 293, 534, 913, 1624, 2241, 4427, 4506, 4644, 6078, 6673, 6822, 6840, 7223, 7579, 7597, 9146, 9535] (18)
[87, 186, 567, 841, 1582, 2242, 2494, 3017, 3035, 5458, 6518, 7218, 9171, 9557, 9715] (15)
[791, 1442, 2245, 2653, 2960, 3378, 4232, 4661, 5007, 5383, 6008, 6711, 6790, 7650, 7795, 7961, 8413] (17)
[156, 2099, 2247, 2529, 2602, 2636, 4767, 5198, 5726, 6183, 6196, 6298, 7119, 7471, 8095, 8743, 8952, 9133, 9276] (19)
[557, 860, 1375, 2274, 4061, 4153, 4198, 6358, 6380, 6520, 7398, 7516, 7670, 8048, 9447] (15)
[233, 698, 1269, 1716, 2291, 2304, 3446, 4396, 4532, 5493, 6647, 7349, 7920, 8332, 8625, 8851, 8981] (17)
[948, 2039, 2292, 2305, 3189, 3192, 4135, 4475, 4589, 4871, 4920, 5103, 5124, 6930, 8131, 8990, 9206, 9376, 9457] (19)
[72, 457, 754, 763, 764, 1038, 1135, 1238, 1295, 1326, 1567, 1760, 1876, 2306, 2517, 2557, 2575, 2617, 2859, 3190, 3614, 3916, 4098, 4569, 5359, 6636, 6887, 7684, 7965, 8427, 9015, 9038, 9365, 9467, 9785] (35)
[219, 1137, 2311, 2524, 3922, 4237, 4695, 4915, 5345, 5590, 6198, 6630, 8538, 8714, 9444, 9971] (16)
[360, 528, 1798, 2337, 2904, 2990, 3545, 3684, 5610, 5646, 6013, 6327, 7994, 8408, 9013] (15)
[1647, 1802, 2001, 2368, 2749, 3457, 3678, 3904, 4414, 5062, 6590, 6857, 7879, 8536, 8677] (15)
[286, 1229, 1896, 1900, 2345, 2369, 3369, 5405, 6003, 6267, 7071, 8350, 9255, 9500, 9904, 9966] (16)
[626, 934, 2432, 3388, 3464, 3735, 3804, 5505, 6410, 6735, 7035, 7432, 7936, 8267, 8663] (15)
[414, 439, 1203, 1940, 2434, 2728, 3138, 3654, 4471, 4799, 5128, 5242, 7548, 7569, 8953, 9208] (16)
[348, 1379, 2052, 2394, 2435, 2679, 3312, 4488, 4509, 4576, 5488, 5849, 6282, 8412, 8978, 9121, 9172, 9443] (18)
[56, 561, 738, 1468, 1829, 1977, 2233, 2438, 2591, 3884, 4148, 4385, 5857, 6350, 6940, 7081, 7609, 7717, 8116, 8522, 9122, 9544] (22)
[604, 852, 1738, 1925, 2299, 2496, 2926, 2928, 3575, 3806, 3986, 4763, 4960, 5325, 5540, 8151, 8565, 8627] (18)
[252, 858, 1427, 1672, 2497, 2650, 3016, 3124, 4110, 4939, 5514, 5953, 6391, 8087, 9494] (15)
[50, 631, 1239, 1711, 2498, 2547, 3131, 3268, 3409, 3900, 4677, 4838, 4842, 4914, 4947, 4963, 5428, 5712, 5935, 7120, 7768, 7919, 8251, 8311, 8464, 8502, 8810] (27)
[77, 674, 2505, 3878, 4378, 5368, 5607, 5993, 7190, 7216, 7395, 8173, 8223, 8571, 8801, 8814, 9306, 9803, 9838] (19)
[1709, 2162, 2560, 2658, 2774, 3802, 3891, 4092, 5014, 5199, 5554, 5704, 5946, 6529, 7403, 8795, 9062] (17)
[228, 1997, 2040, 2562, 2643, 3050, 3143, 3158, 3543, 3603, 3653, 6238, 6495, 7787, 7833] (15)
[757, 2113, 2624, 4164, 4539, 5098, 5195, 5609, 6525, 6739, 6885, 7161, 7925, 9287, 9572] (15)
[90, 136, 354, 442, 1629, 2558, 2625, 2925, 3673, 6093, 6989, 7096, 8283, 9416, 9731, 9923, 9944] (17)
[1963, 2093, 2582, 2637, 2670, 2850, 4024, 4455, 4899, 7200, 7526, 7726, 7983, 9303, 9503, 9658] (16)
[13, 1073, 1125, 2674, 2688, 2889, 2969, 3921, 4045, 4309, 5999, 6073, 7702, 7880, 8405] (15)
[359, 944, 1509, 2396, 2521, 2692, 4701, 5138, 5299, 5357, 6359, 7045, 8905, 9945, 9965] (15)
[409, 1441, 2168, 2753, 2921, 3847, 4173, 4181, 4887, 4938, 5280, 6804, 7243, 8431, 8444, 9191] (16)
[32, 423, 778, 1886, 1936, 2045, 2816, 3447, 4618, 4866, 5058, 6167, 6455, 6544, 7835, 8123, 9003, 9351, 9764, 9896] (20)
[401, 418, 691, 1679, 1690, 2389, 2476, 2821, 3733, 4167, 4567, 5213, 6180, 7699, 8099, 9149, 9396, 9946] (18)
[41, 352, 2559, 2823, 2824, 3032, 3874, 4071, 4388, 4710, 5947, 6994, 7658, 7716, 8519, 9678] (16)
[1704, 1842, 2881, 4084, 4117, 4753, 4908, 5269, 6161, 6333, 6587, 7561, 8091, 8343, 8729, 9005, 9023, 9112, 9631] (19)
[882, 1565, 2025, 2033, 2944, 3295, 3692, 4125, 4208, 4364, 4463, 5110, 5283, 6683, 8323, 9203] (16)
[1147, 1178, 1246, 2696, 2945, 3235, 3305, 5208, 5596, 6187, 6611, 7382, 7517, 7931, 8125, 8791] (16)
[305, 405, 500, 505, 997, 2743, 2946, 2952, 3611, 4358, 5245, 5528, 7527, 7572, 8334, 9338, 9674, 9766] (18)
[177, 253, 2277, 2493, 3008, 3181, 3724, 3745, 4730, 4906, 6032, 6154, 7221, 7272, 7466] (15)
[435, 1101, 1179, 1592, 1736, 1996, 3011, 4067, 5140, 5822, 6053, 6799, 7056, 7566, 8218, 8547, 8721] (17)
[168, 241, 1062, 1812, 1843, 2741, 2966, 3015, 3535, 3742, 5973, 6287, 6461, 7418, 7460, 8588] (16)
[509, 1924, 3040, 3620, 4200, 4630, 4641, 4845, 5825, 7087, 8069, 8302, 8383, 8799, 8948] (15)
[48, 255, 1783, 2097, 2626, 3072, 3810, 3893, 4366, 4519, 5422, 6835, 7084, 7412, 7436, 9588, 9718] (17)
[395, 1070, 1435, 1596, 2077, 2110, 3073, 4637, 6483, 6564, 7311, 7351, 7848, 8496, 9479, 9694] (16)
[946, 1558, 2263, 2397, 2766, 2785, 2901, 3075, 4285, 4327, 6136, 6467, 7103, 8060, 8395, 8928, 9150, 9581] (18)
[516, 1431, 2478, 2609, 2807, 3076, 3391, 3693, 3772, 3953, 4782, 4907, 5658, 5950, 6903, 7224, 7483, 8348, 8686, 8710, 9403, 9840] (22)
[815, 2101, 2188, 2295, 3139, 3233, 5176, 5231, 6179, 6250, 7943, 8457, 9220, 9506, 9577, 9704] (16)
[910, 1643, 1724, 2662, 2718, 3120, 3200, 4032, 4152, 5132, 5777, 5797, 6163, 6456, 6562, 6958, 7804, 8669, 9318, 9386] (20)
[672, 800, 1306, 1400, 1634, 2681, 3206, 3288, 4016, 4086, 4779, 4788, 4901, 5053, 6368, 6987, 7308, 7450, 8298, 9522] (20)
[76, 812, 922, 1333, 1373, 1552, 1607, 1705, 2218, 2335, 2453, 3215, 3263, 3528, 3638, 3672, 3731, 4587, 4594, 6044, 6065, 6185, 6331, 6740, 7010, 7866, 8115, 8150, 8340, 9030, 9087, 9116, 9673] (33)
[175, 555, 705, 1231, 1328, 1857, 2405, 2603, 3264, 4466, 4814, 4889, 6855, 7755, 8375] (15)
[268, 400, 413, 1041, 2066, 2348, 3170, 3267, 3325, 3555, 3938, 4383, 4526, 4964, 5373, 5752, 6428, 7397, 8201, 8407, 8837, 8971, 9387] (23)
[51, 145, 695, 967, 1304, 2962, 3003, 3328, 3541, 3574, 6066, 7034, 7199, 7963, 8440, 8474, 8765] (17)
[1108, 1211, 2167, 2288, 2374, 3393, 4728, 4996, 5881, 6277, 6795, 6922, 6952, 7097, 7562] (15)
[447, 629, 1085, 1447, 1606, 1744, 1804, 2128, 3398, 3875, 4079, 5326, 5899, 8056, 9163, 9736, 9927] (17)
[176, 446, 712, 1355, 2085, 3022, 3399, 3661, 4070, 4713, 4778, 4916, 6055, 6315, 7141, 7485, 8120, 8439, 8871, 9685] (20)
[1112, 3030, 3244, 3426, 5580, 5891, 6407, 6878, 8325, 8339, 8606, 8918, 8919, 9256, 9330] (15)
[875, 2281, 3456, 4151, 5243, 5412, 6511, 6854, 7275, 7313, 8075, 8491, 8735, 8815, 9186, 9824] (16)
[100, 498, 838, 861, 1928, 2079, 2770, 3460, 3951, 4735, 4834, 4869, 4990, 5611, 5739, 5908, 6632, 6768, 7095, 7153, 8621, 9228] (22)
[215, 1005, 1158, 1499, 1507, 1833, 2893, 3057, 3451, 3461, 4220, 4825, 4959, 5189, 5264, 5392, 5532, 6534, 6642, 7261, 7782, 8017, 8168, 9695, 9898] (25)
[689, 947, 1171, 1299, 1423, 1893, 2447, 3140, 3521, 4244, 4437, 4689, 4789, 5027, 5386, 7189, 7605, 7856] (18)
[539, 1349, 1982, 3321, 3450, 3522, 4311, 4334, 4367, 4958, 5371, 5861, 5982, 6342, 6628, 6737, 7399, 8284, 8696] (19)
[1364, 2965, 3475, 3558, 3723, 4314, 4978, 5225, 6254, 6269, 6555, 7195, 8050, 8146, 9451] (15)
[91, 723, 1104, 2196, 2270, 3351, 3516, 3584, 5012, 5886, 6007, 6239, 6335, 7490, 7873, 8124, 8417, 9550, 9924] (19)
[282, 1653, 1808, 2805, 3586, 3630, 3865, 4003, 5008, 5374, 5495, 5684, 6707, 8488, 9881] (15)
[111, 261, 2206, 2577, 3589, 3747, 4012, 4460, 5029, 6201, 6265, 7057, 7343, 7457, 8593, 8728, 9065, 9789] (18)
[115, 571, 1465, 2189, 2271, 2451, 3592, 4797, 4985, 5551, 6568, 6741, 7819, 8245, 8734, 8866, 9262] (17)
[217, 437, 1476, 3130, 3412, 3648, 5086, 6696, 6834, 7042, 7733, 7780, 8884, 8941, 9041, 9847, 9905] (17)
[1113, 1675, 2086, 2104, 3286, 3342, 3651, 3739, 3867, 5682, 5708, 6092, 6197, 6950, 7202, 7217, 8086, 8503, 8737, 9048, 9236] (21)
[372, 379, 471, 779, 952, 1626, 1699, 2520, 3657, 3935, 5155, 5265, 6264, 6328, 6841, 7390, 7757, 9165, 9189] (19)
[150, 1019, 1479, 1654, 2314, 2449, 2686, 2810, 2828, 2882, 2986, 3585, 3602, 3712, 4349, 4592, 4818, 4841, 5052, 5395, 5506, 5536, 5716, 5802, 5867, 5913, 6846, 7033, 7317, 7402, 7449, 7594, 8446, 8725, 8853, 9470, 9634] (37)
[110, 1841, 2455, 2531, 2895, 2919, 3718, 4182, 4447, 5108, 5915, 5987, 6896, 6919, 7021, 7143, 8656, 8676] (18)
[340, 974, 1242, 1260, 2880, 2896, 3004, 3082, 3591, 3642, 3776, 4420, 5747, 5948, 6276, 6398, 6466, 9951] (18)
[88, 358, 2158, 2541, 3056, 3431, 3777, 4123, 4622, 4626, 5114, 5228, 5370, 5530, 5940, 5996, 7020, 7316, 7494, 7790, 7930, 8204, 8935, 9647] (24)
[2402, 2809, 3113, 3223, 3298, 3624, 3785, 3941, 4048, 4147, 4398, 6680, 6695, 6702, 6973, 7352, 8361, 9101, 9389, 9636, 9646, 9760] (22)
[424, 1133, 1345, 1457, 2616, 2947, 3579, 3840, 4132, 6376, 7719, 7984, 9085, 9448, 9990] (15)
[15, 709, 755, 854, 1318, 1535, 1952, 1976, 2841, 3634, 3844, 3856, 4002, 4279, 4505, 4980, 5152, 5724, 6545, 6946, 9099, 9614] (22)
[161, 588, 625, 790, 935, 982, 3540, 3757, 3851, 4005, 4137, 4442, 5094, 5432, 7009, 8337, 8342, 9432, 9684] (19)
[728, 866, 1387, 1470, 3337, 3905, 4081, 4723, 5896, 6416, 7358, 7751, 8138, 9095, 9552] (15)
[752, 1285, 1803, 2090, 2358, 3376, 3405, 3906, 6395, 6920, 6924, 8437, 8713, 9139, 9587] (15)
[29, 44, 234, 584, 3907, 4245, 4516, 4656, 4912, 5148, 6222, 6291, 6300, 7091, 7775, 7837, 8924, 9102] (18)
[84, 1063, 1946, 2002, 2215, 2261, 2652, 3014, 3537, 3909, 4685, 4807, 5342, 5876, 5983, 7240, 8777, 8947, 9134] (19)
[496, 770, 1180, 1906, 2029, 2284, 2473, 2699, 3137, 3485, 3671, 3968, 4497, 4512, 4891, 5043, 7581, 7687, 7693, 7888, 7976, 8194, 8492, 8541, 9438] (25)
[37, 149, 797, 1255, 1308, 1685, 1809, 1828, 2329, 2669, 3452, 3791, 3983, 3985, 4651, 4777, 4785, 4898, 5552, 6033, 6307, 6322, 7061, 7696, 8057, 8613, 9241, 9259, 9980] (29)
[343, 929, 1170, 1723, 1758, 1966, 2428, 2654, 2905, 3855, 4033, 4445, 5049, 5329, 5426, 5587, 6948, 7022, 7463, 7612, 7737, 8100, 8106, 9051, 9161, 9820] (26)
[291, 990, 1324, 3093, 3207, 4036, 5023, 5272, 5418, 6488, 6579, 6649, 6830, 7354, 8746, 9129] (16)
[628, 842, 1873, 1991, 2710, 3411, 3476, 4037, 4046, 4860, 5486, 6816, 7987, 8561, 8830, 9335, 9903] (17)
[822, 2164, 3915, 3930, 4065, 5134, 5887, 7245, 7675, 7909, 8381, 8524, 9355, 9439, 9702] (15)
[142, 1615, 2249, 2367, 2371, 2769, 3009, 3274, 3281, 4096, 4120, 4467, 7300, 7520, 7673, 8398, 8618] (17)
[1555, 1635, 1944, 2195, 2573, 2843, 3129, 3285, 3831, 3943, 4100, 5613, 6074, 6129, 7760, 7911, 8077, 8326, 9034, 9593] (20)
[1048, 2010, 2124, 3659, 4102, 4277, 4558, 4762, 6847, 7032, 7149, 7531, 8648, 8805, 9315, 9726] (16)
[105, 945, 1588, 2080, 2583, 2589, 2721, 3234, 3239, 3758, 3767, 4059, 4160, 4391, 5279, 6191, 6202, 6226, 6812, 7196, 7212, 7374, 7476, 7728, 7974, 8016, 8779] (27)
[52, 1183, 1351, 1374, 1659, 2347, 2756, 3109, 3301, 3753, 4162, 6182, 6894, 7710, 7735, 8117, 8289, 9523] (18)
[1232, 1365, 1849, 2676, 3786, 4149, 4192, 4725, 4883, 5803, 5978, 6905, 7098, 8008, 8698] (15)
[607, 988, 1562, 1814, 2608, 3071, 3498, 3700, 4224, 4536, 5186, 5278, 5319, 7564, 7946, 8842] (16)
[459, 711, 1353, 1440, 2125, 2131, 2426, 2515, 2780, 3533, 4225, 4485, 4872, 5224, 6390, 6394, 7058, 7387, 9250, 9363] (20)
[263, 532, 550, 907, 949, 2223, 2554, 2888, 3249, 3349, 3601, 3998, 4226, 4377, 6833, 7047, 7230, 7454, 7814, 8951] (20)
[1498, 1630, 1754, 2260, 2830, 3370, 3467, 3924, 4231, 4524, 4584, 6138, 7003, 7063, 7131, 7227, 7369, 8347, 8480, 8680] (20)
[346, 749, 1797, 2552, 3303, 3746, 3982, 4258, 4765, 5003, 5362, 5871, 7029, 8022, 9059] (15)
[1432, 1911, 2568, 3164, 3699, 3908, 4288, 5562, 5581, 6259, 6480, 7007, 8382, 8787, 9498] (15)
[846, 1163, 1933, 2081, 2092, 2216, 2370, 2959, 3128, 3247, 3468, 4146, 4289, 4413, 4507, 4798, 5113, 5137, 5793, 5990, 6486, 6546, 7065, 7219, 7568, 7611, 7779, 8500, 9501, 9812, 9975] (31)
[353, 3092, 3641, 3666, 3744, 3771, 4352, 4422, 4456, 4776, 5099, 5549, 6617, 7807, 9140, 9357] (16)
[389, 884, 995, 1411, 2874, 3314, 3957, 4047, 4353, 4547, 5457, 5511, 5668, 6584, 7015, 7359, 8258, 9687, 9762, 9833] (20)
[153, 188, 851, 1031, 1054, 1177, 1942, 3172, 3687, 3925, 4354, 4434, 4815, 5197, 5267, 5674, 5718, 6174, 6324, 6875, 7083, 7644, 7895, 8280, 8915, 9430, 9813, 9886] (28)
[173, 184, 562, 684, 959, 1406, 1471, 2236, 3444, 4416, 6054, 6813, 6821, 7448, 7838, 8236, 8525, 9653] (18)
[197, 612, 825, 1311, 1847, 1978, 2787, 3478, 3525, 3694, 3897, 4419, 5976, 6068, 6586, 7191, 7290, 7603, 7707, 9772] (20)
[464, 1505, 1927, 2179, 2211, 2597, 2832, 2949, 3564, 4141, 4480, 5009, 6767, 6779, 9068] (15)
[486, 874, 1046, 1334, 1348, 1836, 2326, 2372, 2431, 2950, 3402, 3702, 4214, 4481, 4555, 4810, 5284, 6165, 6406, 6469, 6653, 6725, 6727, 6961, 7028, 7204, 7683, 7793, 7816, 7868, 8528, 8958, 8965, 9078, 9167, 9361] (36)
[480, 818, 1376, 3002, 3441, 4483, 4909, 5728, 6087, 6452, 7239, 7529, 7898, 8434, 9435, 9913] (16)
[1080, 3421, 4303, 4518, 4894, 5161, 6760, 7375, 7637, 8041, 8187, 8362, 9049, 9777, 9968] (15)
[1, 75, 540, 598, 1710, 2472, 2845, 3738, 3877, 4544, 4877, 5159, 5918, 6886, 8135, 8198] (16)
[227, 521, 1193, 1503, 1779, 2186, 2207, 2913, 2976, 3510, 3688, 3976, 4545, 5390, 5885, 6626, 8664, 8792, 9487, 9697] (20)
[97, 986, 1452, 2586, 3741, 4144, 4185, 4243, 4546, 5656, 5781, 6086, 7201, 7492, 7875, 8556, 8595, 8908, 9513] (19)
[427, 914, 1001, 1300, 2222, 3869, 4478, 4549, 4650, 4659, 6079, 6485, 6570, 8950, 9001] (15)
[160, 1175, 1518, 1826, 2622, 2709, 3202, 4019, 4264, 4370, 4515, 4608, 6414, 7518, 8081] (15)
[533, 856, 885, 887, 1165, 1288, 1665, 2968, 3552, 4494, 4609, 4863, 5107, 5411, 8212, 8399, 9765] (17)
[506, 1718, 1778, 1890, 1902, 2645, 2722, 2776, 2848, 2910, 3148, 3864, 4304, 4486, 4612, 5158, 5290, 6061, 6235, 6236, 6716, 7114, 7238, 7991, 8214, 9725, 9752, 9933] (28)
[113, 541, 591, 724, 1167, 1172, 2798, 2964, 3304, 3800, 3989, 4617, 4854, 5848, 5966, 6240, 7957, 8232, 8683, 9317, 9623, 9743] (22)
[54, 802, 908, 1276, 1788, 3199, 3221, 3484, 3647, 3788, 4570, 4619, 4645, 5015, 5139, 5297, 6435, 8189, 8716, 8973] (20)
[654, 1959, 3390, 3794, 4302, 4642, 5142, 5234, 5322, 5986, 6837, 8238, 8514, 8653, 9846] (15)
[83, 329, 928, 1205, 1321, 1589, 1669, 4097, 4130, 4672, 4957, 6825, 8006, 8295, 8726, 8760, 9805, 9906] (18)
[417, 843, 3577, 4138, 4381, 4673, 4761, 5574, 5737, 6349, 6478, 6738, 6971, 7330, 7624, 8058, 9402] (17)
[1067, 1078, 1337, 1429, 1863, 3000, 3236, 3408, 3740, 4233, 4674, 6457, 6503, 6614, 7226, 7712, 7852, 8237] (18)
[632, 1919, 2737, 2963, 3832, 4476, 4736, 5364, 5526, 6203, 6418, 7171, 7584, 7590, 7979, 8995, 9394] (17)
[380, 568, 1086, 1838, 2234, 3153, 3271, 3384, 4038, 4800, 4968, 5367, 5406, 5571, 6057, 6083, 6747, 7051, 7599, 7777, 7968, 7995, 8501, 8609, 8622, 8959, 9873] (27)
[1150, 3251, 4142, 4653, 4864, 5112, 5427, 5516, 6166, 6843, 7184, 7325, 7725, 7884, 8575, 9109, 9641] (17)
[199, 2519, 2683, 2740, 3955, 4297, 4756, 4865, 5256, 5666, 7064, 7237, 7851, 9211, 9750, 9784, 9852] (17)
[269, 415, 467, 484, 1210, 1834, 2325, 3823, 4080, 4343, 4365, 4867, 5399, 5544, 5602, 5759, 5821, 5903, 6442, 6904, 7176, 7381, 7393, 7474, 8134, 8164, 8231, 8367, 8410, 8693, 9378, 9699, 9745] (33)
[618, 1706, 2150, 2803, 2917, 3063, 3599, 3636, 3743, 3945, 4190, 4874, 5778, 6651, 6934, 7465, 7666, 7798, 8279, 9071, 9226, 9434, 9628, 9710] (24)
[614, 780, 1056, 1160, 2199, 2416, 2489, 2909, 3058, 3086, 3353, 3380, 3933, 4273, 4487, 4595, 4905, 4928, 5040, 6030, 6766, 7188, 9774] (23)
[420, 613, 734, 745, 2047, 2250, 3034, 4446, 4596, 4930, 5710, 5897, 6616, 6745, 7279, 7462, 7753, 7754, 8616, 8630, 8700, 9379, 9630] (23)
[187, 586, 1766, 1862, 1872, 2126, 2163, 3038, 3167, 3385, 3542, 3848, 3959, 4186, 4932, 6372, 6613, 7318, 7439, 7523, 7530, 7781, 7818, 8794, 9079, 9194, 9727] (27)
[139, 248, 673, 1186, 2390, 2746, 3228, 3261, 3751, 3764, 4093, 4213, 4238, 4992, 5765, 6303, 6792, 7177, 7846, 7858, 8540, 9864] (22)
[740, 2376, 4781, 4791, 4855, 4995, 5307, 5601, 5815, 6141, 7044, 7396, 8127, 8818, 8936, 9400] (16)
[251, 298, 307, 317, 333, 806, 1266, 3526, 4715, 4998, 6036, 7129, 7544, 9293, 9313, 9706] (16)
[805, 876, 1124, 1277, 2035, 2252, 2618, 3956, 4287, 5056, 5203, 6103, 6910, 9104, 9800] (15)
[692, 1287, 1861, 2594, 3471, 3852, 3894, 4049, 4106, 4296, 4498, 5059, 5539, 5542, 6040, 6621, 7639, 7896, 8626, 9437] (20)
[1898, 2065, 2555, 4119, 4837, 5060, 5393, 5735, 5872, 6031, 6051, 6374, 6509, 6629, 7794, 8344] (16)
[1235, 1270, 1546, 2898, 3320, 3419, 4058, 4819, 5093, 7122, 8158, 8328, 8401, 8592, 9709] (15)
[140, 543, 813, 1042, 1561, 2127, 2697, 3330, 4163, 4732, 5120, 5788, 6890, 7587, 8061, 8322, 8390, 8465, 8631, 9196, 9214, 9274, 9596] (23)
[1074, 2201, 2576, 3635, 4272, 4350, 5048, 5121, 5722, 5773, 5916, 6524, 7055, 7254, 8620, 9618] (16)
[131, 1159, 1661, 2437, 3010, 3152, 3336, 4362, 5045, 5122, 6052, 6268, 6573, 6661, 7685, 8109, 8902, 9235, 9617] (19)
[368, 1737, 1941, 2364, 2806, 2870, 3789, 5123, 5470, 5874, 5949, 6868, 7166, 7540, 7648, 7892, 8504, 9052, 9542, 9786] (20)
[114, 377, 535, 747, 1639, 1867, 3310, 4709, 5127, 5398, 5767, 5796, 6037, 9468, 9484, 9744] (16)
[837, 1029, 1146, 2691, 3210, 3480, 3662, 3854, 4924, 4956, 5184, 5595, 5865, 6111, 6974, 7386, 8260, 8732, 9229, 9729, 9799] (21)
[478, 756, 794, 2539, 3992, 4209, 4792, 5185, 5240, 5786, 7109, 7233, 7353, 7379, 7643] (15)
[1764, 1786, 1908, 2030, 2140, 2647, 2716, 3725, 4643, 5191, 5263, 6641, 7116, 8285, 8881, 9692] (16)
[665, 670, 2423, 2588, 3222, 3322, 3567, 3883, 4095, 4977, 5223, 8174, 8551, 9044, 9488] (15)
[96, 585, 609, 697, 1342, 1601, 3033, 3424, 4337, 4484, 5233, 5248, 5478, 5618, 7006, 7105, 8137, 8922, 9162, 9930] (20)
[49, 299, 1131, 1593, 1609, 2254, 3252, 3646, 3863, 3952, 4249, 4719, 5249, 6212, 6496, 7422, 7942, 8140, 8282, 9004, 9782] (21)
[619, 736, 772, 1689, 3428, 3726, 4072, 4571, 4893, 5078, 5251, 5738, 6667, 7299, 8668, 9083, 9097] (17)
[463, 608, 1973, 2536, 3081, 3769, 4662, 4923, 4940, 5046, 5312, 5933, 6134, 6317, 6365, 6966, 7731, 8421, 8510] (19)
[81, 170, 2338, 2876, 3068, 3912, 3919, 4202, 5313, 5922, 6045, 6221, 6637, 7075, 7593, 7985, 8163, 8483, 8612, 8619, 8684, 9515] (22)
[735, 1142, 2237, 2694, 2978, 3159, 3553, 3595, 4407, 4808, 5314, 7132, 8255, 8733, 9113, 9570] (16)
[337, 1340, 2021, 2980, 3055, 4717, 5253, 5315, 6237, 7253, 7385, 7758, 8530, 8841, 9848] (15)
[1129, 1226, 1380, 2154, 3570, 3799, 4852, 5375, 5439, 5814, 7036, 7902, 8261, 9328, 9943] (15)
[190, 593, 666, 1837, 3104, 3300, 3660, 3886, 4104, 5376, 5431, 5547, 7249, 7522, 7812, 8047, 8511, 9496] (18)
[104, 1008, 1396, 1765, 2282, 2400, 2958, 4230, 4380, 4457, 5268, 5378, 5510, 6009, 6148, 6501, 6811, 7415, 7859, 8602, 9128, 9181, 9322, 9465, 9895] (25)
[301, 338, 688, 1020, 1880, 2055, 2860, 2867, 3609, 3914, 4075, 4435, 4579, 4961, 5379, 5977, 6056, 7144, 7291, 8234, 8247, 8499, 8574, 8886, 8982, 9185, 9290, 9475, 9504, 9551, 9686, 9771, 9914] (33)
[155, 566, 748, 877, 1230, 1520, 2458, 3070, 3184, 3250, 4199, 4828, 4988, 5384, 5688, 5734, 5804, 5846, 5962, 7142, 7992, 8364, 8740, 9168, 9937, 9972] (26)
[933, 1236, 2503, 2764, 2853, 3275, 3327, 3513, 5410, 6473, 6514, 7583, 8379, 8723, 9050] (15)
[171, 214, 444, 587, 1771, 1860, 2657, 2929, 3168, 3578, 4204, 4941, 5440, 5560, 5565, 5648, 7262, 7339, 7532, 8766, 9115, 9553] (22)
[302, 601, 1083, 2994, 3913, 4261, 4270, 5031, 5443, 5676, 5791, 6352, 7344, 8275, 9033, 9758] (16)
[434, 1100, 1510, 2074, 2422, 2487, 3174, 4305, 4605, 5204, 5446, 5575, 5807, 5980, 6631, 7598, 7659, 7762, 8537, 9902] (20)
[1493, 1595, 1844, 2191, 5287, 5294, 5397, 5452, 5557, 5924, 6069, 6176, 6192, 6426, 7827, 8371] (16)
[827, 2190, 3284, 4981, 5324, 5425, 5480, 6126, 6585, 6893, 6965, 7405, 9002, 9681, 9901] (15)
[371, 2920, 3115, 3583, 3873, 4326, 4520, 5504, 6038, 6375, 6660, 6925, 8011, 8433, 8949, 9585] (16)
[244, 1393, 1439, 1450, 1762, 2393, 2511, 4591, 4681, 5507, 6112, 6119, 7649, 8589, 8850, 9130, 9207, 9245, 9491] (19)
[58, 645, 864, 1517, 2103, 2391, 2410, 3418, 4187, 4623, 4688, 4796, 5508, 6023, 6245, 7610, 7776, 8007, 8975, 8979, 9055, 9460] (22)
[370, 917, 1395, 1559, 1926, 2851, 2985, 3087, 5509, 6599, 8101, 8809, 9265, 9385, 9554, 9912] (16)
[438, 520, 1225, 2459, 2462, 2875, 4126, 4432, 4493, 4950, 5434, 5512, 6171, 7005, 7220, 8755] (16)
[107, 1247, 1874, 3544, 4069, 4116, 4322, 4473, 4826, 5515, 6635, 7024, 7059, 7329, 7667, 8788, 8883, 9757] (18)
[1545, 1800, 1811, 2346, 3338, 3481, 3717, 5036, 5570, 5681, 5928, 6424, 6535, 6681, 6694, 7560, 8040, 8092, 8598, 9976] (20)
[19, 519, 553, 1502, 2068, 2817, 2842, 3357, 3406, 3588, 3815, 3822, 4006, 4409, 4598, 4758, 5168, 5187, 5632, 5774, 6261, 6370, 6386, 6465, 6679, 6723, 7420, 7657, 7934, 8025, 8221, 8458, 8634, 8929, 9792, 9814, 9900] (37)
[1581, 3665, 3978, 4228, 5633, 5811, 5998, 6149, 6170, 6275, 7268, 7515, 8208, 8473, 9819] (15)
[1075, 1855, 1895, 2712, 4441, 4533, 4564, 5634, 5659, 5818, 6178, 6413, 6494, 7346, 7355, 9629] (16)
[1127, 1453, 1516, 1573, 2147, 4076, 4831, 5054, 5638, 5649, 5727, 6634, 6882, 7730, 7792, 7947, 9621] (17)
[67, 707, 1123, 1209, 3637, 4417, 4875, 5347, 5696, 5989, 6722, 6956, 7285, 8376, 9159, 9988] (16)
[455, 970, 1099, 1469, 1865, 1955, 4007, 4018, 4278, 5277, 5421, 5698, 7739, 8785, 8930, 9690, 9823] (17)
[920, 1356, 2008, 2738, 2804, 3994, 4458, 5066, 5519, 5617, 5705, 6732, 6802, 6995, 9680] (15)
[331, 477, 569, 904, 2481, 3198, 3539, 5353, 5725, 6411, 6744, 7062, 8654, 9675, 9691] (15)
[2516, 2548, 3966, 4307, 4542, 4578, 5729, 6186, 6463, 6773, 6899, 9304, 9564, 9571, 9802] (15)
[2275, 2353, 2550, 3212, 3479, 3562, 4793, 4896, 5298, 5740, 5760, 6124, 6705, 8308, 8974] (15)
[141, 761, 2439, 2566, 3098, 3790, 5394, 5762, 6462, 7327, 7586, 7742, 8585, 8771, 9372, 9770] (16)
[559, 911, 1004, 2593, 2732, 2956, 3028, 3231, 3765, 3826, 4611, 5763, 6690, 7669, 7736, 8839, 9084] (17)
[809, 1197, 1975, 3333, 3569, 5764, 5776, 6638, 6712, 6780, 7182, 7672, 8090, 8264, 8923] (15)
[1126, 1670, 2429, 2655, 2666, 3689, 4316, 5001, 5135, 5794, 6761, 7927, 8314, 8452, 9716] (15)
[137, 1110, 2187, 2578, 3462, 4892, 4921, 5888, 6305, 6654, 7601, 7829, 8023, 9310, 9483] (15)
[376, 1045, 1257, 1526, 1950, 2323, 2334, 2705, 2731, 3728, 4450, 5349, 5900, 5938, 6010, 8666, 8933, 9334, 9560, 9849] (20)
[655, 737, 1096, 1563, 1774, 1868, 3439, 5069, 5650, 5863, 5923, 5955, 5959, 6842, 7111, 7478, 7547, 8248, 8715, 9414, 9635] (21)
[426, 1065, 1621, 2283, 2763, 3387, 3427, 3496, 3892, 4670, 4955, 5564, 5956, 6316, 6329, 6588, 7647, 8597, 8614, 8925, 9916] (21)
[848, 2132, 2363, 2680, 4150, 4666, 5285, 5348, 5420, 5469, 5471, 5961, 6047, 7099, 8241, 8470, 8489, 8604, 9277, 9370] (20)
[811, 1313, 2483, 2713, 3520, 4795, 5270, 6011, 6016, 6517, 6883, 7314, 9151, 9915, 9918] (15)
[30, 915, 1319, 1560, 2063, 2175, 2443, 3001, 4108, 4847, 5558, 5744, 6022, 6393, 6454, 7697, 8477, 8752, 8874, 8946, 9105, 9982] (22)
[342, 391, 575, 579, 804, 3110, 3136, 3365, 3563, 4682, 5339, 5473, 6080, 6313, 8780, 9010, 9032, 9909] (18)
[652, 699, 1012, 1751, 1806, 1879, 2107, 2886, 3404, 3778, 3980, 4470, 5133, 5642, 5970, 6081, 9412] (17)
[1575, 2532, 2600, 3680, 3853, 4640, 4937, 5160, 5170, 5670, 5672, 6021, 6082, 6207, 6610, 8494, 8675, 9511] (18)
[178, 638, 1637, 4088, 5260, 5276, 6115, 6353, 6678, 7150, 8045, 9017, 9092, 9573, 9993] (15)
[277, 639, 1221, 2340, 2349, 2656, 2748, 4090, 4392, 4822, 5433, 5723, 5992, 6144, 6436, 7505, 7519, 8243] (18)
[92, 316, 868, 2366, 3975, 4196, 4726, 4784, 5455, 6146, 6453, 7606, 7724, 7763, 7901, 8184, 9190, 9616] (18)
[844, 1253, 1532, 1782, 1914, 3091, 3191, 3981, 4382, 4541, 4686, 5483, 6153, 7706, 7978, 8424, 8566, 9516, 9580] (19)
[43, 664, 951, 1174, 1475, 1815, 2604, 3218, 3834, 4747, 5301, 5543, 5561, 5743, 6209, 6330, 8558, 8718] (18)
[283, 404, 660, 1014, 2847, 3734, 4103, 4528, 4900, 5719, 5853, 6177, 6211, 6479, 7334, 7511, 7771, 8895, 8993, 9528, 9963] (21)
[378, 681, 1822, 1915, 2007, 2667, 3838, 5084, 5643, 5783, 6216, 8217, 8418, 9292, 9717, 9822] (16)
[31, 109, 1652, 4094, 4154, 5118, 5475, 5612, 5898, 6272, 7622, 7663, 8508, 9000, 9613] (15)
[560, 719, 1305, 1789, 1816, 3220, 3842, 4008, 4433, 4931, 5317, 5583, 5904, 6273, 6839, 8001, 8207, 8220, 8281, 8327, 9739] (21)
[2096, 2264, 3719, 5214, 5474, 6116, 6336, 6612, 7180, 7438, 7486, 7582, 7585, 7847, 7966, 8384, 8658, 8912, 9268, 9406] (20)
[634, 682, 1381, 1388, 1524, 1656, 1692, 1920, 1937, 2446, 2933, 2982, 3182, 3401, 4082, 4268, 4768, 4839, 4870, 5088, 5154, 5262, 5615, 6000, 6400, 6540, 6907, 7266, 7280, 7549, 8222, 8679, 8845, 9232, 9664, 9954] (36)
[1437, 1775, 2041, 2914, 3103, 3352, 4631, 5221, 5358, 5635, 6402, 6717, 7404, 7487, 7720, 7811, 8172, 8359, 9106, 9246, 9955] (21)
[245, 1017, 1897, 2768, 3795, 5594, 6403, 6699, 6939, 7429, 7443, 7679, 7933, 8868, 9064] (15)
[461, 786, 2253, 2572, 3546, 3818, 4168, 5296, 5841, 5875, 6107, 6464, 6754, 7356, 7890, 8389, 9244] (17)
[443, 690, 732, 2619, 2633, 5360, 5502, 5941, 6100, 6472, 6891, 7273, 7347, 7989, 8020] (15)
[994, 1741, 2403, 3118, 4743, 5662, 6351, 6373, 6528, 6844, 6993, 8053, 8372, 8397, 8914, 8927, 9195] (17)
[803, 1455, 1574, 1846, 2829, 4880, 5101, 5355, 5680, 6531, 6798, 6918, 6929, 7676, 7828, 8300, 8454, 9124] (18)
[594, 733, 1508, 2018, 2684, 3048, 3156, 3488, 3759, 4247, 4339, 5011, 5334, 6162, 6230, 6533, 6770, 6866, 7705, 9320, 9352, 9362, 9449] (23)
[332, 515, 977, 1773, 1817, 2313, 2406, 2790, 2916, 4060, 4577, 5605, 6592, 8523, 9323, 9341] (16)
[826, 937, 2088, 2106, 4027, 4031, 4714, 5207, 6041, 6071, 6132, 6220, 6323, 6415, 6595, 8085, 9251] (17)
[28, 34, 462, 1591, 1818, 2327, 2357, 2773, 2923, 3119, 5063, 5282, 5328, 5415, 6596, 6688, 6808, 7972, 8890] (19)
[385, 522, 683, 832, 1003, 1140, 1614, 2173, 2936, 2993, 3211, 4369, 6252, 6593, 6656, 8563, 9836] (17)
[27, 966, 1547, 1671, 1688, 2212, 3085, 3346, 4115, 4401, 4597, 4786, 5181, 5995, 6445, 6657, 7008, 7433, 7533, 8711, 8844, 9145, 9264, 9371] (24)
[685, 867, 2156, 2719, 2918, 3193, 3934, 4983, 5250, 5769, 6658, 7914, 9240, 9263, 9868, 9969] (16)
[250, 1194, 1912, 3415, 3561, 3993, 4393, 4750, 5484, 6139, 6659, 7031, 7668, 8570, 8938, 9270] (16)
[17, 271, 701, 968, 1310, 1633, 2228, 4301, 4534, 5533, 5741, 6314, 6527, 6543, 6662, 6931, 6932, 6933, 6947, 7000, 7445, 7539, 7993, 8233, 8587, 8888, 9007, 9143, 9327, 9431, 9899] (31)
[231, 787, 1514, 1877, 2026, 2871, 3039, 3610, 4158, 4215, 4848, 6122, 6664, 7207, 8660, 8852, 9388] (17)
[2915, 3857, 3979, 4140, 4671, 5338, 5631, 6666, 7602, 7825, 7897, 7900, 8472, 9499, 9566, 9917] (16)
[1250, 2243, 2540, 3368, 3532, 4439, 5855, 5975, 6600, 6720, 7198, 8293, 8678, 8864, 9045, 9076, 9187] (17)
[26, 35, 208, 816, 1729, 1934, 1979, 3242, 3667, 3870, 3990, 4550, 5939, 6721, 8338, 9507, 9639, 9844, 9867] (19)
[25, 398, 1717, 2133, 3400, 3787, 4180, 4454, 4771, 5464, 6474, 6687, 6724, 6949, 7855, 8110, 8996] (17)
[387, 676, 1033, 3440, 5492, 6437, 6446, 6784, 7786, 7822, 7913, 8242, 8559, 8813, 9215, 9970] (16)
[526, 596, 710, 955, 1491, 2762, 2765, 4462, 6367, 6764, 6785, 7159, 8518, 9826, 9842] (15)
[336, 530, 938, 1570, 2046, 2475, 3996, 5145, 5828, 6046, 6247, 6786, 7089, 7956, 9202, 9336] (16)
[980, 1390, 1477, 3007, 3704, 4850, 5685, 6012, 6260, 6294, 6848, 6935, 7784, 8820, 9741] (15)
[147, 503, 964, 1371, 2745, 3843, 4263, 5083, 6156, 6752, 6850, 7815, 7817, 8356, 8825, 9720, 9724, 9983] (18)
[1359, 1881, 2474, 2642, 2771, 2865, 3245, 4329, 4858, 4991, 6194, 6576, 6753, 6852, 6975, 6990, 7570, 7923, 7977, 8534, 8808, 9299, 9609, 9807] (24)
[73, 264, 536, 671, 1233, 2890, 2900, 3395, 4857, 6912, 7618, 7999, 8533, 9703, 9857] (15)
[20, 169, 220, 490, 2053, 2360, 2649, 3101, 3224, 3811, 5880, 6913, 7138, 7470, 9708, 9763] (16)
[775, 788, 1084, 1343, 1625, 1769, 2083, 2297, 2409, 2542, 2598, 2858, 3054, 3135, 3311, 3703, 4340, 4580, 5636, 6200, 6409, 6914, 7160, 7270, 7459, 8954, 9060, 9269, 9669, 9733, 9748, 9804, 9815] (33)
[351, 527, 820, 3422, 3762, 4062, 4716, 5136, 6726, 6916, 7496, 8059, 8549, 8633, 9981] (15)
[1161, 1389, 2303, 4344, 4566, 6015, 6263, 6292, 6357, 6622, 6978, 7464, 7655, 7694, 7894, 8148, 8807, 9632, 9874] (19)
[1544, 1964, 3505, 3524, 3763, 5343, 5529, 5997, 6288, 6447, 6797, 7011, 7307, 7732, 8469] (15)
[103, 143, 189, 796, 871, 1061, 1640, 2262, 2411, 2724, 3506, 5034, 5306, 5518, 6677, 7040, 7077, 8422, 8636, 8750] (20)
[1542, 2534, 2570, 2777, 3042, 3178, 4844, 5847, 6251, 6928, 7046, 7836, 8568, 8681, 9111, 9510] (16)
[798, 1727, 1980, 2089, 2464, 3154, 3397, 3445, 3876, 3940, 4737, 6271, 6983, 7104, 7575, 7843, 8144, 9039, 9548, 9643, 9751] (21)
[22, 1894, 3187, 4175, 4706, 4731, 5331, 5750, 5859, 6026, 6591, 6743, 6869, 7106, 9527] (15)
[883, 1448, 1587, 2872, 3243, 3554, 3780, 4210, 4680, 5209, 6580, 7107, 7887, 9074, 9776, 9911] (16)
[679, 751, 1244, 1909, 2698, 3196, 3216, 3679, 4324, 6489, 7136, 7469, 7537, 8542, 9057] (15)
[174, 511, 623, 1030, 1613, 1721, 2115, 2592, 2836, 2938, 3503, 3768, 4020, 4330, 4664, 4665, 4804, 4903, 5568, 5917, 6105, 6601, 7168, 7305, 7467, 8014, 8505, 8643, 9137, 9594] (30)
[345, 1485, 2544, 3497, 3628, 4739, 5622, 5944, 6050, 6089, 6980, 7169, 8301, 8441, 8876] (15)
[565, 771, 1648, 2159, 3053, 3836, 3931, 4039, 4363, 4639, 5711, 5836, 7170, 8531, 9333] (15)
[344, 375, 3425, 3536, 3565, 4423, 4613, 4741, 4770, 5109, 5972, 6077, 6181, 6870, 6909, 7172, 7257, 7292, 7341, 7409, 7534, 7891, 7940, 9199, 9586, 9705, 9865] (27)
[327, 432, 537, 984, 1082, 2758, 2869, 3538, 3766, 4271, 5445, 6347, 7232, 7912, 8380, 8897, 8906, 9138, 9200] (19)
[1501, 2545, 2797, 3037, 3150, 4323, 5466, 5489, 6228, 7117, 7234, 7869, 8036, 8831, 9934, 9959] (16)
[63, 69, 1274, 1420, 1742, 2146, 2791, 2908, 5216, 5700, 6921, 7152, 7289, 7788, 7929, 8352, 8506, 8673, 9929, 9956] (20)
[495, 653, 1642, 3896, 4404, 4604, 4746, 5892, 6090, 6672, 7085, 7092, 7296, 7695, 7824, 7997, 8887, 9359, 9579, 9590] (20)
[1530, 2528, 3846, 5220, 5491, 5772, 6130, 6284, 6399, 7282, 7297, 7331, 8149, 9212, 9223, 9358] (16)
[502, 850, 1553, 1752, 1967, 2287, 3813, 4823, 6123, 6302, 6321, 7312, 8038, 8432, 9174, 9305] (16)
[325, 1486, 1533, 2198, 2646, 2796, 3123, 3576, 5193, 5703, 5851, 6607, 6650, 6674, 7360, 7656, 7789, 8165, 8778, 9063] (20)
[1006, 2214, 2436, 4028, 4034, 4359, 4614, 4790, 5311, 5782, 6346, 7361, 7428, 8991, 9107, 9275, 9391] (17)
[99, 347, 893, 975, 2174, 2395, 2757, 3455, 4055, 4453, 5906, 5909, 6749, 6759, 7362, 7365, 8010, 8157, 8200, 9605] (20)
[1109, 1998, 1999, 2208, 2492, 3060, 3183, 3277, 3489, 3650, 5289, 5538, 6569, 7424, 7538, 7617, 7803, 8751, 9482] (19)
[12, 45, 297, 573, 675, 870, 1196, 1740, 1805, 2193, 2219, 2361, 3396, 3622, 5377, 5689, 6710, 6988, 7235, 7425, 8354, 8387, 8479, 8998, 9061, 9119, 9260] (27)
[1039, 2322, 3386, 3493, 3991, 4251, 4356, 4360, 4751, 5640, 7194, 7426, 7704, 8196, 8453, 8857] (16)
[518, 546, 648, 773, 1072, 1961, 2440, 2466, 3999, 4429, 5521, 6306, 7427, 7556, 8639, 9595, 9796] (17)
[164, 272, 315, 1189, 1970, 2034, 2094, 2717, 3403, 4306, 4561, 5162, 7434, 7831, 8119, 8202, 8812, 9677] (18)
[1190, 1273, 1956, 2355, 5275, 5354, 5442, 5911, 6530, 6888, 6892, 7456, 7981, 9490, 9711] (15)
[497, 627, 1103, 2020, 2036, 2129, 2924, 3825, 4169, 4183, 4403, 5456, 6497, 7488, 7867, 8160, 8193, 8688, 9536, 9663] (20)
[247, 323, 1347, 1810, 1962, 2951, 2998, 4663, 6299, 6438, 6807, 7068, 7489, 8002, 8605, 8774, 9230] (17)
[127, 488, 926, 1192, 1398, 1755, 1823, 1824, 2352, 3258, 3473, 4477, 5517, 5713, 5920, 7124, 7154, 7203, 7491, 7718, 7764, 8111, 8227, 8366, 9529, 9698, 9907] (27)
[157, 201, 1087, 1201, 1511, 1684, 1951, 3882, 3890, 4283, 4890, 6190, 6217, 6682, 6693, 7497, 9891] (17)
[191, 249, 1245, 1792, 1994, 2835, 2883, 2973, 4221, 7130, 7552, 8945, 8966, 9421, 9964] (15)
[693, 702, 1079, 3358, 3366, 3625, 4319, 5153, 6451, 6571, 6814, 7619, 7899, 8141, 8145, 8159, 8244, 8527, 8776] (19)
[482, 1102, 2138, 2210, 2471, 3362, 5709, 5799, 6064, 7377, 7614, 7623, 7722, 8102, 8351, 8471, 8601, 9254] (18)
[2399, 2726, 2891, 2902, 4775, 5444, 5691, 5795, 5800, 6505, 7229, 7536, 7677, 9541, 9947] (15)
[394, 668, 899, 1284, 1543, 1852, 2442, 2567, 3458, 4085, 4105, 4257, 4918, 5274, 5305, 5808, 6175, 6296, 6427, 6926, 7167, 7335, 7508, 7680, 8030, 8226, 8365, 8482, 8899, 9089, 9210, 9393] (32)
[1261, 1298, 2280, 2782, 3201, 3501, 4459, 4711, 5295, 5603, 6164, 6864, 7306, 7507, 7681, 8642] (16)
[552, 615, 1271, 1383, 1748, 3607, 3796, 3903, 4986, 5589, 5873, 7682, 7826, 8074, 8318, 8373] (16)
[472, 2324, 2639, 2943, 3413, 5582, 5653, 5657, 5868, 6297, 7501, 7686, 8037, 8330, 8583, 9103, 9767, 9854] (18)
[308, 678, 1117, 1181, 3069, 3727, 4748, 5141, 5523, 5663, 6308, 6443, 6583, 7688, 8507, 8840, 9175, 9615] (18)
[2109, 2906, 3006, 3292, 3512, 4772, 5073, 5172, 5837, 6955, 7690, 7952, 8142, 9118, 9583, 9638, 9660] (17)
[572, 582, 708, 1619, 2105, 2137, 3929, 4021, 4655, 5035, 5038, 5182, 5465, 7125, 7298, 7370, 7744, 7863, 9337, 9518] (20)
[284, 1010, 1122, 1134, 1325, 1993, 2386, 2660, 3024, 3175, 4805, 4951, 4975, 5753, 6158, 7001, 7745, 8024, 8481, 8521, 9939] (21)
[61, 452, 1091, 1691, 2294, 2612, 2788, 3629, 5588, 6188, 6210, 6280, 7366, 7746, 9278, 9284] (16)
[595, 1220, 1722, 1845, 2480, 2864, 2911, 3270, 3752, 5177, 5599, 5854, 6218, 6439, 7747, 8049, 8126] (17)
[564, 704, 965, 1028, 1820, 2114, 4332, 4827, 5831, 6109, 7165, 7513, 7808, 9123, 9670] (15)
[223, 1069, 1412, 1519, 1929, 2379, 4174, 4313, 4335, 6526, 7037, 7809, 8891, 9582, 9843] (15)
[714, 1040, 1289, 2359, 2500, 2665, 2827, 2957, 4165, 4253, 4269, 4275, 4491, 4610, 4886, 4897, 6708, 6809, 7012, 7043, 7054, 7810, 8797, 8889, 9413, 9493] (26)
[10, 807, 931, 1013, 1446, 1677, 1697, 2069, 2507, 3623, 3674, 4755, 5387, 5417, 5958, 6309, 6979, 7741, 7872, 9213] (20)
[1095, 3027, 3256, 3792, 5202, 5893, 6172, 7384, 7580, 7632, 7874, 8416, 9198, 9559, 9700, 9753] (16)
[606, 998, 1051, 1382, 2596, 3306, 4773, 5754, 6824, 7069, 7447, 7738, 7885, 7986, 8093, 8806, 8870, 9135, 9381, 9495] (20)
[165, 292, 703, 987, 1195, 1525, 1586, 1651, 1695, 1801, 2095, 2100, 2584, 2802, 2849, 4254, 4290, 4325, 4602, 5623, 5850, 6977, 7326, 7363, 7840, 7937, 8107, 8190, 8306, 8968, 9019, 9532] (32)
[200, 260, 294, 408, 545, 1576, 1612, 2302, 2760, 2786, 2857, 2897, 2983, 3025, 3920, 4112, 4479, 4679, 5057, 5080, 5414, 5678, 5742, 6378, 6458, 6849, 6941, 7715, 7939, 7960, 9545, 9859] (32)
[474, 491, 621, 2148, 4197, 4603, 5566, 5758, 6902, 7082, 7514, 7743, 7893, 7954, 8826, 9312] (16)
[1424, 1464, 4803, 5017, 5257, 5669, 5697, 6295, 6704, 8000, 8003, 8739, 8821, 9148, 9555, 9742] (16)
[741, 1459, 1554, 2465, 2611, 3161, 3226, 3372, 3487, 3494, 3819, 5651, 5817, 5931, 7502, 7996, 8005, 8268] (18)
[433, 489, 1891, 2383, 3323, 3375, 3722, 4917, 4999, 5569, 6279, 6675, 7340, 8064, 8879, 9778, 9779] (17)
[406, 727, 999, 1949, 1989, 2064, 3332, 3880, 5686, 5926, 6429, 7333, 8065, 8250, 9540, 9575] (16)
[205, 523, 730, 1021, 1870, 1875, 2834, 4970, 6097, 6233, 6500, 8067, 8415, 8628, 8917, 9201, 9654] (17)
[18, 213, 275, 369, 411, 700, 1467, 1571, 2328, 2685, 3195, 5258, 7446, 7692, 8072, 9237, 9497] (17)
[1198, 1223, 1585, 1707, 2510, 2599, 4122, 4161, 4188, 4260, 4376, 8097, 8484, 9650, 9892] (15)
[590, 785, 1130, 2004, 2703, 2879, 3173, 3859, 4452, 4586, 4636, 5210, 5889, 7615, 7660, 7761, 8128, 9036, 9561] (19)
[324, 1478, 1835, 1851, 1883, 2286, 2767, 3523, 4044, 4624, 4934, 5318, 7267, 8129, 8155, 8211, 8885] (17)
[288, 416, 1224, 1317, 1460, 1858, 2401, 2884, 3106, 3194, 5927, 6459, 7277, 7841, 7865, 7944, 8130, 8345, 8610, 9096, 9209] (21)
[55, 453, 603, 1173, 1267, 2752, 3163, 4298, 4565, 5106, 5356, 8192, 9016, 9285, 9961] (15)
[1839, 2160, 2580, 2800, 3280, 3318, 5402, 5715, 6582, 7067, 8197, 8493, 9326, 9481, 9936] (15)
[1332, 2006, 2266, 3254, 3899, 5167, 5751, 5862, 6062, 6204, 6377, 6448, 6493, 8213, 8624, 9021, 9599] (17)
[923, 1081, 1907, 2272, 3961, 4054, 4284, 4801, 4846, 5597, 7345, 8028, 8256, 8370, 8393, 8543, 9289] (17)
[274, 1188, 1385, 1403, 1882, 2076, 2412, 3214, 3729, 5006, 5834, 6550, 6879, 7576, 7691, 7886, 8169, 8265, 8657, 8828, 8873, 9009, 9462] (23)
[40, 367, 396, 1162, 1272, 1972, 2316, 3515, 3590, 4074, 4083, 6304, 6425, 6567, 7173, 8320] (16)
[108, 225, 1176, 1314, 2011, 3102, 3165, 4574, 4766, 6147, 7157, 7950, 8321, 8426, 8438] (15)
[972, 1011, 1397, 2939, 3580, 4861, 5463, 6420, 6516, 7453, 7573, 7928, 8329, 8462, 9425] (15)
[57, 198, 840, 950, 1556, 1831, 2005, 2276, 2512, 3269, 3381, 3706, 4379, 4530, 5451, 5969, 6060, 6184, 6189, 6383, 6553, 6620, 6915, 8263, 8355, 8385, 8724, 8858, 9247, 9520] (30)
[9, 311, 383, 1402, 1451, 2682, 3074, 3361, 3367, 4760, 5380, 5537, 5555, 5784, 5925, 6362, 6936, 7591, 7698, 8448, 8704, 8835, 9091, 9655, 9730, 9791] (26)
[203, 991, 1164, 1234, 2248, 2382, 2522, 4136, 4563, 4812, 6360, 7652, 7881, 8451, 8459] (15)
[125, 829, 1335, 1384, 2486, 4004, 4009, 4513, 5525, 6243, 6348, 7073, 8239, 8460, 8564, 8932, 9701] (17)
[1116, 1608, 1646, 1892, 1917, 2044, 2342, 2467, 3248, 3519, 4412, 4431, 4843, 5074, 6557, 7607, 7714, 8259, 8358, 8512, 9283, 9442, 9882, 9940] (24)
[355, 758, 1405, 1702, 2157, 2538, 4881, 5130, 5771, 5826, 5991, 7271, 7545, 7558, 8046, 8167, 8513, 9364, 9366, 9761, 9788, 9845] (22)
[657, 855, 865, 1214, 1799, 1859, 1869, 1987, 2091, 2903, 3508, 3675, 4649, 6560, 7016, 7276, 7629, 8515, 8901, 9885] (20)
[265, 381, 1241, 1749, 2143, 2192, 4193, 4276, 4702, 6108, 6777, 8156, 8274, 8360, 8516, 9997] (16)
[16, 46, 399, 782, 1974, 2087, 2122, 2172, 2317, 2574, 3114, 3345, 3486, 3685, 3917, 3977, 4428, 4628, 5005, 5652, 6325, 6589, 7078, 7128, 7578, 8333, 8517, 8550] (28)
[1119, 2820, 3619, 4068, 5061, 5404, 5479, 5654, 5856, 5895, 6020, 7017, 7903, 7975, 8544] (15)
[38, 663, 905, 1018, 1168, 1449, 1660, 3205, 5147, 5766, 5914, 5936, 6962, 7854, 8546] (15)
[473, 943, 1357, 3062, 3067, 3157, 3219, 3259, 4430, 4573, 4830, 5050, 5183, 5206, 8567] (15)
[641, 721, 1053, 1644, 1887, 2255, 3779, 4436, 4444, 4929, 5064, 5598, 5860, 6997, 7164, 7521, 8033, 8052, 8391, 8576, 8796, 9082, 9546, 9795] (24)
[193, 514, 2614, 2861, 3099, 3383, 3560, 3598, 4331, 8076, 8377, 8577, 8869, 9329, 9367] (15)
[1512, 1756, 3029, 3663, 4223, 5150, 5205, 5963, 6733, 6782, 7651, 7729, 7759, 8185, 8548, 8578, 8939, 9072, 9301, 9453, 9707, 9862, 9948] (23)
[94, 373, 1055, 2525, 2887, 3801, 4235, 5020, 5910, 7090, 8404, 8608, 9296, 9302, 9466] (15)
[597, 651, 2671, 3049, 3324, 3784, 4451, 4700, 4745, 5842, 6131, 6471, 6602, 6751, 6756, 7049, 7244, 7303, 8136, 8640, 8709, 8860, 9423] (23)
[454, 1620, 1693, 1739, 1745, 3845, 3861, 4029, 5625, 5629, 7019, 7408, 8288, 8600, 8641, 8800, 9622, 9768] (18)
[310, 767, 1853, 3514, 3923, 4556, 4560, 4833, 5190, 5244, 5460, 5816, 5971, 6734, 6769, 6984, 7178, 7281, 7634, 8646, 9781, 9810] (22)
[221, 953, 1372, 2613, 2734, 3530, 3613, 4145, 4511, 5192, 5567, 5929, 6431, 6845, 7709, 8647, 9759] (17)
[1597, 1983, 2056, 2638, 3084, 3213, 3276, 3774, 4943, 6384, 6605, 7917, 8170, 8672, 9307] (15)
[1026, 3047, 3394, 3436, 5639, 5839, 5845, 6506, 8257, 8392, 8705, 9410, 9543, 9818, 9932] (15)
[888, 1331, 1578, 2420, 3176, 3296, 4053, 5459, 5477, 6522, 6625, 7813, 7906, 8071, 8645, 8706, 8957, 8970, 9225, 9356, 9368, 9441, 9688] (23)
[259, 1885, 2117, 3313, 3677, 5032, 6014, 6606, 6817, 6996, 7421, 7922, 8027, 8319, 8539, 8707, 9294, 9295, 9309] (19)
[766, 969, 1059, 1254, 1569, 1790, 2590, 4317, 4384, 4625, 4757, 5485, 5852, 6001, 6563, 7805, 8708, 9234] (18)
[229, 892, 909, 930, 1341, 2844, 3499, 3995, 4078, 5021, 6572, 7451, 8331, 8349, 8712, 9022, 9100, 9530, 9999] (19)
[580, 696, 957, 2863, 3639, 4372, 4882, 5117, 5628, 5687, 5877, 6778, 7830, 7904, 8584, 8768, 9651, 9747, 9889] (19)
[1599, 2504, 3132, 3266, 3517, 4421, 4952, 5180, 5215, 5441, 5827, 6986, 7155, 7635, 8296, 8769, 9452, 9967] (18)
[86, 334, 3160, 3347, 4616, 4933, 5385, 5736, 5748, 5964, 6547, 6881, 8832, 9238, 9348, 9880] (16)
[144, 669, 880, 958, 1931, 3997, 4348, 4704, 4738, 5067, 5096, 5232, 5423, 5482, 6027, 6515, 6577, 6818, 7139, 7274, 7328, 8088, 8195, 8292, 8466, 8833, 9870] (27)
[859, 3389, 3715, 4635, 4683, 5620, 5626, 6423, 6646, 6872, 7185, 8012, 8246, 8317, 8834, 9382, 9584, 9876] (18)
[335, 717, 962, 978, 1492, 2530, 2754, 3911, 3971, 4179, 4976, 5840, 7041, 8294, 8388, 8896, 9565] (17)
[828, 1461, 3669, 3887, 3942, 4538, 4588, 4811, 4876, 6968, 7241, 7509, 8759, 8875, 8903, 9136, 9723] (17)
[237, 1251, 2013, 3180, 3185, 3329, 4172, 4184, 5085, 5091, 6356, 7380, 7941, 8084, 8960, 9502] (16)
[167, 524, 1157, 1366, 2499, 2761, 4240, 5175, 5327, 6133, 7294, 7310, 8409, 8754, 8892, 8963] (16)
[642, 1772, 2433, 2783, 2868, 3013, 3294, 3708, 3803, 4063, 4308, 4884, 8802, 9024, 9872] (15)
[60, 1720, 2454, 3260, 4043, 4346, 4787, 5341, 5563, 5985, 6076, 6338, 6450, 6481, 6575, 7472, 7506, 8176, 8420, 8665, 8761, 8822, 9025, 9297, 9829] (25)
[458, 1564, 2279, 2831, 3371, 3572, 4056, 4176, 4729, 4816, 5065, 5217, 5247, 6285, 7293, 8773, 8916, 8934, 9026] (19)
[135, 583, 592, 853, 1036, 1206, 2354, 2387, 2992, 3078, 3668, 4052, 4295, 5501, 7246, 8467, 9028, 9549] (18)
[65, 146, 238, 1262, 2321, 3492, 4499, 5018, 5019, 5869, 6059, 6552, 6900, 7193, 7228, 7802, 8307, 8717, 9088, 9369, 9390] (21)
[235, 312, 960, 1094, 1339, 1346, 1598, 1733, 2425, 2537, 2546, 2707, 2813, 2819, 3012, 3655, 3730, 4041, 4101, 4440, 4829, 4969, 5104, 5119, 5293, 5300, 5792, 5806, 5824, 5829, 6106, 6281, 6363, 6880, 7401, 7413, 7535, 7640, 7834, 7864, 8230, 8692, 9020, 9090, 9737, 9941] (46)
[392, 895, 1401, 2028, 2730, 3090, 3209, 4017, 5559, 5600, 5745, 6075, 6618, 6775, 7309, 7441, 7767, 7915, 8304, 9093, 9316, 9693, 9828, 9830] (24)
[889, 1050, 1279, 1434, 1618, 2840, 3507, 3736, 6006, 6663, 8021, 8080, 8272, 8747, 9031, 9094] (16)
[202, 1200, 1436, 3432, 3483, 3866, 4189, 4206, 4406, 5942, 6969, 7248, 7416, 7444, 7499, 8341, 8357, 9098, 9429] (19)
[236, 3984, 4482, 4989, 5111, 5166, 5500, 6120, 6401, 6417, 7406, 7557, 7967, 9120, 9756] (15)
[357, 1529, 2942, 3339, 3960, 5125, 5498, 5789, 5907, 6851, 6959, 7112, 7126, 9152, 9607, 9908] (16)
[1111, 1864, 2999, 3018, 3127, 4030, 4698, 5309, 5714, 8118, 8590, 8847, 8856, 9029, 9154] (15)
[196, 466, 739, 1151, 1354, 3290, 3407, 3756, 3783, 4821, 5196, 6772, 6806, 7430, 7642, 8741, 9155, 9249, 9420, 9642, 9878] (21)
[622, 1369, 1968, 3377, 4599, 6110, 7604, 7932, 8063, 8824, 8920, 9160, 9169, 9192, 9291] (15)
[647, 961, 1732, 1871, 1888, 1913, 2375, 2595, 2744, 3289, 3807, 3927, 4170, 4280, 5163, 7845, 8988, 9216, 9656] (19)
[1463, 3064, 4492, 4982, 4993, 5146, 5389, 5870, 6293, 7926, 8051, 8944, 9217, 9219, 9591] (15)
[172, 285, 551, 1320, 3885, 4390, 4504, 4727, 5004, 5369, 8297, 8937, 8989, 9218, 9426] (15)
[397, 445, 661, 1550, 3737, 5695, 5882, 6671, 6917, 7023, 8487, 9221, 9271, 9863, 9994] (15)
[3089, 4472, 4590, 5164, 5219, 5844, 6227, 6388, 6691, 7376, 8034, 9179, 9248, 9568, 9841] (15)
[694, 2747, 2892, 2931, 3755, 4312, 4690, 5286, 5303, 5391, 5706, 6128, 6242, 6697, 7100, 7500, 7645, 8804, 9280] (19)
[159, 1456, 1726, 2082, 4265, 4813, 5407, 5472, 6085, 7013, 7592, 7844, 7953, 8188, 8273, 9281, 9311, 9401, 9508] (19)
[78, 635, 1077, 1763, 1767, 2108, 3534, 3814, 3889, 4013, 4134, 4274, 4411, 4764, 5304, 5487, 5690, 6652, 6686, 9288] (20)
[680, 1166, 1759, 2130, 3754, 3950, 4510, 5661, 6145, 6561, 8094, 8615, 8722, 9058, 9176, 9273, 9344] (17)
[2742, 2812, 3782, 4010, 4744, 4849, 6034, 6173, 7242, 7286, 7723, 8044, 8719, 8745, 9345, 9627] (16)
[68, 1610, 2981, 3237, 4692, 4873, 5490, 6223, 6700, 6815, 7563, 7621, 8055, 8862, 8863, 9346] (16)
[207, 303, 570, 1258, 1293, 1813, 2826, 3197, 3435, 3596, 4212, 5095, 5819, 6537, 6829, 7442, 7595, 8772, 8964, 9066, 9347, 9450, 9459, 9477] (24)
[403, 548, 1187, 1948, 2119, 2320, 2413, 2789, 4156, 4769, 4911, 6039, 7574, 7774, 8013, 8346, 8463, 9349, 9925] (19)
[1076, 1330, 1985, 4178, 4294, 4691, 5308, 5550, 6102, 6863, 7372, 8827, 9035, 9408, 9521] (15)
[1683, 2235, 2839, 2987, 4234, 4654, 4885, 4888, 5770, 6938, 7336, 8103, 9409, 9649, 9671, 9887] (16)
[412, 971, 1358, 1840, 1953, 2031, 2213, 2445, 2587, 3871, 4395, 5541, 6982, 7066, 8992, 9411, 9633] (17)
[341, 834, 3582, 3656, 4461, 6369, 6430, 6867, 7419, 7620, 8535, 8573, 8674, 8691, 9440] (15)
[120, 1114, 1921, 1938, 2024, 2042, 2205, 2229, 2424, 2673, 2689, 2702, 2846, 3713, 3833, 4540, 4548, 5002, 5254, 5606, 5798, 6510, 6781, 6901, 8977, 9043, 9464] (27)
[504, 789, 983, 1207, 1275, 1549, 1667, 2166, 2170, 2461, 2977, 3299, 3443, 3593, 4121, 5129, 5200, 5241, 5779, 5838, 5952, 7113, 7214, 7364, 7571, 7935, 8229, 8394, 8823, 8943, 8961, 9343, 9377, 9463, 9472] (35)
[894, 1297, 2054, 2209, 3096, 3111, 3626, 3837, 3879, 4011, 4035, 4211, 4256, 4660, 5143, 5237, 5413, 5496, 8122, 8363, 8649, 9473, 9563] (23)
[5, 42, 902, 1136, 1301, 1768, 1776, 2224, 2967, 4400, 4632, 4794, 5131, 5366, 5522, 6538, 7440, 7796, 8838, 9474] (20)
[510, 1309, 2220, 3317, 3466, 3963, 3987, 5291, 6137, 6951, 8209, 8596, 8848, 9478, 9973] (15)
[181, 1009, 1240, 1302, 1641, 2075, 3434, 3721, 4657, 4817, 6169, 6433, 6860, 7772, 8819, 9480] (16)
[1521, 1795, 3965, 4216, 4652, 4972, 5608, 6155, 6441, 6633, 7664, 8685, 9492, 9505, 9640] (15)
[2000, 2518, 4620, 5332, 5340, 5585, 6609, 6746, 7256, 7407, 7924, 8411, 8783, 9205, 9512] (15)
[116, 388, 831, 1204, 2032, 2142, 2419, 2621, 3696, 5288, 5720, 5755, 5884, 7378, 8532, 9534, 9537, 9657] (18)
[204, 547, 821, 1719, 2200, 2418, 2563, 5396, 7524, 7703, 7783, 8073, 8475, 9569, 9858] (15)
[1057, 1932, 2014, 2058, 2610, 2854, 3065, 3910, 4300, 5079, 5683, 6208, 6232, 6301, 6339, 6566, 6597, 7322, 7589, 7861, 7969, 7990, 8066, 8210, 8555, 8731, 9398, 9600] (28)
[364, 422, 556, 662, 760, 2071, 2232, 3308, 3382, 3438, 3477, 5055, 6262, 6558, 6719, 6820, 7998, 8043, 9054, 9108, 9342, 9601, 9769, 9773] (24)
[328, 1414, 1686, 1832, 2183, 2479, 3107, 3188, 3217, 3448, 3633, 4111, 6205, 6476, 6788, 7038, 7192, 7260, 7938, 7982, 8580, 9602, 9754] (23)
[192, 287, 731, 777, 1052, 1655, 2022, 2256, 2585, 2775, 2784, 2795, 2822, 2833, 3556, 4386, 4425, 4697, 4859, 5178, 5701, 6692, 7162, 7252, 7435, 8180, 8228, 8757, 8867, 8931, 8986, 9183, 9471, 9603, 9884] (35)
[280, 538, 1022, 1268, 2153, 2723, 2799, 3083, 4581, 4718, 4904, 5227, 5945, 7410, 7701, 8423, 9606] (17)
[74, 278, 878, 1483, 1757, 2267, 4568, 4946, 4954, 5174, 5401, 6419, 6645, 7004, 7646, 9173, 9610, 9827] (18)
[365, 753, 873, 1227, 1866, 3511, 4684, 5437, 6396, 6895, 6964, 7137, 7750, 9193, 9321, 9547, 9652, 9665] (18)
[677, 1213, 1579, 1604, 1854, 2310, 3616, 3683, 4001, 7146, 7503, 7821, 9353, 9648, 9666, 9931] (16)
[339, 713, 890, 903, 1228, 3410, 3901, 4282, 4553, 4733, 4780, 5335, 5572, 5692, 7215, 8112, 8396, 9445, 9667, 9919] (20)
[508, 2404, 2452, 3149, 3334, 3491, 3711, 5578, 5932, 6449, 7559, 7713, 8009, 9620, 9696] (15)
[356, 605, 1444, 1616, 3026, 3319, 4535, 4703, 5546, 5548, 6715, 7115, 7338, 7473, 7588, 8019, 9719] (17)
[134, 154, 257, 2038, 2332, 2661, 2751, 3046, 6121, 6266, 7156, 7853, 9604, 9645, 9728, 9949] (16)
[240, 1249, 2084, 3117, 3429, 3547, 3550, 3937, 4562, 4722, 6908, 8419, 8803, 8926, 9069, 9734] (16)
[24, 436, 441, 1611, 1981, 2336, 2491, 2506, 2629, 2972, 3988, 4508, 4633, 4926, 5930, 6168, 6551, 6714, 8859, 9360, 9637, 9793, 9979] (23)
[1060, 1315, 1761, 1957, 3059, 4133, 4355, 4397, 6072, 6736, 8904, 9014, 9157, 9531, 9668, 9794, 9883] (17)
[243, 393, 759, 924, 1628, 1743, 2111, 2226, 2894, 3079, 5843, 5937, 6096, 7495, 7721, 8266, 9037, 9428, 9797] (19)
[7, 531, 1418, 1428, 2293, 2351, 2553, 3116, 4740, 5097, 5761, 5768, 7479, 9713, 9714, 9856] (16)
[93, 1527, 1910, 2912, 4293, 5071, 5731, 5835, 6140, 6320, 6643, 7205, 7546, 9006, 9576, 9860] (16)
[102, 973, 1481, 2527, 6255, 6434, 7050, 7265, 7283, 8205, 8253, 8324, 8699, 8720, 9888] (15)
[180, 483, 517, 1965, 2818, 3122, 3621, 4851, 5430, 5553, 6114, 7628, 8132, 8670, 9375, 9517, 9920, 9996] (18)
[421, 658, 1734, 2989, 3868, 4501, 4927, 5513, 5677, 5813, 7964, 8855, 8987, 9046, 9253, 9922, 9952] (17)
[85, 862, 1513, 1623, 2605, 2733, 3023, 3225, 3604, 4749, 5068, 5246, 6748, 6810, 6954, 6998, 7504, 7882, 7910, 8147, 8861, 9339, 9837, 9928] (24)
[4, 425, 744, 1534, 2009, 2514, 2677, 3186, 3356, 3617, 3714, 3812, 4066, 4399, 4824, 4965, 5780, 6644, 6774, 7958, 8291, 9456, 9984] (23)
[138, 232, 1093, 2246, 3465, 3936, 4557, 4705, 5372, 5883, 5902, 6219, 6499, 6762, 6871, 7030, 7400, 7948, 8254, 8900, 9985] (21)
[151, 166, 939, 941, 1105, 1191, 1307, 1490, 2027, 2601, 2606, 2736, 3019, 3748, 4159, 4315, 4469, 4754, 5310, 5864, 7222, 8611, 9027, 9141, 9458, 9986] (26)
[2739, 2808, 3326, 4118, 4424, 5037, 5621, 5665, 6244, 6289, 6361, 7288, 7800, 8442, 8623, 9987] (16)
[549, 881, 1674, 2350, 2672, 2991, 3341, 3509, 6043, 6199, 6729, 6801, 7324, 7350, 8461, 9875, 9989] (17)
