[0, 104, 149, 1797, 2320, 3204, 3212, 3694, 4355, 5145, 5474, 5962, 6232, 6249, 6690, 6731, 6991, 7463, 8525, 8791, 8866] (21)
[1, 1712, 3102, 3189, 3197, 3218, 3445, 4002, 4057, 5774, 6106, 6236, 8559, 8667, 9084, 9385, 9702, 9974] (18)
[2, 340, 941, 1640, 1654, 2887, 3024, 3679, 3753, 3802, 3804, 5629, 7261, 7327, 7359, 7369, 8281, 9187, 9552] (19)
[4, 816, 1057, 1366, 1844, 2396, 2699, 3178, 3652, 4831, 4852, 4906, 5080, 5683, 6601, 6611, 7219, 7224, 7404, 8046, 8539, 8760] (22)
[18, 181, 2839, 3052, 3346, 3858, 4379, 4600, 4895, 5810, 6937, 7186, 8082, 8600, 8811, 9512, 9951] (17)
[33, 1392, 1439, 1573, 1725, 2064, 2286, 2590, 3358, 4249, 4631, 5524, 6341, 6423, 8986] (15)
[34, 3644, 3785, 4534, 4682, 5404, 5678, 6579, 6700, 7207, 8208, 8427, 9287, 9459, 9695] (15)
[64, 170, 465, 1317, 1500, 1661, 2520, 2846, 2969, 3325, 3814, 4375, 5161, 5213, 5675, 5783, 5892, 6133, 7084, 7450, 8089, 9943] (22)
[65, 558, 1834, 2362, 2418, 2756, 3364, 4585, 4667, 4741, 5061, 5937, 6116, 6443, 6654, 7086, 7206, 8958, 9288] (19)
[68, 80, 171, 328, 2131, 2524, 4422, 4599, 5085, 6477, 6512, 6549, 7073, 7158, 7643, 9319] (16)
[128, 1602, 1848, 1866, 2865, 3386, 5075, 5693, 6479, 7093, 7651, 7781, 7955, 9310, 9906] (15)
[131, 515, 1151, 1269, 2341, 4623, 4862, 5232, 5477, 5493, 6275, 6406, 7278, 7987, 8556] (15)
[192, 1592, 2627, 3631, 3786, 3829, 3892, 4863, 5051, 6067, 6127, 6612, 6660, 7179, 7385, 7469, 9144, 9782] (18)
[136, 143, 193, 500, 661, 1008, 1040, 1165, 1577, 2133, 2419, 2937, 3965, 4211, 4919, 5716, 7366, 7514, 7897, 8443, 8839, 9328] (22)
[194, 251, 718, 956, 963, 1129, 1143, 1633, 1911, 3825, 4266, 4517, 4867, 5752, 5829, 6207, 7537, 8617, 9165] (19)
[256, 967, 1262, 1806, 2243, 3480, 3889, 4428, 4434, 4514, 5695, 7143, 8361, 8522, 9042, 9112, 9343] (17)
[259, 437, 990, 1407, 2774, 3900, 4121, 4562, 5628, 6047, 6293, 6427, 7423, 7678, 8327, 9733, 9866] (17)
[113, 288, 1430, 2827, 3973, 6319, 7823, 7838, 8328, 8435, 8615, 8748, 9256, 9625, 9775] (15)
[66, 191, 320, 358, 724, 1214, 2238, 2397, 2508, 2782, 3302, 3976, 4160, 4923, 8145] (15)
[323, 1457, 2371, 2550, 4065, 4687, 4954, 4965, 6610, 6691, 6746, 7665, 8390, 8817, 9071, 9161, 9350] (17)
[286, 308, 324, 562, 796, 1863, 2428, 2460, 2910, 3353, 3730, 4569, 4882, 4939, 5154, 5401, 5788, 6231, 6994, 7606, 8358, 9445, 9876, 9944] (24)
[361, 384, 419, 647, 1279, 1790, 1800, 1801, 4732, 5350, 5610, 6147, 6273, 6328, 6402, 6706, 7201, 8019, 8043, 8431, 8587, 8768, 8835, 8852, 9339, 9631] (26)
[420, 3535, 4456, 5616, 5909, 5931, 6892, 7127, 7337, 7401, 7636, 8647, 8692, 8812, 9128] (15)
[7, 448, 1676, 2161, 2250, 4021, 4153, 4306, 4604, 5071, 6015, 6596, 6984, 7543, 7604, 8150, 8263, 8342, 9040] (19)
[450, 569, 1085, 1526, 2153, 2879, 3039, 4415, 4940, 5301, 5322, 5691, 6203, 6218, 7743, 7861, 8510, 8775, 8972, 9800] (20)
[298, 452, 939, 1149, 2193, 2547, 2733, 3185, 3238, 4229, 4271, 4848, 4901, 5138, 5731, 5943, 5944, 6546, 8304] (19)
[414, 512, 1479, 1623, 2011, 2619, 2801, 3645, 4011, 4177, 5156, 5792, 6456, 7126, 9412, 9647] (16)
[208, 316, 513, 1041, 1804, 1822, 2205, 2327, 2336, 2869, 5983, 7214, 7510, 7891, 8117, 8905, 9117, 9637, 9832] (19)
[57, 486, 514, 782, 1395, 1977, 4034, 5261, 5386, 5389, 6409, 6821, 6993, 7908, 8879] (15)
[359, 428, 522, 531, 1002, 1022, 2447, 3105, 4376, 5470, 5784, 5947, 5972, 5988, 6135, 7600, 8855, 8859] (18)
[145, 576, 630, 637, 1080, 1086, 1120, 2022, 2607, 2785, 3092, 3739, 3809, 4020, 4103, 4195, 5169, 5217, 5488, 5601, 5989, 6843, 8034, 8310, 8465, 9003, 9323, 9574] (28)
[577, 1606, 2340, 2903, 3259, 4067, 6245, 6725, 7662, 7795, 8048, 8264, 8297, 8891, 9421, 9787] (16)
[533, 581, 759, 880, 1672, 1715, 1959, 2182, 2719, 3469, 3632, 3915, 4978, 5131, 5928, 6171, 6258, 6517, 6662, 6777, 7210, 7408, 8661, 8853, 9340, 9715] (26)
[317, 640, 1226, 1361, 1371, 1853, 2925, 3320, 3523, 5102, 6325, 8512, 9276, 9320, 9553] (15)
[221, 501, 641, 803, 1626, 2284, 2679, 3027, 3665, 3933, 4338, 4429, 5116, 5450, 5864, 6007, 6098, 6284, 6613, 6632, 7248, 7313, 7390, 7633, 7675, 7774, 8097, 8178, 8674, 8943, 8973, 9069, 9305, 9335, 9366, 9597, 9681] (37)
[287, 643, 1543, 3004, 4180, 4248, 4531, 4698, 7328, 7436, 8086, 8477, 8502, 8567, 9221, 9914] (16)
[84, 125, 249, 290, 768, 1344, 2423, 3453, 3725, 4792, 5365, 5564, 6938, 7708, 8790, 8827] (16)
[715, 769, 2513, 2997, 3363, 4381, 6619, 6836, 7173, 7724, 8211, 8977, 9086, 9123, 9778] (15)
[119, 264, 639, 652, 770, 1685, 2979, 4149, 4384, 5668, 7061, 8484, 8583, 9072, 9462, 9544] (16)
[506, 804, 839, 919, 1423, 2287, 2366, 2716, 4210, 4216, 4479, 4946, 8107, 8472, 9099] (15)
[85, 400, 464, 896, 3789, 5139, 5597, 6350, 6365, 6480, 7380, 7622, 8136, 9818, 9941] (15)
[897, 1546, 1765, 2021, 2174, 2359, 2663, 2709, 2718, 2822, 3190, 3489, 3572, 3706, 4251, 5039, 5132, 5508, 5550, 6142, 6527, 6697, 6769, 8418, 9168, 9247, 9260, 9326, 9987] (29)
[87, 160, 669, 693, 898, 1161, 1453, 3345, 3736, 4083, 4217, 5381, 5428, 5499, 5644, 6563, 6989, 7056, 7792, 8206, 8230, 8373, 8473, 8886, 9075, 9271, 9370] (27)
[902, 1160, 1368, 1506, 1751, 2137, 2767, 2805, 3323, 3362, 3678, 4305, 4385, 4491, 4516, 4615, 4853, 4926, 5027, 5215, 5713, 5726, 6462, 6513, 6755, 7421, 7444, 7797, 8591, 8633, 9192, 9313, 9570, 9712] (34)
[876, 958, 960, 1840, 2464, 2485, 2544, 3503, 3856, 5272, 5645, 6159, 7004, 7871, 7994, 9486, 9867] (17)
[50, 961, 1861, 2568, 2713, 3081, 3135, 4009, 4285, 4742, 4873, 5114, 5291, 5650, 5827, 6037, 6415, 6682, 7194, 7586, 7977, 7978, 8066, 8216, 8296, 8403, 9109, 9333, 9945] (29)
[415, 523, 550, 962, 1422, 1559, 1717, 1816, 1947, 2357, 2998, 3083, 3692, 4668, 4881, 5168, 5777, 7199, 7464, 7637, 7738, 9547, 9948] (23)
[265, 617, 774, 997, 1417, 1564, 1909, 1910, 2591, 3903, 4553, 4595, 5023, 6010, 6510] (15)
[129, 235, 834, 1024, 1594, 1747, 3376, 4087, 4572, 4951, 5574, 6112, 6364, 7478, 7613, 8005, 8662, 9877] (18)
[1026, 1117, 1225, 1779, 2383, 3792, 4418, 4552, 4789, 5439, 5580, 5746, 6964, 7645, 8025, 8262, 8489] (17)
[257, 1088, 1632, 3438, 3545, 5146, 6170, 6845, 7259, 7465, 7597, 7721, 7803, 8033, 8160, 9202, 9737, 9957] (18)
[998, 1096, 1821, 2234, 2517, 2720, 3989, 5819, 6452, 6639, 7083, 7325, 7381, 7460, 8238, 8356, 8415, 8670, 9710] (19)
[1125, 1140, 1273, 1547, 1837, 3603, 3704, 4255, 5467, 6107, 6644, 6826, 7827, 8331, 9970] (15)
[201, 1152, 1365, 1826, 1968, 2497, 4626, 5197, 5836, 6815, 6854, 8169, 8930, 9279, 9419, 9533] (16)
[269, 974, 1155, 2303, 2313, 2583, 2902, 3150, 3379, 5276, 5706, 5804, 7397, 9257, 9483, 9497, 9988] (17)
[787, 987, 1216, 1756, 1803, 3082, 3281, 3459, 3683, 4475, 6028, 6444, 6763, 7952, 8287, 8810, 8953] (17)
[224, 1108, 1217, 1239, 1378, 1859, 2256, 3803, 3961, 4545, 5233, 5245, 6242, 6250, 7434, 7862, 8292, 8789, 8913] (19)
[677, 773, 836, 1219, 1680, 2576, 3478, 5344, 5566, 5744, 7403, 7770, 8158, 8404, 8795, 8824, 9542] (17)
[59, 1280, 2117, 3677, 4164, 5573, 5869, 5949, 6225, 6828, 7435, 7487, 8771, 9680, 9833] (15)
[292, 666, 893, 1281, 1398, 1508, 1716, 2073, 2329, 2983, 3882, 4326, 4578, 4760, 5257, 5346, 5736, 5879, 6970, 7291, 7531, 7878, 8210, 8349, 8569, 9242, 9591, 9601] (28)
[737, 900, 1282, 1367, 3576, 3748, 3769, 4253, 4878, 5733, 5799, 5930, 6774, 6915, 7082, 8476] (16)
[152, 912, 1283, 2195, 4007, 5303, 5307, 5547, 5798, 7008, 7180, 7532, 8831, 9269, 9648, 9959] (16)
[1176, 1284, 1496, 1828, 2398, 3251, 3896, 4565, 7112, 7332, 7767, 7855, 9496, 9759, 9809, 9822] (16)
[205, 1007, 1288, 3370, 4049, 4327, 4952, 6349, 6368, 7016, 7624, 8125, 8653, 9047, 9816, 9823, 9841] (17)
[860, 1345, 1359, 1701, 2511, 3544, 4005, 5109, 5254, 6332, 6652, 6825, 6924, 7155, 7190, 9511] (16)
[111, 729, 1408, 1768, 1802, 2773, 3070, 4077, 4708, 4731, 6025, 6996, 7914, 8022, 8175, 8228, 9548, 9572, 9676, 9933] (20)
[120, 429, 620, 672, 817, 861, 980, 991, 1110, 1126, 1313, 1409, 1609, 1657, 1918, 2335, 2818, 2897, 3695, 4191, 4560, 4567, 4640, 5361, 5380, 5620, 6642, 6799, 7157, 7316, 8079, 8215, 8772, 9446, 9989] (35)
[1145, 1410, 1420, 1615, 1775, 2328, 2572, 3091, 3564, 3846, 4142, 4315, 6751, 7133, 7256, 8314, 8857, 9618, 9843] (19)
[498, 1266, 1413, 2670, 2984, 3198, 3525, 4690, 4885, 5639, 6295, 6711, 8307, 8401, 8460, 9403, 9657] (17)
[1064, 1069, 1441, 4782, 5203, 5315, 5708, 6877, 7375, 7472, 7911, 8570, 8764, 9284, 9399] (15)
[156, 1267, 1464, 1481, 1785, 2175, 2928, 3690, 3855, 4340, 5015, 5101, 7178, 7483, 7590, 7947, 9632, 9879] (18)
[417, 631, 771, 1501, 2030, 2034, 3156, 3436, 4767, 5142, 6301, 6941, 9211, 9615, 9830] (15)
[374, 1504, 2248, 3420, 3657, 4010, 4053, 5067, 5891, 5911, 6090, 6508, 6558, 7124, 7711] (15)
[233, 388, 1174, 1193, 1536, 2173, 2222, 2608, 3133, 3380, 3575, 3705, 3756, 3819, 4645, 4662, 5192, 5384, 6489, 6688, 7794, 7962] (22)
[480, 662, 1537, 1677, 2781, 3947, 4382, 5479, 6129, 6307, 6782, 7585, 7958, 8548, 9060, 9078, 9172, 9705] (18)
[1513, 1538, 1889, 1949, 2633, 2942, 3041, 3231, 3702, 4310, 5585, 5651, 6092, 7580, 7913, 8278, 8540] (17)
[267, 1539, 2874, 3080, 3208, 3225, 4209, 5456, 5605, 5838, 8265, 8437, 8908, 9663, 9807] (15)
[92, 789, 984, 1540, 1650, 1900, 3166, 4476, 4723, 5243, 6614, 6864, 6880, 7009, 7639, 7969, 8801, 9073, 9757] (19)
[38, 1601, 2836, 2892, 3132, 4538, 5186, 5625, 5803, 6076, 7235, 9140, 9549, 9649, 9744] (15)
[840, 1208, 1438, 1603, 2216, 2601, 3361, 4927, 5411, 5587, 5794, 5980, 6308, 7719, 8159, 8245, 8612] (17)
[302, 535, 1334, 1610, 2215, 3152, 4014, 4129, 4130, 4633, 6999, 7453, 7538, 7951, 7999, 9910] (16)
[285, 1230, 1325, 1664, 1702, 3614, 5666, 5933, 6594, 7023, 7043, 7323, 7707, 8737, 9031, 9360] (16)
[46, 126, 921, 1218, 1295, 1665, 2219, 4218, 4408, 4787, 5319, 5906, 7072, 7154, 7228, 7828, 7875, 7964, 8493, 9516, 9925] (21)
[216, 805, 1522, 1666, 2553, 3711, 4081, 4974, 5357, 6488, 6879, 6895, 6906, 7768, 8146, 8856, 8883] (17)
[279, 692, 1635, 1668, 1810, 2056, 2449, 2967, 2988, 3591, 3647, 4000, 4554, 5514, 5950, 6973, 8402, 8599] (18)
[578, 613, 1233, 1346, 1397, 1669, 1777, 2393, 2778, 3155, 3256, 3640, 3700, 4386, 4541, 4689, 4712, 4964, 5375, 5481, 5503, 5870, 6360, 6366, 6490, 6651, 7407, 7419, 7644, 7773, 7863, 7902, 7995, 8024, 8053, 8179, 8247, 8329, 8339, 8917, 9404, 9536, 9928] (43)
[118, 1053, 1111, 1531, 1572, 1651, 1681, 2231, 2402, 3477, 3999, 4411, 4649, 5332, 6677, 7343, 7956, 7957, 8166, 8675, 9374, 9691] (22)
[1684, 1696, 2189, 3019, 3979, 4212, 4908, 5262, 5769, 6002, 6124, 6577, 7975, 8176, 9148] (15)
[63, 124, 272, 334, 1728, 1922, 2455, 3121, 4158, 4430, 5875, 6891, 7174, 9038, 9296, 9845] (16)
[791, 1118, 1232, 1729, 1980, 3327, 4265, 4807, 5029, 6436, 6588, 7237, 7993, 8939, 9645] (15)
[242, 1475, 1730, 1867, 2105, 4658, 5238, 5292, 5442, 5809, 6399, 7509, 8026, 8225, 8558, 8929, 9029, 9255, 9330, 9453] (20)
[109, 449, 1020, 1792, 2102, 2429, 4097, 4590, 4594, 5244, 5394, 6518, 7276, 8452, 8785, 9448, 9916] (17)
[89, 260, 1403, 1793, 2312, 2420, 2540, 2657, 3071, 3486, 5128, 5592, 5619, 5982, 7500, 7765, 8035, 9878] (18)
[252, 280, 411, 510, 1012, 1795, 2776, 4252, 4333, 5883, 5978, 6390, 7006, 7111, 7925, 7953, 8598, 8946, 9094, 9139] (20)
[390, 1042, 1798, 2097, 2108, 4029, 4521, 4937, 7439, 7788, 8346, 8382, 9106, 9351, 9465] (15)
[385, 743, 1856, 1981, 1995, 2777, 3832, 4189, 4201, 4539, 4717, 5187, 5841, 6306, 6377, 6492, 7402, 7763, 7885, 8030, 8253, 9535, 9555] (23)
[351, 819, 1305, 1858, 2197, 2587, 2956, 3157, 3848, 4112, 4304, 6829, 6923, 7193, 7470, 9015, 9890] (17)
[1268, 1862, 2637, 2764, 3172, 4004, 4128, 4188, 4651, 4819, 6009, 8095, 8457, 9041, 9124, 9125, 9375, 9381] (18)
[144, 537, 1358, 1563, 1565, 1755, 1865, 1882, 3216, 6292, 7062, 8027, 8351, 8499, 8732, 9751] (16)
[163, 222, 1349, 1920, 1971, 2229, 2982, 3199, 3288, 3378, 3764, 3930, 4187, 4287, 4431, 5635, 6087, 7125, 7272, 7383, 7484, 8376, 8412, 8873, 9635] (25)
[600, 891, 1342, 1982, 1985, 2859, 3821, 4179, 5855, 6420, 7113, 7451, 7491, 7739, 8377, 9046, 9309] (17)
[457, 538, 691, 934, 1589, 1638, 1987, 2333, 2595, 2602, 2970, 2976, 3893, 4259, 4302, 6113, 7970, 8348, 8889, 9747] (20)
[297, 426, 1050, 1190, 1327, 1989, 2092, 2265, 3359, 3501, 4468, 4509, 4536, 6214, 6454, 6942, 7085, 8141, 8234] (19)
[12, 49, 784, 1814, 2018, 3473, 3878, 5013, 5711, 5939, 7349, 7980, 8421, 9764, 9993] (15)
[2019, 2854, 3221, 3636, 3863, 4945, 5033, 6327, 6449, 6990, 7247, 7254, 7589, 8242, 8462] (15)
[173, 564, 1734, 2048, 2484, 2487, 2855, 3372, 3797, 4225, 4652, 6068, 6759, 7102, 8417, 8624, 8892, 9311, 9937] (19)
[894, 1271, 1307, 1718, 2046, 2049, 2343, 2927, 3708, 4634, 4727, 5162, 5498, 6398, 6431, 8467, 8861, 8968] (18)
[2050, 2384, 2431, 3939, 4050, 4407, 4718, 4920, 4933, 5043, 5868, 6889, 8177, 8642, 8664] (15)
[1310, 1490, 1613, 1854, 1972, 2051, 2500, 3144, 3513, 5040, 5551, 5997, 6573, 6878, 7728, 8127, 8722, 9170, 9607] (19)
[1390, 2052, 2451, 3805, 3951, 4062, 4221, 5105, 5229, 5654, 5750, 6004, 6704, 7251, 7772, 7909, 8680] (17)
[854, 1562, 1941, 2081, 2202, 2581, 2960, 3283, 4116, 4899, 5387, 6174, 7607, 7976, 8604] (15)
[234, 733, 744, 2112, 2167, 2660, 2768, 2921, 2981, 3391, 4466, 4681, 5274, 5707, 5856, 6787, 8001, 9996] (18)
[475, 1043, 1488, 2103, 2125, 4433, 4470, 4793, 5325, 6359, 8289, 8305, 8629, 9131, 9205, 9565] (16)
[362, 971, 1491, 1631, 2176, 3693, 4127, 4196, 5065, 6485, 6808, 7621, 8797, 9049, 9155, 9682, 9789] (17)
[301, 387, 560, 954, 1879, 1965, 2177, 2866, 3398, 3760, 3911, 4175, 4432, 4467, 4833, 5216, 6455, 7365, 7916, 8014, 8370, 9795] (22)
[350, 959, 1726, 2240, 2909, 3746, 3877, 4401, 4961, 5279, 5589, 5985, 6437, 6703, 7140, 7286, 7592, 7766, 7848, 8096, 8099, 9662] (22)
[25, 936, 1006, 1109, 1167, 1436, 1544, 1711, 1849, 2087, 2245, 2450, 2616, 3509, 3847, 3851, 4877, 5074, 5796, 6014, 6070, 6300, 7067, 7511, 7935, 7949, 7996, 9433, 9844] (29)
[1400, 1692, 1964, 2304, 2811, 3073, 3344, 3497, 3980, 4766, 4857, 4921, 6925, 8485, 8496, 9083, 9672] (17)
[150, 1047, 1156, 1919, 2306, 2966, 3063, 3619, 4542, 5258, 5269, 5385, 5475, 5764, 6039, 6173, 6559, 6788, 8061, 8258, 8456, 8568, 8611, 9934] (24)
[619, 2310, 2571, 2668, 2741, 3066, 3094, 3292, 3471, 4109, 4131, 4206, 5780, 5976, 6134, 6320, 6638, 9522] (18)
[1435, 1583, 1744, 2142, 2339, 2890, 3741, 4261, 4528, 5853, 5948, 7069, 7736, 9116, 9745] (15)
[833, 1424, 1467, 2368, 2986, 3103, 3123, 3138, 3995, 4120, 4511, 4911, 5063, 5557, 7188, 7847, 7967, 8634, 8878, 9358] (20)
[638, 1459, 1465, 1607, 1872, 2116, 2296, 2369, 3388, 4134, 4176, 4245, 4439, 5178, 5313, 5321, 6185, 6888, 7709, 8056, 8241, 8355, 8432, 9005, 9590] (25)
[21, 1184, 2198, 2370, 2717, 3481, 3833, 3890, 4426, 4700, 5520, 5999, 6040, 6120, 6541, 6718, 8754] (17)
[2043, 2350, 2372, 2669, 2872, 3148, 5847, 5965, 6022, 7934, 8108, 8509, 8731, 8779, 9418, 9576, 9977] (17)
[957, 1104, 1234, 1377, 1880, 1927, 2373, 2518, 3045, 4144, 5181, 5714, 5967, 7804, 9253, 9953] (16)
[397, 1761, 2347, 2376, 2769, 3195, 3684, 3916, 5159, 5595, 5770, 6323, 6846, 7508, 7599, 7834, 8220, 8529, 8887, 9048] (20)
[293, 1157, 1449, 1714, 2071, 2403, 3985, 4230, 5388, 5487, 5886, 7150, 7672, 7869, 8475] (15)
[458, 756, 851, 2273, 2432, 3268, 3382, 3796, 5373, 6604, 6621, 7740, 7786, 8260, 8784, 9422] (16)
[130, 134, 261, 479, 1183, 2044, 2433, 2980, 3393, 5496, 6396, 6521, 6716, 9008, 9401] (15)
[71, 685, 686, 1329, 1351, 1618, 2434, 2609, 3375, 4722, 5038, 5073, 5207, 5360, 6566, 6575, 7630, 9495] (18)
[676, 800, 1302, 1324, 2435, 3068, 4003, 4861, 5160, 5163, 5443, 6679, 6963, 8068, 8340, 8425, 9270, 9899] (18)
[141, 404, 1904, 2151, 2442, 2996, 3384, 3816, 3934, 4398, 5100, 5518, 6322, 6805, 7275, 7446, 8589, 8626, 8803, 8956, 8991, 9104, 9633, 9704] (24)
[551, 985, 1144, 1187, 1530, 2152, 2496, 2775, 3662, 5087, 6279, 6367, 6699, 7104, 7656, 8517, 9025, 9035, 9384, 9806] (20)
[168, 549, 650, 1604, 1704, 2560, 3574, 4869, 6714, 6983, 7305, 8900, 8996, 9249, 9291, 9523, 9636, 9900, 9949] (19)
[155, 187, 2168, 2472, 2562, 2622, 4233, 4354, 4388, 4471, 5003, 5014, 5032, 5515, 5522, 5745, 6230, 6321, 6926, 6959, 7486, 7551, 7691, 7971, 9415, 9852] (26)
[60, 178, 210, 1337, 2009, 2408, 2551, 2563, 3659, 4024, 4207, 4934, 6393, 6607, 6765, 7039, 7252, 7815, 8371, 8622, 8635, 9529, 9769] (23)
[2624, 2763, 2860, 3228, 3531, 3541, 3948, 4684, 4701, 5316, 5826, 7030, 7232, 7358, 8255, 9110] (16)
[217, 341, 843, 1653, 2083, 2430, 2512, 2625, 2678, 2744, 3044, 3312, 3316, 3524, 6031, 6163, 6219, 6386, 6866, 9808] (20)
[1399, 2106, 2626, 3852, 4694, 5177, 5565, 5837, 5844, 5996, 6461, 6705, 6741, 6867, 8115, 9022] (16)
[218, 399, 492, 1519, 2635, 3425, 3862, 4347, 4394, 4905, 5739, 6012, 6167, 6683, 6745, 7991, 8058, 8364] (18)
[1058, 2146, 2156, 2688, 4324, 4332, 4605, 5859, 5984, 6965, 7187, 7440, 8546, 8707, 9082] (15)
[766, 1787, 2691, 2804, 3294, 3432, 3822, 3978, 4330, 4387, 5059, 5966, 6598, 7005, 7132, 7533, 7685, 9184] (18)
[862, 2140, 2309, 2621, 2692, 2934, 3279, 3299, 4976, 5492, 5755, 7151, 8780, 9032, 9478, 9534] (16)
[446, 1698, 1735, 1884, 2533, 2752, 2881, 3213, 3784, 3984, 4039, 4044, 4618, 4806, 5028, 5758, 6084, 6433, 6629, 8786, 8788, 9200] (22)
[481, 818, 2136, 2470, 2755, 3661, 4061, 5035, 5055, 5288, 5699, 6005, 6239, 6473, 6841, 7979] (16)
[463, 1287, 2015, 2821, 3214, 6165, 6317, 7195, 8076, 8112, 8213, 8463, 8630, 8862, 9673, 9774] (16)
[162, 215, 474, 1621, 2160, 2457, 2823, 3622, 4139, 4241, 4373, 4894, 4942, 6627, 7130, 7356, 9416] (17)
[524, 754, 1808, 1997, 2826, 3249, 4215, 6896, 7280, 7412, 7598, 8869, 8895, 8942, 9528, 9640] (16)
[605, 1375, 1753, 2880, 3270, 3774, 4079, 4670, 5356, 5489, 5648, 5817, 5865, 6413, 6633, 6760, 6952, 7191, 7241, 7249, 8334, 9398, 9617, 9781] (24)
[283, 884, 992, 1056, 2206, 2208, 2853, 2888, 3242, 3866, 4159, 4286, 5091, 5417, 6653, 7268, 7851, 7852, 8090, 8393, 8921, 9391, 9504] (23)
[230, 599, 752, 1153, 1194, 1912, 2293, 2738, 2944, 2964, 3799, 3938, 4448, 4801, 6238, 6394, 6812, 7759, 8663] (19)
[52, 377, 1048, 1083, 1100, 1244, 1263, 1574, 1629, 2001, 2113, 2448, 2482, 2539, 2554, 2739, 2911, 2945, 3341, 3395, 3642, 3788, 3883, 4147, 4184, 4246, 4449, 4654, 4728, 4733, 4746, 4898, 5190, 5670, 5934, 6352, 6428, 6483, 7098, 7410, 7411, 7817, 7963, 8151, 8323, 8325, 8419, 8439, 8877, 8964, 8982, 9089, 9115, 9357, 9409, 9434, 9675, 9700, 9730, 9973] (60)
[14, 331, 1074, 1078, 2334, 2648, 2830, 2947, 4239, 7322, 7727, 8088, 8100, 8420, 8745, 8757, 9796] (17)
[98, 484, 2027, 2948, 3032, 4607, 4980, 5630, 6354, 6376, 7386, 8572, 8794, 8844, 8858, 9017, 9092, 9215, 9315] (19)
[179, 1121, 1146, 1297, 1494, 1636, 1784, 2031, 2129, 2712, 2949, 3401, 3670, 3945, 4344, 4813, 5328, 5419, 6859, 7816, 8173, 8666, 8820, 9236, 9725, 9772] (26)
[122, 243, 544, 1077, 1688, 2096, 2155, 2190, 2409, 2848, 2923, 2950, 3810, 3817, 4092, 4113, 4888, 5112, 5530, 5781, 5899, 6835, 6885, 7014, 7568, 8669, 8802, 9317] (28)
[28, 476, 689, 1311, 1353, 1576, 1979, 3008, 3987, 5175, 5787, 8885, 9262, 9378, 9430, 9815, 9963] (17)
[777, 1708, 2274, 2646, 3009, 3245, 3330, 3854, 4148, 4671, 6194, 6876, 8816, 9289, 9908] (15)
[13, 443, 584, 1253, 1625, 1945, 2762, 3040, 3842, 5314, 6482, 6684, 7216, 8279, 9331] (15)
[1350, 1885, 2364, 3072, 3776, 5358, 5828, 6229, 6281, 6486, 7387, 8273, 8316, 9203, 9972] (15)
[376, 658, 2556, 3076, 3296, 3703, 4495, 4839, 5735, 6257, 7010, 7646, 7673, 8054, 9379, 9776, 9790, 9868] (18)
[765, 910, 1150, 2148, 2667, 3078, 3559, 3562, 3940, 4892, 6509, 7267, 7515, 7751, 8283, 8952, 9051] (17)
[935, 1181, 2421, 2534, 3084, 3179, 6241, 6647, 6898, 7519, 8023, 8038, 8337, 8535, 8553, 8656, 9683] (17)
[19, 790, 821, 2757, 3106, 3340, 3534, 4648, 6046, 6158, 7814, 8199, 8347, 9133, 9467] (15)
[674, 856, 1352, 1931, 3016, 3137, 5172, 5206, 7494, 7563, 8414, 9226, 9508, 9813, 9902] (15)
[708, 932, 1957, 2505, 2703, 3139, 4617, 5382, 5445, 5549, 6101, 6179, 7319, 8221, 8618, 9238, 9493, 9883] (18)
[1738, 3145, 3734, 3762, 5194, 5407, 5521, 5963, 6476, 6958, 7888, 7997, 8654, 9235, 9499, 9905] (16)
[395, 1437, 1842, 1871, 2392, 2400, 3146, 3793, 3867, 4445, 5200, 5848, 5971, 6865, 7422, 8154, 8809, 9259, 9530, 9967] (20)
[83, 757, 1139, 1172, 2899, 3168, 3585, 3823, 4975, 5302, 5640, 6110, 6119, 7138, 8308] (15)
[1019, 1270, 1925, 2714, 3200, 4321, 4353, 4737, 5618, 6188, 6635, 6849, 7805, 7961, 8897] (15)
[99, 881, 1061, 1070, 3202, 4013, 4145, 4275, 4977, 5305, 6211, 6569, 6696, 7941, 9606] (15)
[1289, 1370, 1819, 2204, 2356, 3001, 3233, 3300, 3465, 3715, 3806, 4274, 5415, 7481, 8189] (15)
[473, 866, 1343, 1486, 3264, 4496, 4818, 4829, 5698, 5872, 7441, 7530, 7905, 8686, 9527] (15)
[408, 482, 827, 3265, 3688, 4628, 6761, 7047, 7455, 8098, 8528, 8537, 9363, 9484, 9684] (15)
[95, 312, 1405, 2258, 2857, 3028, 3117, 3266, 3612, 5277, 5680, 5815, 5861, 7398, 8119, 8138, 8498, 9392, 9982] (19)
[81, 151, 772, 2294, 2715, 3111, 3267, 3996, 6514, 6793, 7223, 7801, 8233, 9231, 9605, 9741] (16)
[344, 604, 634, 679, 892, 1004, 1482, 2308, 2416, 2650, 3328, 4069, 4172, 4363, 4953, 5749, 6111, 6149, 6631, 6649, 6778, 7011, 7378, 8300, 8321, 8458, 8524, 8696, 8798, 8851, 9061, 9074, 9471, 9477] (34)
[632, 1509, 1839, 2570, 2708, 2779, 3170, 3329, 5280, 6391, 6434, 7409, 7575, 8188, 9059, 9101] (16)
[1940, 3140, 3210, 3332, 4841, 5671, 6152, 7051, 7101, 8062, 9126, 9166, 9455, 9887, 9924] (15)
[1094, 1103, 1503, 1720, 2628, 3392, 5766, 6059, 6504, 7001, 7376, 7480, 7595, 8226, 8244, 9402] (16)
[1663, 1974, 2342, 2391, 3396, 4414, 4438, 4817, 5704, 5795, 6065, 6202, 6698, 6715, 7476, 8684] (16)
[731, 1373, 1656, 1970, 2510, 2530, 2676, 3456, 3901, 4575, 4688, 4693, 4721, 5567, 5941, 6743, 7571, 7610, 9347] (19)
[2288, 2673, 2798, 3035, 3394, 3458, 3492, 3839, 3956, 4335, 4989, 6161, 6749, 6773, 7791, 8716, 9585, 9836] (18)
[219, 444, 534, 574, 734, 832, 1014, 1292, 1369, 1418, 1473, 1502, 1517, 1869, 2251, 2557, 2758, 2994, 3286, 3434, 3444, 3461, 3623, 3957, 4084, 4345, 4417, 4784, 4790, 5066, 5183, 5205, 5367, 5821, 6617, 6624, 6757, 6985, 7106, 7413, 7490, 7689, 8155, 8944, 9175, 9181, 9503, 9646, 9999] (49)
[1827, 3026, 3158, 3488, 4454, 6048, 6180, 6395, 6957, 7335, 7850, 7877, 9111, 9650, 9678] (15)
[1046, 1355, 1554, 1742, 1809, 2815, 2898, 3526, 4276, 5118, 5652, 5727, 6233, 6949, 7162, 7239, 7244, 7505, 7588, 7857] (20)
[177, 289, 1195, 1443, 1534, 2471, 2569, 3271, 3565, 3584, 3920, 4072, 4278, 4399, 4568, 4874, 5060, 5763, 6108, 6316, 6570, 6837, 6863, 8104, 8106, 8749, 9349] (27)
[226, 1123, 3405, 3586, 3891, 4501, 4563, 5318, 5718, 5946, 6053, 6058, 6458, 6605, 6622, 7108, 7930, 8007] (18)
[2024, 2217, 3061, 3205, 3588, 3837, 4243, 4489, 5720, 6276, 7302, 7725, 9093, 9371, 9488] (15)
[1330, 3648, 4070, 4114, 4141, 4284, 4427, 5222, 5533, 6026, 6507, 6819, 6920, 7250, 8037, 9243] (16)
[47, 295, 779, 3646, 3651, 5311, 5802, 6034, 6597, 7704, 7717, 8116, 8743, 9178, 9224] (15)
[169, 557, 616, 1831, 2063, 2247, 3049, 3514, 3654, 4322, 4944, 5579, 5840, 6833, 6969, 7722, 9266] (17)
[1588, 2127, 3014, 3712, 3899, 4171, 4361, 5298, 5823, 5895, 6860, 7159, 7284, 7729, 9696, 9802] (16)
[386, 418, 741, 1021, 2005, 2579, 2992, 3181, 3421, 3713, 4616, 4703, 5089, 5719, 6003, 6358, 6640, 6694, 8636, 9028, 9180] (21)
[629, 973, 1211, 1434, 1762, 2141, 2732, 2750, 3122, 3336, 3714, 4026, 4118, 4167, 4264, 4632, 5455, 6329, 7507, 8735, 9002, 9138, 9277, 9410] (24)
[58, 206, 401, 553, 591, 814, 2324, 3116, 3643, 3779, 3909, 5266, 6775, 7835, 8187, 8776, 9009] (17)
[1740, 1996, 2301, 2786, 3530, 3581, 3782, 4232, 5204, 5240, 5354, 5835, 5884, 6650, 7394, 7512, 7521, 8632] (18)
[431, 565, 1079, 1416, 1722, 1841, 1852, 3067, 3840, 3997, 4680, 6466, 7502, 7681, 8318, 8704] (16)
[975, 1394, 1769, 2088, 2374, 2379, 3203, 3343, 3841, 4222, 4263, 4685, 4754, 4847, 5359, 6097, 6299, 6648, 6927, 7025, 7310, 7513, 8468, 8843, 8969] (25)
[237, 728, 1142, 2255, 3177, 3666, 3843, 4110, 5231, 5366, 7141, 8712, 9053, 9436, 9562, 9624, 9697] (17)
[1011, 1213, 1667, 1914, 3349, 3873, 4724, 4916, 5919, 7340, 7536, 7948, 8966, 9160, 9620] (15)
[1115, 1983, 2459, 3154, 3295, 3874, 4025, 4140, 4914, 4983, 5420, 5531, 6948, 8744, 9677] (15)
[1320, 1818, 2685, 2753, 2862, 3660, 3904, 4311, 4378, 4512, 4598, 5062, 5561, 7123, 7204, 8164, 8442, 8547, 8609, 8999] (20)
[254, 430, 1678, 2232, 2477, 3107, 3507, 3548, 3580, 3609, 3905, 4223, 4242, 4409, 5042, 5685, 7417, 8069, 8710, 9033, 9352, 9558] (22)
[621, 925, 1191, 1209, 1489, 1551, 1773, 1878, 2233, 2387, 2426, 2684, 3182, 3906, 8298] (15)
[347, 495, 580, 1732, 1811, 3452, 3907, 4972, 5069, 5705, 5832, 6122, 6259, 7523, 7779, 8016, 8480, 8689, 9980] (19)
[503, 885, 1962, 2351, 2606, 2792, 3021, 3416, 3721, 3936, 4686, 7806, 8543, 8614, 8940] (15)
[147, 556, 918, 1835, 1963, 3075, 3223, 3635, 3968, 4006, 5209, 6182, 6337, 6567, 6780, 7344, 8854, 9461, 9711] (19)
[748, 1385, 2783, 2906, 3109, 3499, 3795, 3935, 3972, 4318, 7388, 8488, 8526, 8555, 9451, 9946] (16)
[1857, 3010, 4001, 4154, 5553, 5825, 6832, 6899, 7458, 7569, 8469, 8767, 8979, 9113, 9853] (15)
[281, 1567, 1645, 1813, 2068, 2529, 2772, 3280, 4096, 4124, 4312, 4367, 4825, 4999, 5072, 5471, 5606, 6776, 7271, 8454, 8619] (21)
[1128, 1674, 2259, 3686, 4102, 4838, 4950, 5083, 5994, 6356, 9307, 9460, 9463, 9690, 9716] (15)
[304, 607, 1068, 1248, 2754, 3065, 3390, 3536, 3628, 4161, 4272, 4764, 4981, 5921, 6708, 6818, 7222, 8792] (18)
[848, 1198, 1743, 1846, 2079, 2271, 3527, 3780, 3954, 4163, 4204, 4214, 5165, 5462, 5591, 5593, 6060, 7348, 7498, 8018, 8372, 9540] (22)
[1169, 1421, 3321, 3668, 3699, 3747, 4027, 4152, 4166, 4226, 5093, 5189, 5916, 5924, 6029, 6166, 6291, 7036, 8521] (19)
[788, 1257, 1381, 1782, 3460, 4056, 4227, 4313, 4735, 5747, 6494, 6897, 7117, 7881, 8219, 8345, 8815, 9824] (18)
[79, 432, 1245, 2467, 2780, 2835, 2894, 3169, 3289, 3418, 4231, 4622, 5273, 5722, 6247, 6516, 6676, 8042, 8984, 9580] (20)
[198, 705, 755, 837, 1566, 2122, 2134, 2796, 4288, 4748, 4928, 6467, 9551, 9556, 9568] (15)
[504, 2958, 3183, 3682, 4071, 4132, 4290, 4641, 4765, 4887, 5663, 6779, 7974, 8681, 8955, 9573, 9742] (17)
[203, 343, 717, 1487, 3532, 4291, 4677, 5582, 6630, 6868, 7749, 8426, 9411, 9563, 9869] (15)
[425, 2761, 3120, 3423, 3902, 4292, 5054, 6310, 6450, 6481, 6572, 6736, 6771, 7245, 8838] (15)
[1649, 1991, 2330, 2422, 3192, 3732, 4136, 4293, 4372, 4374, 5772, 5876, 7024, 8168, 9405] (15)
[409, 1166, 1178, 2267, 3110, 3383, 3400, 4320, 4836, 5268, 5480, 6069, 6554, 6707, 9761] (15)
[995, 2541, 3427, 4088, 4352, 4446, 4822, 5201, 5659, 5969, 6348, 7265, 7594, 7667, 8560, 8934, 9198, 9480] (18)
[2975, 3025, 3100, 3450, 3761, 4268, 4357, 4581, 4912, 7917, 8368, 8430, 8461, 9150, 9784] (15)
[5, 654, 1038, 1426, 1511, 1901, 4416, 4530, 4872, 5890, 6758, 8050, 8695, 9598, 9966] (15)
[27, 447, 587, 3247, 4273, 4419, 4719, 5021, 5729, 5839, 6073, 6539, 6962, 8109, 8571, 8703, 8709, 9780] (18)
[209, 459, 869, 1336, 1480, 1484, 2385, 2469, 3003, 3625, 4389, 4421, 5854, 6441, 6500, 8142, 8295, 8299, 9524] (19)
[366, 467, 775, 1386, 3002, 3377, 4042, 4480, 4802, 4858, 4959, 5584, 6139, 6469, 6911, 8131, 8639] (17)
[248, 268, 852, 927, 1274, 1520, 2012, 3928, 4198, 4481, 6288, 6664, 7687, 8060, 8424, 8806, 9554] (17)
[106, 227, 758, 1750, 1776, 2789, 3115, 3186, 3342, 3600, 4371, 4486, 4540, 7321, 7907, 8938, 8970, 9356, 9765] (19)
[461, 519, 624, 1016, 4544, 4968, 5741, 6334, 6972, 7152, 8143, 8916, 9000, 9013, 9057, 9431] (16)
[273, 749, 1558, 1929, 2227, 3464, 3719, 3844, 4546, 5020, 5637, 6045, 6125, 6634, 7198, 7893, 9229, 9931] (18)
[477, 732, 750, 1107, 1600, 1648, 1888, 2417, 2499, 2812, 3136, 3415, 3518, 3658, 3724, 4066, 4199, 4515, 4608, 5064, 5363, 5459, 5509, 5701, 5791, 6870, 6968, 7614, 7748, 8579, 9674] (31)
[326, 610, 849, 981, 1003, 1215, 2242, 2316, 2495, 2629, 2930, 2940, 3151, 3500, 3593, 3781, 3815, 3853, 4036, 4181, 4579, 4609, 5155, 5220, 5627, 6392, 6505, 6657, 7262, 7391, 7698, 7742, 7865, 7895, 8646, 8805, 8951, 9290, 9492, 9694, 9847] (41)
[609, 868, 994, 2158, 2698, 2957, 3431, 4349, 4612, 4734, 5271, 6246, 6388, 7161, 7705, 7844, 9325] (17)
[207, 1694, 2528, 2580, 3161, 3546, 3671, 4380, 4613, 5588, 6666, 6754, 6997, 7269, 8657, 8671, 9736, 9873] (18)
[338, 801, 2192, 2249, 3253, 3476, 3571, 4403, 4535, 4672, 4997, 6523, 7026, 7732, 8694, 8763, 9479] (17)
[369, 579, 886, 1092, 1493, 2545, 3573, 4074, 4673, 5108, 5247, 6881, 7063, 7116, 7664, 8282, 8326, 9027, 9714] (19)
[154, 978, 1051, 2004, 2479, 2896, 3494, 4674, 5444, 6438, 6442, 7088, 8482, 8777, 8945, 9285, 9950] (17)
[427, 434, 979, 1781, 3408, 4156, 4588, 4597, 4678, 4879, 5210, 5236, 6196, 7355, 9940, 9956] (16)
[529, 1984, 2620, 3226, 3276, 4637, 4736, 4815, 5275, 5297, 5391, 6446, 6857, 7680, 7747, 8607] (16)
[253, 635, 923, 1815, 1976, 3924, 4740, 4943, 5327, 5604, 7526, 8161, 8413, 8601, 8799, 9423, 9917] (17)
[309, 875, 1829, 2095, 2211, 2525, 3232, 3313, 3620, 3937, 4343, 4460, 4606, 4753, 4886, 5214, 5981, 7134, 7466, 7527, 7796, 9146, 9182, 9234, 9341] (25)
[167, 453, 625, 700, 1293, 1634, 2381, 2885, 4012, 4197, 4360, 4451, 4800, 5050, 5096, 6982, 7097, 7114, 7489, 7642, 7942, 8134, 8322, 8330, 8947] (25)
[416, 433, 520, 1495, 1921, 2085, 2172, 2317, 2378, 3060, 3374, 3563, 4587, 4864, 4988, 5252, 5516, 5932, 5964, 6016, 6197, 6439, 6487, 7352, 7516, 8137] (26)
[468, 1301, 1379, 2093, 3510, 4452, 4738, 4865, 5008, 5542, 5901, 6412, 6525, 6538, 7459, 7813, 8059, 9468] (18)
[1934, 2040, 2332, 2647, 4502, 4866, 5517, 5960, 6105, 6796, 7373, 7811, 7856, 8313, 9096, 9861] (16)
[1363, 1956, 3594, 4592, 4696, 4868, 5885, 6750, 6801, 6900, 6998, 7443, 8374, 8933, 9835] (15)
[161, 228, 1741, 1908, 2262, 2974, 3277, 4300, 4870, 5576, 5778, 6155, 7184, 7518, 7690, 9685] (16)
[61, 1089, 1930, 1967, 2170, 2613, 2929, 3409, 4469, 4929, 5702, 6224, 6921, 7945, 9594, 9884] (16)
[701, 2230, 4832, 4936, 5395, 6190, 6445, 6687, 7226, 7542, 7737, 7824, 9119, 9167, 9397, 9506] (16)
[142, 373, 455, 914, 1037, 2084, 2213, 4963, 5532, 6052, 6587, 7676, 8638, 8875, 9414] (15)
[1071, 2209, 2817, 4099, 4768, 4992, 5124, 6781, 6798, 6827, 7077, 8271, 8755, 8967, 9268, 9753, 9994] (17)
[1412, 1966, 1988, 2060, 2598, 3454, 4504, 4993, 6056, 6580, 7058, 7281, 7867, 8249, 9346] (15)
[471, 526, 931, 1341, 1679, 2458, 3738, 3763, 4994, 5703, 7973, 8628, 9223, 9230, 9372, 9898] (16)
[135, 1505, 1825, 2586, 3334, 4334, 4350, 4987, 5025, 6905, 7057, 7579, 8303, 8610, 9482] (15)
[121, 566, 1168, 2672, 3272, 3511, 4041, 4342, 4842, 4910, 5056, 6730, 8561, 9201, 9250] (15)
[29, 687, 1062, 1255, 1675, 2252, 2263, 3766, 4638, 5057, 5558, 6033, 7700, 8222, 8268, 8728] (16)
[270, 319, 806, 976, 2045, 2452, 2507, 4165, 4424, 4966, 5058, 5158, 5374, 6603, 6803, 7362, 7860, 9297] (18)
[1063, 1770, 2319, 2331, 2538, 4351, 4395, 4657, 4984, 5120, 5478, 6862, 6979, 8186, 9334] (15)
[664, 895, 1427, 2326, 3134, 4098, 5084, 5117, 5121, 5814, 5936, 6791, 7031, 7076, 8194, 8395, 8514, 8527, 8580, 8987] (20)
[30, 478, 847, 1673, 1895, 2000, 2770, 3048, 3246, 3849, 4236, 4706, 4743, 5098, 5122, 5223, 5253, 5617, 5692, 6495, 6542, 6918, 7292, 7426, 7587, 7720, 7903, 8028, 8532, 9771, 9955] (31)
[483, 554, 2630, 2863, 3483, 4170, 5019, 5126, 5390, 5529, 6410, 6820, 8353, 8396, 9359, 9888] (16)
[1445, 1652, 2305, 3191, 3303, 3351, 4075, 4086, 4100, 5180, 5184, 5259, 5372, 5413, 5433, 6557, 7090, 7163, 9658] (19)
[1470, 3128, 3876, 3925, 3926, 5185, 5352, 5686, 5797, 6432, 6578, 6626, 7044, 7320, 7605, 7981, 8036, 8399, 8513, 9208, 9382, 9875] (22)
[440, 916, 940, 1512, 2793, 3180, 3236, 4458, 4666, 5047, 5188, 5468, 5472, 5552, 5793, 6357, 6806, 7364, 8252, 8903, 8927] (21)
[1200, 2033, 2623, 2834, 2917, 3969, 5248, 5534, 6136, 6193, 6646, 7984, 8032, 8235, 8747, 9220, 9575] (17)
[108, 696, 1220, 1766, 1986, 2244, 2537, 5133, 5176, 5249, 6907, 7393, 8385, 8730, 8833, 9531] (16)
[1099, 1258, 1259, 2837, 3173, 4558, 5250, 5333, 5482, 6342, 6742, 7121, 7282, 7420, 8181, 8438, 9081] (17)
[726, 970, 1903, 2565, 3263, 3811, 4162, 4283, 4935, 5345, 5690, 6909, 7762, 8140, 8198] (15)
[410, 1045, 1171, 1276, 1542, 1788, 2062, 2119, 2299, 2809, 3616, 3618, 4647, 5041, 5376, 5461, 5535, 5657, 5679, 5955, 6277, 7013, 8341, 8378, 8478, 8541, 8842, 9156, 9299, 9735] (30)
[568, 713, 1236, 1272, 1429, 1597, 1745, 1898, 2169, 3043, 3446, 3561, 3567, 3894, 4303, 4669, 4695, 4798, 5370, 5377, 5519, 5725, 5889, 6102, 6121, 6397, 6548, 6873, 7071, 7145, 7379, 7492, 7528, 8397, 8655, 8926, 9024, 9197, 9337, 9444, 9651, 9947] (42)
[26, 318, 1328, 1893, 2367, 3673, 4051, 5012, 5383, 5451, 5862, 6089, 6346, 7612, 8876, 9037, 9169, 9779] (18)
[93, 678, 719, 3869, 4295, 4624, 4973, 5412, 5992, 6099, 8474, 8563, 9525, 9755, 9758] (15)
[528, 1474, 2269, 2926, 3733, 3859, 4704, 4750, 5441, 6839, 7318, 7354, 7445, 9191, 9373, 9579, 9628] (17)
[874, 2282, 2564, 2706, 3441, 3637, 4610, 5125, 5473, 6131, 6643, 7822, 8202, 9452, 9642] (15)
[493, 746, 1799, 2355, 2546, 2816, 2884, 3015, 3521, 3827, 4059, 4571, 4583, 5504, 5922, 5977, 6184, 7923, 8121, 9571] (20)
[10, 1845, 1961, 2475, 2954, 4636, 4915, 5143, 5506, 6036, 6164, 6355, 6728, 7591, 9763] (15)
[112, 393, 502, 802, 1605, 1990, 2394, 2501, 3089, 3515, 3558, 3908, 4871, 5082, 5569, 6024, 6844, 7760, 8602, 8988, 9176] (21)
[214, 807, 1093, 1228, 1364, 1440, 1739, 2380, 4570, 4660, 4778, 4955, 5339, 5571, 5609, 6772, 7094, 7802, 9132, 9706] (20)
[137, 1561, 1627, 3112, 3220, 3794, 4510, 5575, 5664, 6330, 6675, 7197, 8380, 8508, 8849, 9019, 9376, 9614, 9762, 9788] (20)
[110, 116, 202, 277, 1883, 2268, 2596, 3326, 3808, 3831, 3880, 4441, 4960, 5526, 5577, 5717, 6766, 7503, 8162, 8487, 9722, 9814] (22)
[356, 466, 469, 615, 1380, 2280, 4228, 4893, 5600, 6732, 7432, 7602, 8804, 8919, 9098] (15)
[494, 673, 2605, 3034, 3468, 3970, 4406, 4593, 4837, 5036, 5608, 5632, 5655, 5660, 8170] (15)
[8, 239, 1237, 2226, 2283, 2297, 3257, 4484, 5633, 5926, 6260, 6565, 6933, 7202, 7812, 8101, 8765, 9080] (18)
[422, 1124, 2298, 4018, 4483, 4805, 5463, 5634, 6032, 6372, 7156, 7295, 8224, 8277, 8683, 8936] (16)
[585, 1686, 1932, 2729, 3291, 4038, 5320, 5636, 5681, 6128, 6753, 7185, 7303, 7648, 8270, 8697, 9246] (17)
[41, 55, 383, 406, 1141, 1180, 2502, 2588, 2803, 3229, 3485, 3707, 3743, 4503, 4505, 4788, 5004, 5106, 5113, 5134, 5153, 5246, 5308, 5642, 6385, 7033, 7131, 7479, 7998, 8092, 8440, 8687, 9365, 9500] (34)
[508, 993, 1455, 1641, 2407, 5665, 5721, 5882, 6019, 7020, 7266, 7567, 7657, 9393, 9846] (15)
[1557, 1671, 1727, 2737, 3030, 3099, 3149, 3274, 3993, 4630, 4644, 5667, 6966, 7246, 7697] (15)
[1164, 1188, 1580, 1913, 1916, 2999, 3101, 3355, 5421, 5696, 5910, 5929, 6680, 6917, 8446, 9118, 9120, 9219, 9616] (19)
[354, 1296, 1560, 2584, 2585, 2710, 4614, 4642, 5263, 5656, 5697, 6960, 7075, 7200, 7211, 7757, 7943, 8156, 8240, 8501, 8678, 8867, 9293] (23)
[1703, 1928, 2214, 2661, 2935, 3496, 3895, 4111, 4182, 4323, 4527, 5760, 5991, 6564, 7920, 8123, 9186, 9812] (18)
[394, 644, 1186, 1450, 1954, 2003, 2109, 2311, 3347, 3836, 4763, 5031, 5761, 7181, 7499, 7839] (16)
[546, 1691, 1830, 2059, 2135, 3108, 3366, 3599, 4037, 4799, 4903, 5002, 5560, 5762, 6556, 6693, 9012] (17)
[699, 1224, 1388, 1896, 2163, 2410, 2603, 2989, 3290, 5422, 5596, 5824, 5831, 6713, 7986, 8165, 8276, 9799] (18)
[56, 487, 1203, 1552, 1611, 2363, 2740, 2916, 5833, 6077, 6764, 8232, 8398, 8660, 8881, 8909, 9785] (17)
[612, 1154, 1260, 1391, 1510, 1783, 1823, 1933, 2157, 2473, 2555, 3354, 3872, 4364, 4488, 4537, 4930, 5000, 5348, 5888, 6379, 7351, 8180, 8433, 8935, 9261, 9491, 9748] (28)
[381, 1498, 2150, 2386, 2724, 3918, 4828, 5107, 5502, 5902, 6874, 6995, 7000, 7889, 9239, 9327] (16)
[114, 442, 1032, 2094, 2987, 3314, 3602, 5349, 5878, 5920, 7669, 8884, 8948, 9589, 9739] (15)
[1189, 1820, 1824, 2203, 3790, 4178, 4751, 5785, 5953, 6162, 7710, 7730, 7793, 8212, 9862, 9919] (16)
[371, 872, 1212, 1833, 2488, 2907, 4138, 5957, 5975, 6055, 7243, 7405, 9070, 9456, 9708, 9912, 9978] (17)
[32, 263, 670, 764, 1644, 2075, 2162, 2186, 2730, 2807, 2842, 3399, 3845, 4202, 4289, 4907, 5403, 6017, 6160, 6177, 6448, 6568, 7059, 7799, 7832, 7858, 8551, 8807, 9212, 9232, 9240] (31)
[86, 140, 392, 451, 1023, 1044, 1548, 1683, 1687, 1907, 2658, 2931, 2946, 3412, 3913, 6018, 6030, 6176, 6266, 6289, 7160, 7215, 7467, 8365, 8573, 9011, 9141, 9157, 9613, 9881] (30)
[115, 2361, 4052, 4956, 5094, 5264, 5341, 5586, 6020, 6810, 8685, 8915, 9805, 9810, 9992] (15)
[39, 271, 1599, 2844, 3224, 3285, 3297, 3669, 3729, 3871, 4193, 5410, 5446, 5615, 5907, 6080, 6248, 8021, 8113, 8126, 8896, 9251, 9278] (23)
[225, 1616, 2066, 2291, 2314, 2985, 3141, 3254, 3783, 3919, 3958, 4033, 4040, 5578, 6081, 6618, 6681, 6729, 7213, 8333, 9026] (21)
[73, 355, 570, 2264, 3127, 3414, 3455, 3624, 3771, 4294, 4365, 4702, 4816, 5438, 5544, 5631, 6082, 7448, 7849, 8132, 8391, 8494, 9443, 9515] (24)
[305, 665, 1082, 1114, 1463, 2300, 2523, 3142, 3860, 4402, 5295, 5653, 5782, 6083, 6302, 6309, 6422, 6562, 6869, 6883, 7845, 8957, 9122, 9435, 9954] (25)
[841, 1393, 1851, 1875, 1876, 2760, 3429, 3443, 3583, 4073, 4297, 4490, 5095, 5267, 6086, 6484, 8627, 9432] (18)
[367, 1179, 1227, 2918, 3306, 3333, 4260, 4909, 5873, 6114, 7473, 8031, 8411, 9298, 9766] (15)
[133, 275, 930, 1278, 2592, 2696, 2993, 3085, 3381, 3861, 5379, 5406, 6144, 6408, 7153, 7240, 7418, 7677, 7800, 8357, 9018, 9237, 9364, 9377, 9838] (25)
[739, 883, 2617, 2939, 3006, 3397, 3655, 3731, 4095, 4548, 6100, 6143, 6146, 6497, 6747, 7003, 7264, 8085, 8250, 8676, 8690, 9442, 9687] (23)
[844, 1316, 1374, 1461, 2171, 2405, 2527, 3207, 3910, 4107, 4420, 5956, 6208, 8063, 8389] (15)
[1240, 3051, 3167, 3929, 4219, 4370, 5646, 6215, 7485, 7780, 7830, 8311, 8818, 8918, 9692, 9998] (16)
[1122, 1340, 1724, 2895, 2905, 3685, 4440, 4851, 5723, 6240, 6447, 7819, 8920, 9660, 9964] (15)
[858, 1076, 2399, 2891, 5166, 5426, 5466, 5851, 5863, 5938, 6243, 7103, 8302, 8723, 8912] (15)
[864, 906, 1148, 1335, 1695, 2461, 3217, 4747, 6272, 7079, 7105, 8103, 8714, 9114, 9863] (15)
[236, 1290, 2070, 2411, 2443, 3356, 4080, 5351, 6274, 6719, 7049, 7462, 7674, 8637, 8992, 9244, 9709] (17)
[158, 1338, 2345, 2631, 3147, 3261, 3369, 3385, 3626, 3897, 4058, 5167, 5317, 5484, 5570, 6198, 6336, 6842, 7609, 7972, 8679, 9043, 9922] (23)
[911, 3533, 4017, 5623, 6027, 6088, 6338, 6544, 7735, 8047, 9021, 9367, 9783, 9801, 9909] (15)
[1116, 1135, 1545, 2236, 3174, 3653, 4308, 4846, 5454, 5512, 6283, 6339, 6552, 8511, 8976, 9786] (16)
[2006, 2016, 2138, 2154, 3552, 3755, 3798, 4442, 5896, 6150, 6340, 7225, 7734, 8882, 9275, 9654] (16)
[90, 342, 345, 2476, 2638, 4045, 5347, 5452, 5607, 6217, 6344, 6347, 6947, 8400, 8652, 9659, 9935] (17)
[9, 363, 853, 4205, 4745, 4758, 4883, 4986, 5221, 6140, 6371, 8949, 9750, 9834, 9892] (15)
[489, 792, 1015, 1326, 1550, 1596, 2315, 2978, 3097, 4250, 4856, 4890, 4967, 5030, 5241, 5287, 5790, 6006, 6192, 6252, 6318, 6400, 6851, 6884, 6961, 8055, 8700, 8751, 9749, 9848] (30)
[2820, 3368, 4500, 4611, 5270, 5624, 5768, 5905, 6265, 6287, 6401, 6425, 6685, 6783, 6916, 7919, 8073, 8422, 9454, 9979] (20)
[379, 380, 497, 842, 1136, 1998, 2082, 2114, 2145, 2723, 2875, 2901, 3046, 3086, 3324, 3407, 3442, 3971, 4168, 4331, 4462, 4797, 5730, 6109, 6464, 6723, 7382, 7946, 8006, 9090] (30)
[36, 405, 697, 1147, 2594, 3371, 4573, 4643, 4650, 5647, 6104, 6475, 7128, 7929, 8269, 8530, 8874] (17)
[127, 1029, 1322, 1425, 2597, 2973, 3870, 5397, 5998, 6001, 6183, 6528, 6537, 7789, 7932, 9854] (16)
[76, 714, 776, 915, 977, 1010, 1376, 1516, 1993, 4749, 4804, 4941, 5077, 5334, 6529, 8182, 8899] (17)
[348, 1570, 3422, 3596, 5331, 5491, 6530, 6770, 6930, 7679, 8057, 8147, 8315, 9303, 9622] (15)
[1446, 1874, 2290, 2549, 5724, 6533, 6956, 7177, 7566, 7898, 7944, 8174, 8408, 8621, 8828, 8997, 9127] (17)
[983, 1514, 2494, 3307, 4244, 4270, 4576, 5603, 5710, 5765, 6123, 6216, 6373, 6470, 6592, 7032, 8593, 8922, 9171, 9193] (20)
[922, 1619, 1994, 2159, 3931, 3932, 4238, 4810, 5198, 5449, 6593, 6672, 6992, 7524, 9426, 9734] (16)
[949, 964, 1309, 1642, 4122, 4393, 4522, 4991, 5800, 5811, 5918, 6209, 6426, 6511, 6600, 6656, 6756, 8491, 8773, 8925, 9827] (21)
[948, 1303, 1331, 1556, 1624, 1805, 1958, 2080, 2492, 2828, 2893, 3589, 4299, 4777, 4884, 5110, 5852, 6041, 6195, 6583, 6658, 6922, 7255, 8130, 8200, 8868] (26)
[424, 680, 702, 1306, 1890, 2086, 2201, 4030, 4627, 5448, 5805, 6661, 6834, 8319, 8725, 9960] (16)
[284, 1131, 2955, 3826, 4896, 5324, 5430, 6156, 6175, 6663, 7437, 7570, 8148, 8201, 8237, 8691, 9322, 9891] (18)
[909, 1731, 2047, 2323, 3484, 4472, 4729, 6405, 6689, 6831, 7045, 7761, 7982, 8673, 8902] (15)
[20, 103, 396, 683, 1499, 3057, 3301, 3578, 3582, 3955, 4533, 4709, 4840, 4855, 5343, 5974, 6223, 6261, 6407, 6720, 7137, 7289, 7574, 8039, 8197, 8880] (26)
[421, 545, 845, 3516, 3633, 4023, 4444, 4655, 4772, 6085, 6244, 6453, 6721, 7091, 7716, 7755, 7853, 8105, 9006, 9056, 9135, 9263] (22)
[799, 1670, 1693, 1942, 2039, 2338, 3176, 3357, 4157, 5990, 6326, 6724, 6767, 6822, 7189, 9103] (16)
[266, 882, 1036, 3244, 3426, 5643, 6268, 6752, 6901, 8135, 8490, 8729, 8865, 9294, 9593] (15)
[1387, 1521, 2179, 2289, 2307, 2589, 4771, 5225, 5312, 5453, 5820, 6636, 6784, 8196, 9065, 9213] (16)
[231, 1406, 1433, 1476, 2532, 2689, 2867, 2941, 3590, 3629, 3672, 6227, 6785, 7371, 7454, 7988, 9233, 9362, 9507, 9872] (20)
[543, 955, 1456, 2090, 4135, 4183, 5913, 5970, 6816, 7312, 8544, 8552, 8774, 8863, 8872] (15)
[48, 509, 945, 1065, 2552, 2687, 3284, 3553, 4151, 5424, 5555, 5572, 6712, 6848, 8261, 9770] (16)
[213, 1590, 2683, 3056, 3322, 3676, 3770, 4589, 5052, 5822, 5887, 6609, 6852, 7495, 7641, 8248, 8665, 8906, 9688, 9926] (20)
[35, 372, 2578, 2864, 2876, 2951, 3998, 4174, 5237, 6384, 6526, 6912, 7027, 7525, 7638, 7906, 8640, 8814, 9825, 9857] (20)
[488, 595, 646, 795, 1553, 2270, 2302, 2639, 2977, 3917, 5369, 5843, 5993, 6468, 6913, 7002, 7529, 9102] (18)
[199, 698, 920, 1926, 2130, 2358, 2751, 3493, 3587, 3617, 3990, 4794, 5289, 5497, 6551, 6914, 7060, 7415, 7695, 9085, 9267] (21)
[91, 965, 1593, 2735, 2771, 5170, 5296, 5958, 6137, 6226, 6977, 7346, 7625, 8907, 9154, 9521, 9587] (17)
[370, 507, 1881, 2543, 2665, 2743, 4744, 5022, 6608, 6904, 7012, 7433, 7807, 7915, 8649] (15)
[45, 622, 824, 1059, 1662, 2656, 2742, 3064, 3339, 5053, 5150, 5776, 6141, 7040, 7565, 8726] (16)
[1005, 1039, 1252, 1389, 1697, 1939, 2971, 3360, 4155, 5429, 5510, 5669, 5673, 6206, 6303, 6665, 7041, 7078, 7342, 7347, 8625, 9369] (22)
[611, 996, 1492, 2531, 2593, 2856, 3701, 5099, 5399, 5485, 5539, 5904, 7042, 7279, 7593, 7899, 8266, 8813, 8850, 9489, 9871] (21)
[2642, 2795, 3129, 4093, 5285, 5684, 5845, 5979, 6734, 6882, 7048, 7671, 7854, 9440, 9638, 9641, 9938] (17)
[2632, 2802, 4683, 4947, 5436, 5987, 6079, 6853, 6955, 7107, 7277, 8040, 8492, 9390, 9894] (15)
[247, 555, 2516, 4082, 4781, 5005, 5602, 5738, 5973, 6935, 7110, 7843, 8153, 9039, 9265, 9583, 9639, 9698, 9718] (19)
[352, 623, 855, 2196, 2522, 2847, 3093, 3315, 4602, 4859, 4875, 6298, 6620, 7136, 8549] (15)
[727, 1243, 1300, 1323, 2321, 2348, 2558, 2702, 2938, 3013, 4267, 4625, 4646, 4769, 7168, 7428, 8581, 8826, 9272, 9306, 9396, 9514, 9611] (23)
[6, 761, 1137, 3162, 3201, 3608, 4094, 4359, 4720, 5548, 5759, 5786, 6353, 7169, 7257, 7652, 8990, 9336, 9428] (19)
[132, 306, 760, 889, 2404, 2573, 3317, 3365, 3828, 3964, 4425, 5088, 5260, 5405, 5676, 5682, 5694, 5880, 5995, 7096, 7170, 7522, 7601, 7833, 7950, 8191, 8592, 8672, 9062, 9163, 9604] (31)
[1127, 1357, 1643, 2504, 4043, 5662, 5743, 6035, 7171, 8163, 8536, 8724, 8981, 9190, 9804, 9971] (16)
[339, 742, 1432, 2008, 2932, 3413, 3439, 4621, 4726, 6130, 6262, 7018, 7172, 7324, 9142, 9174] (16)
[258, 659, 1614, 1944, 1952, 2057, 2353, 2481, 3834, 4054, 4137, 4985, 5048, 5494, 5590, 5773, 5968, 6148, 6362, 6701, 7064, 7233, 7718, 8114, 8223, 8275, 8719, 8847, 8989, 9108] (30)
[172, 1617, 2017, 2061, 2766, 3018, 3463, 3597, 3696, 4474, 7234, 7336, 7377, 7954, 7985, 8870, 9254] (17)
[403, 763, 2212, 2721, 4730, 5416, 6205, 6228, 6370, 6739, 7070, 7238, 7406, 8350, 8575, 8702, 8739, 8848] (18)
[518, 1033, 1767, 2728, 4492, 4710, 4850, 6411, 6794, 7296, 8711, 8954, 9054, 9185, 9644, 9820] (16)
[472, 485, 575, 725, 879, 1843, 1902, 2843, 2924, 2933, 3252, 3505, 3538, 4358, 4412, 4453, 5486, 6515, 7297] (19)
[299, 516, 536, 1034, 3338, 3487, 3557, 3912, 6153, 6861, 6919, 7298, 7968, 8102, 8595, 9105, 9546] (17)
[933, 947, 1196, 1737, 2489, 2493, 2850, 3953, 5808, 6237, 6975, 7299, 7876, 8118, 8738, 8758, 9145] (17)
[197, 1206, 1752, 2953, 3022, 3273, 3549, 3554, 4457, 4715, 5559, 5700, 7329, 8590, 8770] (15)
[989, 1733, 4314, 4809, 4932, 5078, 5594, 5622, 5830, 5858, 6282, 7360, 7430, 7901, 9079, 9194, 9450] (17)
[157, 709, 3490, 3638, 3710, 3865, 4046, 4526, 5801, 6038, 6199, 6459, 6813, 7361, 8505, 8715, 9661] (17)
[44, 695, 1199, 1448, 1549, 1723, 2727, 2829, 3512, 4008, 5141, 5414, 5540, 5541, 5715, 6072, 6335, 6809, 7363, 7389, 9036, 9245] (22)
[633, 651, 722, 1204, 1210, 1402, 2686, 2693, 3752, 3754, 4337, 4464, 4551, 4774, 5393, 5460, 5874, 6096, 6419, 6430, 6659, 7293, 7424, 7544, 7880, 8078, 8344, 8623, 8688, 9361, 9490, 9582, 9595, 9911] (34)
[67, 988, 3740, 5127, 5286, 5649, 6267, 7115, 7425, 7703, 7821, 8606, 8769, 9252, 9354] (15)
[189, 314, 407, 649, 740, 1105, 1132, 1864, 2577, 3674, 5767, 6535, 6981, 7427, 7701, 9274] (16)
[174, 438, 1054, 1699, 2237, 2959, 3406, 4319, 4665, 4820, 5024, 5218, 7488, 8386, 8416, 8519, 9643, 9829] (18)
[321, 1028, 1113, 1414, 2486, 3634, 4739, 5208, 5598, 6071, 6840, 7253, 7520, 8904, 9578] (15)
[241, 454, 547, 1584, 1639, 1746, 1754, 2819, 2841, 4556, 5355, 6145, 6381, 7552, 8045, 8846, 8962] (17)
[1525, 2506, 2610, 2868, 3219, 3457, 3750, 3850, 3975, 4047, 4117, 5408, 5688, 7080, 7540, 7553, 7627, 7693, 7918, 8051, 8978, 9196, 9355] (23)
[238, 888, 1018, 1764, 1778, 3047, 3096, 3389, 3744, 4692, 5306, 5537, 5867, 6264, 6285, 6671, 7554, 8280] (18)
[490, 707, 2223, 2377, 2389, 3262, 4234, 4485, 4493, 6980, 7555, 8394, 8668, 8871, 9976] (15)
[593, 1066, 1221, 1620, 1710, 1868, 2611, 3737, 5563, 6043, 6157, 6855, 7447, 7557, 8124, 8251, 9768, 9870] (18)
[117, 346, 668, 1035, 1075, 1242, 1382, 2002, 2072, 2681, 2886, 3163, 3309, 3777, 3830, 3868, 3960, 4584, 5086, 6042, 6132, 6290, 6382, 6762, 7053, 7270, 7558, 7653, 9329, 9469, 9566, 9693, 9719, 9923] (34)
[588, 2674, 2745, 2814, 3305, 3820, 3946, 3950, 4064, 4133, 6375, 6670, 7559, 8444, 8605, 8658] (16)
[1838, 2701, 3164, 3767, 4032, 4762, 4783, 6305, 7309, 7429, 7584, 7882, 8405, 8923, 8965] (15)
[148, 877, 2014, 2038, 2322, 4104, 5007, 5469, 5538, 6294, 6333, 6655, 7616, 7620, 7659, 8071, 8077] (17)
[40, 327, 762, 1090, 1235, 1497, 2164, 3656, 3983, 5757, 5789, 6186, 7617, 9064, 9794] (15)
[563, 667, 1569, 2058, 2185, 2395, 2615, 3319, 3502, 4996, 5842, 6213, 7283, 7357, 7541, 7556, 7618, 7894, 8291, 8459, 8963, 9481, 9626, 9882, 9995] (25)
[291, 330, 2651, 3029, 4410, 4780, 4843, 6472, 7089, 7263, 7619, 7634, 7866, 8003, 8111, 9308] (16)
[441, 530, 968, 1294, 2077, 2711, 2759, 2952, 3119, 3410, 3508, 4194, 4269, 4524, 4566, 4889, 5211, 5554, 5599, 6311, 6800, 7087, 7306, 7623, 8008, 8781, 9599] (27)
[738, 1207, 1250, 2526, 2919, 3020, 3542, 4203, 4922, 5626, 6451, 7029, 7628, 8012, 8272, 9321] (16)
[223, 797, 2436, 2536, 3059, 3604, 4328, 4346, 4785, 6062, 7139, 7288, 7649, 8721, 9077] (15)
[681, 1102, 1622, 2076, 2794, 3551, 5881, 6095, 6928, 7650, 7688, 7754, 8020, 8139, 9107] (15)
[220, 561, 903, 2028, 2144, 3824, 4970, 6304, 6667, 6830, 7022, 7682, 7842, 7910, 8171, 9903] (16)
[175, 929, 1318, 1817, 2123, 2184, 3981, 4523, 4661, 5437, 5912, 7203, 7311, 7615, 7683, 7684, 8608, 8733, 8761, 9420] (20)
[1870, 3287, 4063, 4336, 4392, 4917, 5850, 6811, 6944, 7573, 7712, 7904, 8736, 9258, 9839] (15)
[322, 751, 1360, 1454, 1477, 2509, 3529, 4664, 4795, 4979, 5440, 5568, 6499, 7165, 7330, 7372, 7726, 7744, 7931, 8229] (20)
[74, 808, 1182, 2120, 2266, 2515, 2644, 2680, 2726, 2849, 2883, 4317, 6383, 6738, 7384, 7745, 8133, 8338, 9383] (19)
[517, 690, 1757, 2065, 2292, 2600, 4520, 4756, 4924, 4925, 5017, 5511, 5898, 6802, 7007, 7746, 8120, 8152, 8586, 8718] (20)
[527, 730, 1308, 1332, 1507, 2991, 3430, 5034, 5049, 6008, 6168, 6807, 7438, 7777, 8410] (15)
[196, 627, 1419, 2187, 2704, 3579, 3716, 4256, 4498, 7808, 7841, 7896, 7922, 8080, 8455, 9474] (16)
[871, 1170, 1241, 1763, 2207, 2790, 3466, 3504, 3758, 3812, 3967, 4577, 5182, 5362, 5505, 5737, 5775, 5877, 5908, 6254, 6331, 7146, 7176, 7274, 7300, 7775, 7809, 8557, 8641, 8699, 8845, 8937, 8975] (33)
[1052, 1315, 1333, 1428, 1655, 2437, 2870, 2912, 3012, 3017, 3160, 3765, 3887, 4752, 4854, 5368, 5507, 6023, 6519, 6950, 7449, 7810, 7940, 8352, 8911, 8931, 9623] (27)
[70, 378, 559, 1009, 1192, 1197, 1794, 2690, 2873, 3187, 3209, 4482, 4796, 5018, 5171, 5425, 5816, 6555, 7539, 7549, 7670, 7868, 7872, 8564, 8616, 9227, 9342, 9717, 9720, 9915, 9997] (31)
[721, 2427, 3318, 3959, 4711, 6532, 6547, 7046, 7658, 7873, 8044, 8144, 8825, 9173, 9567, 9936] (16)
[294, 364, 589, 663, 1177, 1442, 1447, 1571, 2054, 3517, 3607, 3791, 4277, 4280, 4564, 7066, 7474, 7874, 8495, 9151] (20)
[310, 1581, 1595, 1917, 3639, 4015, 4185, 5293, 7229, 7548, 7879, 8363, 8910, 9044, 9387, 9965] (16)
[53, 542, 813, 951, 1202, 1249, 1555, 2023, 2344, 2454, 2736, 2877, 4639, 5728, 5860, 6044, 7081, 7148, 7713, 7890] (20)
[1175, 1524, 1709, 2285, 2705, 3337, 4169, 4282, 4586, 5195, 5212, 6315, 6875, 7936, 8246, 8434, 8507, 9189, 9930] (19)
[1091, 1264, 1451, 2183, 4146, 4150, 4982, 5282, 6345, 6726, 7654, 7892, 7937, 8829, 8959, 9864] (16)
[190, 1222, 1836, 2498, 2542, 2904, 3074, 3537, 4913, 5191, 5423, 6064, 6440, 6978, 7497, 8000, 8359, 8515, 9564, 9666, 9777] (21)
[105, 590, 598, 601, 901, 1073, 2645, 2749, 2840, 4561, 5199, 5849, 7629, 8004, 9424] (15)
[211, 1452, 2098, 2654, 3387, 3491, 3994, 4383, 4938, 5418, 5431, 6253, 6974, 7477, 7661, 7741, 8009, 8254, 8360, 8782, 9851] (21)
[1707, 1758, 2218, 2453, 3428, 3726, 4707, 5476, 5612, 5748, 5915, 6066, 7019, 7912, 7924, 8010, 8041] (17)
[37, 943, 1017, 1277, 2748, 2831, 3050, 3449, 3813, 4518, 4525, 4635, 4844, 6498, 8011, 8335, 8597, 9458] (18)
[810, 904, 1483, 1906, 2276, 2566, 2799, 3171, 3605, 3773, 4582, 5010, 5353, 5638, 5818, 5857, 5894, 6178, 6181, 6251, 6414, 6465, 6946, 7050, 7416, 7660, 7778, 8064, 8231, 8441, 9188, 9353, 9464, 9961] (34)
[353, 1458, 1469, 1485, 1760, 2118, 2318, 3011, 3069, 3130, 3680, 3768, 4580, 5734, 6491, 7129, 7504, 7769, 8013, 8065] (20)
[711, 712, 1892, 2007, 2111, 3448, 4860, 5045, 6200, 6204, 6493, 7826, 7928, 8067, 8582, 8914, 9130, 9207, 9389] (19)
[2548, 2652, 2965, 3053, 3239, 3569, 4298, 4786, 5740, 6522, 7196, 7290, 7304, 7535, 8070, 9045, 9292, 9885] (18)
[1238, 1855, 1960, 2734, 3237, 3243, 3681, 4949, 6187, 6271, 7217, 7887, 8128, 8369, 9656] (15)
[54, 1067, 1585, 1713, 2025, 2221, 2425, 2913, 3007, 3153, 3801, 6075, 7640, 7783, 7989, 8129, 8650, 8659, 8793, 9550] (20)
[445, 1721, 2194, 2241, 3023, 3079, 3663, 3879, 4356, 4366, 5284, 5562, 7572, 8192, 9137, 9519] (16)
[82, 240, 274, 830, 1362, 2143, 2200, 3005, 3403, 5202, 5834, 6117, 7431, 7546, 8193, 8274] (16)
[244, 456, 706, 835, 838, 917, 1887, 1899, 1943, 1975, 2110, 2671, 2682, 2797, 2882, 3033, 3054, 3498, 3835, 4060, 4068, 4301, 4455, 4591, 4679, 6078, 6210, 6296, 6584, 7021, 7099, 7209, 7260, 7314, 7550, 7723, 7758, 8207, 8379, 8504, 9076, 9162, 9332, 9520, 9669, 9837, 9932] (47)
[88, 303, 357, 1084, 2035, 2166, 2272, 2474, 3539, 5070, 5123, 6189, 7015, 7564, 7785, 8110, 8256, 8533, 8860, 9828] (20)
[603, 655, 857, 3627, 4543, 4803, 5026, 5068, 5283, 5378, 5536, 6201, 7068, 7307, 7471, 8015, 8257, 8706] (18)
[100, 1251, 2026, 3963, 4962, 5104, 5137, 5583, 5986, 7692, 7790, 8259, 8565, 8836, 9016, 9655] (16)
[97, 1877, 3036, 3943, 4404, 4814, 5090, 6324, 6553, 7100, 7367, 7771, 7886, 8288, 9880] (15)
[1658, 1789, 1924, 4235, 4459, 5677, 6151, 6387, 6678, 7035, 8290, 8787, 8950, 9831, 9942] (15)
[571, 1462, 1598, 1999, 2664, 2666, 3520, 4325, 4547, 6091, 6374, 6496, 7218, 8320, 9545] (15)
[846, 952, 1938, 2147, 3649, 4309, 6457, 6463, 7120, 7242, 8122, 8383, 9316, 9803, 9913] (15)
[313, 315, 926, 999, 1471, 1591, 2261, 3104, 4028, 4400, 4519, 6599, 6710, 6856, 7370, 8167, 8362, 8384, 8677, 9386, 9577, 9721, 9740, 9896] (24)
[296, 937, 1774, 1905, 2246, 2643, 2845, 3568, 3595, 3698, 4437, 4463, 4969, 5304, 6212, 7221, 7374, 7983, 8388, 8778, 8840, 9067, 9707, 9713, 9746] (25)
[413, 899, 1055, 1401, 1415, 2561, 2707, 2784, 3118, 3543, 4237, 4377, 5149, 5300, 5398, 6502, 7220, 7452, 7496, 8083, 8336, 8448] (22)
[78, 645, 812, 815, 1159, 1575, 2053, 2091, 2599, 2695, 3949, 3962, 3974, 4478, 4770, 4776, 7820, 8149, 8449, 8727, 9264, 9510] (22)
[62, 102, 255, 1832, 2649, 2922, 3304, 3311, 3367, 3709, 3966, 4258, 5465, 5935, 6637, 6954, 7798, 7959, 8239, 8387, 8450, 9214, 9286, 9449, 9470, 9619] (26)
[865, 953, 966, 2440, 3062, 5164, 5235, 6471, 7119, 7135, 7175, 7308, 7368, 7501, 8312, 8451, 8830, 9439] (18)
[24, 153, 276, 470, 1431, 3474, 3923, 5135, 5400, 5432, 6540, 6971, 6988, 7859, 7884, 8516, 9030, 9429, 9485, 9557, 9893] (21)
[349, 499, 1771, 2337, 2908, 3143, 4443, 4705, 5016, 5614, 6094, 7456, 7750, 8518, 8596, 8822] (16)
[22, 139, 586, 2078, 2514, 3310, 3787, 4362, 4507, 4808, 5340, 8392, 8520, 9301, 9314, 9569, 9724] (17)
[72, 682, 1460, 3131, 3611, 5148, 6361, 6606, 6623, 7825, 7883, 8091, 8483, 8545, 9413] (15)
[511, 614, 656, 1527, 1736, 1748, 1946, 2441, 2806, 5076, 6939, 7037, 7164, 8406, 8576] (15)
[716, 831, 1321, 1541, 2069, 3058, 3240, 3952, 4186, 4391, 4845, 5193, 5495, 5756, 6297, 7547, 8577, 9380] (18)
[1298, 1299, 1354, 1637, 2765, 3227, 3884, 4675, 5136, 6051, 7468, 8243, 8267, 8578, 9609] (15)
[262, 311, 391, 460, 794, 2055, 3114, 4676, 5299, 5807, 6792, 8470, 8631, 9143, 9975] (15)
[16, 75, 325, 592, 1348, 1356, 2962, 4016, 4506, 4596, 5402, 6737, 7442, 7706, 7715, 8644, 9097, 9904] (18)
[548, 907, 1682, 1891, 2360, 2915, 3258, 3898, 4089, 4918, 5046, 5196, 5323, 6838, 7095, 7990, 8645, 9241, 9798] (19)
[123, 183, 245, 521, 636, 642, 780, 890, 1162, 1411, 1529, 2121, 2199, 2235, 2825, 3451, 3641, 3838, 4101, 4713, 5294, 5525, 6049, 6169, 6380, 6389, 6571, 6858, 7054, 7611, 7702, 8701, 9209, 9726, 9939] (35)
[365, 596, 1978, 3184, 3495, 5144, 5174, 5179, 5447, 6501, 6804, 6902, 8195, 8466, 8588, 8682, 8705, 9502, 9509] (19)
[11, 1468, 1533, 1847, 2010, 2655, 3718, 4307, 4834, 5009, 7074, 7560, 8708, 8864, 9066, 9466] (16)
[184, 307, 336, 1097, 1138, 1897, 2413, 2640, 3687, 6574, 6576, 7506, 8203, 8740, 9819] (15)
[532, 745, 1112, 1700, 2604, 3042, 3447, 3807, 4897, 5336, 5917, 6050, 6936, 7764, 8800] (15)
[77, 200, 826, 938, 1163, 1568, 2382, 2851, 2889, 3126, 3159, 3778, 3914, 4659, 4830, 5290, 5923, 6054, 6561, 6976, 7183, 7840, 8720, 8832, 8994, 9052, 9773] (27)
[1951, 2037, 2074, 2415, 2662, 3038, 3055, 3556, 4555, 4971, 5234, 6351, 6615, 8074, 8837, 9159, 9179] (17)
[618, 1586, 1772, 2228, 2365, 2445, 2491, 2920, 4055, 4281, 4891, 5152, 5226, 6435, 6589, 6814, 6893, 6987, 7017, 8603, 8893] (21)
[567, 1630, 1786, 2036, 2677, 3095, 3885, 5251, 6417, 6702, 8894, 8898, 8995, 9727, 9981] (15)
[159, 1807, 2124, 2325, 3124, 3275, 3727, 4513, 5434, 6967, 7065, 7493, 8306, 8620, 8901, 9621] (16)
[329, 382, 924, 2559, 2567, 2813, 3269, 3293, 6061, 6894, 6929, 7149, 7331, 7694, 8960, 9368, 9927] (17)
[3, 505, 785, 1030, 1894, 5309, 6416, 6940, 7414, 8183, 8613, 8717, 8961, 9136, 9811] (15)
[594, 671, 1130, 2099, 2128, 2412, 2414, 2700, 2995, 3088, 3241, 3404, 3470, 3570, 3664, 4880, 4958, 5278, 5779, 5952, 6000, 6118, 6256, 6520, 6543, 6890, 8052, 8157, 8172, 8309, 8554, 8971, 9007, 9055, 9177, 9438, 9561, 9584, 9983] (39)
[525, 972, 1158, 1291, 1314, 3742, 5329, 5903, 5954, 6692, 6789, 6931, 7052, 7396, 7517, 7870, 8741, 9088] (18)
[747, 1133, 1690, 2641, 2725, 3196, 3435, 3577, 3613, 4254, 4397, 4948, 5897, 6154, 6735, 7028, 7273, 7582, 7583, 8017, 8453, 8479, 8481, 8566, 8574, 8819, 8974, 9091, 9300, 9338, 9518, 9849] (32)
[735, 1706, 2032, 2042, 2787, 3193, 4316, 5111, 6286, 7167, 7457, 7837, 8821, 9100, 9517, 9826] (16)
[863, 1254, 1319, 3113, 3260, 5265, 5490, 5661, 6709, 6943, 7315, 7635, 8407, 8750, 9121] (15)
[250, 628, 1223, 1973, 2295, 3248, 4348, 5543, 5945, 6222, 6478, 6585, 6850, 7632, 8294, 8531, 9152, 9388, 9968] (19)
[582, 2239, 2277, 2480, 2582, 3437, 3927, 4699, 5712, 7118, 7285, 7345, 8286, 8643, 9153, 9158, 9441, 9541, 9652, 9969] (20)
[1201, 1312, 1689, 2041, 2388, 2468, 2675, 3282, 4123, 4262, 4812, 4826, 4902, 7461, 7482, 7577, 9210, 9394] (18)
[246, 823, 1025, 1992, 2406, 2722, 2833, 3335, 3440, 3675, 4143, 6669, 7663, 8002, 8890, 9216] (16)
[368, 944, 1027, 2107, 3206, 3467, 3992, 5523, 6191, 6363, 6945, 6953, 7933, 7939, 8049, 8209, 8693, 8985, 9217] (19)
[15, 389, 781, 1384, 1579, 1628, 2808, 3090, 3331, 3373, 3566, 3610, 3944, 4192, 4450, 4532, 6126, 6748, 7596, 8185, 8236, 8367, 8594, 8698, 8756, 9218, 9318, 9487, 9743] (29)
[138, 1000, 1031, 4125, 4208, 4529, 5140, 5501, 5611, 6063, 6418, 6641, 7581, 8823, 9095, 9222, 9821] (17)
[583, 878, 1472, 2462, 2490, 3723, 4779, 5545, 5556, 6717, 7836, 8713, 9023, 9248, 9273] (15)
[710, 950, 1247, 2067, 2220, 2390, 2968, 3235, 3350, 4574, 4691, 5364, 5940, 6255, 6550, 6768, 8029, 8218, 9280] (19)
[23, 186, 793, 859, 2466, 2574, 2694, 3298, 3475, 3886, 3991, 4413, 6595, 6886, 7092, 8486, 9149, 9281, 9752] (19)
[31, 107, 539, 905, 1095, 1466, 1873, 2126, 3519, 4173, 5242, 5281, 5342, 5846, 7122, 7142, 7258, 7294, 7395, 7756, 8497, 9014, 9282] (23)
[180, 333, 573, 694, 2275, 3215, 4247, 4757, 7208, 7231, 7317, 7534, 8538, 8993, 9164, 9283] (16)
[540, 552, 2020, 3278, 3433, 4296, 4339, 6581, 7782, 8932, 9058, 9312, 9679, 9874, 9986] (15)
[703, 829, 913, 942, 1532, 2191, 2346, 2861, 3986, 5961, 6138, 6645, 7603, 7926, 9344, 9920] (16)
[688, 720, 969, 1749, 2503, 2521, 2800, 3419, 3942, 4190, 5528, 7301, 9087, 9345, 9417, 9689] (16)
[51, 188, 435, 439, 462, 928, 1948, 3592, 3621, 3717, 3720, 3857, 4477, 4876, 6011, 6278, 6908, 7545, 9348, 9532, 9701, 9817, 9865] (23)
[1106, 1850, 2444, 3348, 4716, 5151, 5392, 6534, 6786, 7696, 7784, 8742, 9407, 9581, 9767] (15)
[96, 212, 1060, 1081, 2260, 3250, 3555, 3800, 4405, 5239, 6871, 7927, 8301, 8924, 9408] (15)
[332, 1286, 1528, 1953, 2132, 2253, 2961, 3087, 3875, 4090, 4368, 4619, 4656, 5546, 5672, 5900, 5959, 6602, 7353, 7576, 7776, 7965, 8317, 8375, 8766, 8841, 9472] (27)
[204, 1098, 1612, 2178, 2575, 3077, 3506, 3667, 4106, 4499, 4601, 4759, 5427, 5458, 5812, 6021, 7733, 7818, 8184, 8293, 8343, 8366, 8429, 8506, 8734, 8752, 9020, 9473, 9592, 9756] (30)
[496, 648, 657, 2100, 2438, 3722, 4031, 4550, 5147, 5942, 6790, 7109, 7339, 7655, 8227, 8324, 9475, 9513] (18)
[1246, 1285, 1647, 1759, 3745, 3988, 4200, 4329, 4629, 4725, 5457, 6887, 7230, 8471, 9425, 9476, 9842] (17)
[195, 541, 1134, 1396, 3735, 3881, 4559, 4663, 5230, 5732, 6531, 7666, 8550, 8746, 9505] (15)
[335, 809, 986, 1087, 1478, 2900, 4931, 5001, 5613, 5751, 5866, 5925, 6460, 6744, 9001, 9147, 9537, 9612] (18)
[572, 626, 2139, 2210, 2446, 2535, 3188, 4369, 4824, 4849, 5330, 5689, 5742, 6221, 6727, 7166, 9195, 9302, 9538, 9686] (20)
[2181, 2352, 3194, 3941, 4022, 4078, 4487, 4761, 5709, 5754, 6263, 6674, 6795, 6932, 7147, 9539] (16)
[602, 798, 1339, 1372, 1915, 2871, 3775, 3922, 4435, 5219, 5310, 5464, 5753, 6740, 6847, 7475, 8428, 8523, 9457, 9543, 9791, 9901, 9958] (23)
[597, 1049, 1101, 1229, 2149, 2281, 2746, 3462, 3615, 4653, 5256, 5674, 7608, 7631, 9560] (15)
[164, 278, 2810, 2878, 3165, 3402, 3411, 3650, 4035, 4557, 4998, 5006, 5081, 5771, 5893, 6404, 6733, 7192, 7731, 8094, 9010, 9600] (22)
[606, 675, 1185, 1347, 1955, 2936, 4019, 4257, 4549, 5044, 5173, 5337, 5338, 6313, 7753, 9129, 9602] (17)
[17, 767, 1013, 2519, 3424, 3601, 6429, 6536, 6582, 9228, 9324, 9603, 9629, 9653, 9754, 9850, 9886] (17)
[1935, 1969, 2463, 2731, 3211, 3550, 3598, 4423, 4436, 5927, 8072, 8075, 8081, 9634, 9907] (15)
[1791, 2224, 2257, 2858, 3540, 3547, 4995, 5435, 6103, 6235, 6314, 6369, 6628, 6824, 7236, 7626, 8436, 8759, 9664] (19)
[94, 1404, 1705, 3472, 3757, 4697, 4821, 5409, 7714, 7900, 8093, 8503, 9447, 9665, 9760, 9797] (16)
[229, 436, 1231, 1275, 1582, 1780, 2375, 2614, 2852, 3098, 4827, 4957, 5224, 5581, 5914, 6872, 7578, 7831, 8087, 9295, 9627, 9667] (22)
[946, 1383, 1515, 1660, 1719, 2104, 2612, 2791, 3255, 3308, 3560, 4447, 4461, 4473, 5813, 6506, 7647, 8284, 8332, 8409, 8542, 9610, 9668] (23)
[402, 873, 1936, 2349, 2824, 3417, 4213, 4603, 4714, 5011, 5119, 5335, 6172, 6817, 7287, 9063, 9670] (17)
[146, 185, 1304, 1886, 2401, 3352, 3689, 3751, 4091, 4220, 4990, 5092, 5483, 7034, 7326, 7341, 9671, 9703, 9962] (19)
[165, 491, 653, 736, 1256, 1587, 2165, 2180, 2478, 2747, 3528, 3864, 4076, 5227, 5228, 6270, 7787, 7938, 8423, 8445, 8562, 8888, 8980, 8998, 9206, 9225, 9596, 9608, 9728, 9840] (30)
[300, 820, 1072, 2354, 3000, 4048, 4823, 5097, 5806, 6503, 6591, 7992, 8534, 8808, 9729] (15)
[684, 908, 1001, 1523, 2225, 4390, 4904, 5371, 5527, 5871, 6590, 7333, 7846, 9732, 9855] (15)
[1535, 2456, 2636, 2972, 3479, 3749, 3888, 3982, 6013, 6093, 6378, 6421, 6424, 6934, 7338, 8447, 8585, 8834, 9199, 9792, 9990] (21)
[232, 337, 375, 778, 1173, 2697, 2990, 5103, 5157, 5500, 5687, 6057, 6823, 6910, 7829, 9630, 9731, 9793] (18)
[69, 282, 398, 850, 887, 1119, 1608, 2101, 2618, 3234, 3522, 3606, 3977, 5513, 5951, 6220, 6269, 6616, 8651, 9034, 9856] (21)
[423, 867, 1646, 2653, 4465, 4835, 4900, 5641, 6673, 6722, 7399, 8584, 8796, 9427, 9494, 9858] (16)
[608, 1261, 1444, 1659, 2465, 3037, 3691, 4240, 4341, 5079, 6234, 6560, 6625, 7392, 7686, 9050, 9406, 9859] (18)
[101, 811, 822, 2439, 3230, 3759, 3772, 4105, 4119, 5658, 6074, 6951, 7182, 7752, 7864, 8648, 9183, 9498, 9860] (19)
[176, 2788, 2832, 3125, 3697, 5255, 6343, 6474, 6986, 8190, 8500, 8762, 9304, 9559, 9889] (15)
[1265, 2188, 2424, 2943, 4126, 4620, 7144, 7561, 7668, 8084, 8217, 8941, 9501, 9723, 9895] (15)
[42, 182, 723, 982, 1518, 3818, 6797, 6903, 7699, 8464, 8783, 9004, 9395, 9897, 9918] (15)
[412, 783, 828, 1937, 2115, 3630, 4108, 4115, 5037, 6586, 6668, 6695, 8381, 8753, 8983, 9738, 9921] (17)
[43, 753, 825, 2089, 2254, 2279, 3728, 4279, 5326, 5396, 6115, 8204, 8214, 9400, 9526, 9929] (16)
[1205, 1860, 1950, 2013, 2278, 2634, 3222, 4508, 5115, 7205, 7227, 7960, 8354, 9068, 9952] (15)
[166, 660, 704, 786, 2029, 2483, 2838, 3175, 3921, 4224, 4497, 6403, 6524, 6545, 7350, 7921, 7966, 8205, 9134, 9586, 9984] (21)
[360, 870, 1578, 1796, 1923, 2659, 2914, 3031, 4085, 4396, 4755, 4773, 5621, 6280, 7038, 7400, 8285, 8928, 9204, 9588, 9699, 9985] (22)
[1812, 2963, 3482, 4494, 4775, 4791, 4811, 5129, 5130, 6312, 6686, 7055, 7212, 7334, 7562, 9437, 9991] (17)
