[1, 186, 905, 2328, 2551, 2827, 3823, 5192, 6045, 6199, 6489, 7237, 7441, 7967, 8656, 8892, 9809] (17)
[2, 261, 1267, 1958, 2060, 4063, 4381, 4725, 5395, 5397, 5498, 7116, 7788, 8260, 8348, 8358, 8442, 9436] (18)
[3, 273, 404, 1047, 1259, 1504, 1519, 1889, 2244, 2299, 2685, 2930, 4140, 5137, 7063, 7287, 7520, 7743, 9233, 9369, 9374, 9449, 9654] (23)
[11, 17, 371, 2220, 4651, 4882, 5452, 6439, 6816, 6957, 7092, 7099, 7182, 7665, 7953, 7962] (16)
[32, 922, 1018, 3615, 4972, 5876, 6250, 6359, 6364, 6615, 7004, 7532, 9199, 9613, 9953] (15)
[7, 64, 1066, 1083, 1480, 3654, 3935, 4164, 4486, 4586, 5817, 6069, 7114, 7497, 8439] (15)
[65, 190, 305, 382, 649, 1084, 1770, 2187, 4168, 4769, 4934, 6232, 6254, 7493, 7635, 9045] (16)
[66, 175, 2095, 2250, 3267, 4029, 4583, 4717, 4791, 4947, 5058, 5291, 5582, 5832, 6082, 6103, 6985] (17)
[69, 110, 414, 585, 1321, 3039, 4004, 5430, 5926, 6556, 6695, 6834, 6993, 7102, 8102, 8532, 8716, 8807] (18)
[128, 215, 1375, 2142, 2190, 2249, 2400, 3710, 5630, 6088, 6240, 7752, 8393, 8474, 9563, 9671, 9747] (17)
[129, 337, 671, 842, 869, 1258, 1391, 2347, 2420, 4199, 4927, 5393, 5670, 6258, 6379, 7013, 7062, 7574, 7691, 7694, 7914, 8396, 8974, 9080] (24)
[130, 377, 1177, 1521, 1648, 1928, 2326, 5267, 5541, 5754, 6002, 6005, 6624, 6922, 7133, 7660, 7748, 8468, 8810, 9109] (20)
[160, 581, 938, 1331, 3390, 3745, 4166, 4920, 5209, 5285, 5764, 8226, 8362, 9250, 9937] (15)
[192, 1206, 1554, 2833, 3245, 3513, 4952, 5718, 5919, 6039, 6553, 7097, 7513, 8126, 8584] (15)
[80, 196, 372, 582, 1161, 2123, 2789, 3427, 4087, 4118, 4620, 5178, 5704, 6885, 7737, 7901, 8772, 8927] (18)
[225, 2301, 2317, 2385, 2910, 4482, 4823, 5715, 6423, 6940, 7646, 8359, 8570, 9346, 9934] (15)
[256, 524, 1364, 1614, 2014, 2067, 2520, 2814, 3145, 3180, 4354, 4365, 5336, 5716, 6274, 6348, 6369, 6606, 6778, 7465, 7525, 8321, 8389, 8467] (24)
[257, 1002, 2423, 3048, 3126, 3635, 3672, 5003, 5098, 5489, 6492, 7882, 8349, 8432, 8911] (15)
[258, 1399, 2196, 2595, 2661, 2914, 3308, 3822, 4142, 4342, 5877, 6590, 7753, 8563, 9176, 9705, 9764, 9789, 9862] (19)
[140, 265, 730, 1300, 1817, 2615, 2680, 2904, 3040, 4967, 5349, 6673, 6710, 7704, 7950, 8406, 9441, 9815, 9873] (19)
[288, 1835, 2198, 2219, 2604, 2728, 3873, 6568, 6576, 6696, 7617, 8074, 8608, 8643, 8783] (15)
[321, 1010, 1777, 1863, 2375, 2476, 2774, 3547, 3579, 3965, 4335, 4500, 4739, 4784, 5276, 5500, 5618, 6174, 6264, 7280, 7750, 8133, 8509, 8823, 9788] (25)
[83, 356, 1949, 3694, 3806, 4598, 5017, 5737, 6285, 6313, 6693, 7768, 8105, 8915, 9445] (15)
[150, 384, 402, 2997, 3213, 3885, 3902, 3969, 6201, 7203, 7419, 7821, 8116, 8400, 8615, 9350] (16)
[385, 1720, 2127, 2723, 2732, 3138, 3881, 4100, 4917, 5529, 5977, 6426, 6456, 7555, 7938, 9171, 9655] (17)
[387, 409, 536, 1256, 1395, 2991, 3491, 3726, 4073, 4623, 4974, 6507, 6894, 7096, 7274, 7285, 7292, 7600, 8982, 9526] (20)
[388, 490, 1416, 1506, 2693, 2766, 4069, 4081, 4563, 6347, 6881, 7640, 8914, 9237, 9290, 9340] (16)
[389, 485, 775, 1124, 1146, 1502, 1871, 3465, 3827, 3980, 4529, 4619, 5596, 5807, 6752, 9359, 9646] (17)
[88, 392, 509, 1045, 1100, 1229, 1818, 3792, 4463, 4914, 5968, 7249, 7516, 8543, 9073, 9996] (16)
[163, 306, 417, 691, 1406, 1797, 1939, 3005, 4538, 5270, 5328, 5719, 7091, 7683, 9240] (15)
[230, 396, 448, 633, 1468, 1783, 3033, 4666, 5104, 6383, 7016, 7094, 7224, 8152, 8251, 8903, 9533, 9842] (18)
[325, 449, 971, 1086, 3172, 3717, 3845, 3866, 4858, 4949, 6633, 7675, 7900, 8293, 8672, 9421] (16)
[297, 453, 1822, 2442, 3231, 4178, 5012, 5070, 5135, 5262, 5657, 6819, 7464, 8022, 8990, 9777] (16)
[318, 459, 504, 855, 2452, 2602, 2614, 3036, 3186, 3936, 4057, 5994, 6630, 7143, 7318, 7403, 7674, 9119] (18)
[264, 512, 959, 1516, 2116, 2208, 2267, 2750, 3129, 3265, 4533, 4956, 5092, 5115, 5419, 5440, 5731, 5840, 6777, 7181, 7297, 7357, 8135, 8701, 8770, 8898, 9799, 9875, 9988] (29)
[370, 513, 591, 884, 1226, 2422, 2524, 3700, 3922, 3957, 4709, 6901, 7836, 9298, 9947] (15)
[514, 561, 1020, 2617, 2866, 3917, 5935, 5940, 5984, 6099, 6578, 6852, 7112, 7221, 7378, 7731, 7979, 8167] (18)
[78, 518, 790, 2934, 3183, 3188, 3218, 4136, 4748, 5547, 5642, 6478, 6677, 6994, 7034, 7934, 8313, 8613, 8976, 9335] (20)
[528, 1596, 2164, 3832, 5360, 5490, 5564, 6257, 7338, 7467, 7473, 7571, 7697, 7977, 9214, 9616] (16)
[446, 576, 1113, 1873, 2129, 3670, 3796, 4147, 5334, 5812, 6131, 7233, 7530, 7632, 7921, 9839] (16)
[610, 1234, 1252, 1470, 2029, 2290, 2782, 4027, 4594, 5622, 7759, 8003, 8189, 9301, 9531] (15)
[612, 1562, 2260, 2318, 3721, 3915, 4461, 5880, 6535, 7082, 7861, 8088, 8603, 8849, 9897] (15)
[641, 1033, 1285, 1721, 2882, 3601, 3707, 4023, 6165, 6862, 7178, 7325, 7362, 7415, 7550, 7559] (16)
[502, 642, 1138, 2207, 3543, 4072, 4252, 4460, 4475, 5455, 5594, 5766, 5957, 6182, 6506, 7059, 7381, 7393, 8573, 8843, 8952, 9320, 9725] (23)
[18, 644, 1651, 1761, 1784, 1790, 2473, 4075, 4581, 4830, 4881, 5637, 5865, 6471, 6605, 6900, 6917, 7778, 8482] (19)
[8, 646, 1050, 1058, 1061, 1896, 2826, 3295, 4078, 4131, 7089, 7544, 7695, 8309, 8946, 8988, 9325] (17)
[376, 416, 634, 651, 3251, 3291, 4596, 4757, 5427, 6443, 6923, 7191, 7279, 7649, 9501, 9976] (16)
[52, 543, 655, 1190, 1959, 2842, 2848, 3479, 4002, 5599, 6462, 6750, 7825, 8229, 8254, 8271] (16)
[451, 586, 672, 812, 1119, 1844, 4360, 5636, 6260, 7396, 7736, 7772, 8233, 9272, 9437] (15)
[193, 704, 838, 2052, 2561, 2582, 3395, 3856, 4114, 4155, 4387, 5864, 7805, 8975, 9128, 9190, 9606] (17)
[34, 705, 849, 1242, 1688, 1850, 1878, 2094, 2293, 2681, 3163, 3682, 4293, 4803, 5441, 5701, 5727, 5872, 5978, 6230, 8223, 9066, 9333, 9685, 9830] (25)
[84, 711, 974, 1696, 1956, 3562, 3769, 3933, 4192, 4452, 4903, 5464, 6198, 6233, 6375, 6440, 6625, 6992, 8871, 8954, 9013, 9141, 9935] (23)
[712, 1052, 1390, 1584, 2206, 3196, 3919, 4013, 4041, 5662, 5695, 5862, 6579, 6943, 7068, 8610, 9438, 9624] (18)
[89, 440, 768, 1322, 1623, 1888, 2162, 2172, 2203, 2437, 3035, 3171, 3197, 4585, 5814, 6794, 6832, 7302, 7641, 7657, 7663, 7682, 8112, 8405, 8539, 8579, 8663, 9223, 9579] (29)
[267, 458, 487, 769, 1071, 1089, 1517, 1868, 1883, 1895, 2061, 2238, 2608, 2877, 3571, 4350, 4632, 4738, 5089, 6113, 6217, 6485, 6522, 6623, 6925, 7183, 7235, 7433, 8605, 8922, 9929, 9948] (32)
[684, 770, 1140, 1218, 1902, 2544, 2881, 3274, 3466, 3534, 3751, 5031, 5052, 5114, 5685, 5802, 5805, 5809, 5995, 6052, 6057, 6351, 6467, 6882, 7215, 7236, 7431, 7636, 8365, 8616, 8780, 8789, 8901, 9304, 9559] (35)
[771, 1860, 2761, 2867, 2940, 3484, 4924, 5866, 6200, 6463, 6688, 7214, 7304, 7450, 8939, 9383, 9428, 9657] (18)
[16, 381, 778, 1115, 1373, 2456, 2654, 3257, 5459, 6252, 7522, 8056, 8664, 8864, 9599, 9869] (16)
[832, 843, 1135, 3270, 4133, 5256, 5345, 5808, 6514, 6602, 6954, 8693, 8762, 8949, 9652] (15)
[763, 867, 2059, 2901, 3061, 3752, 4039, 4205, 4208, 7422, 7429, 8361, 8729, 8822, 9555] (15)
[115, 296, 803, 896, 1802, 1910, 1919, 2351, 3433, 4102, 4694, 7549, 9459, 9644, 9695, 9734] (16)
[897, 1141, 1142, 3471, 3727, 3930, 5010, 5130, 5169, 5480, 5640, 6204, 6759, 7187, 7577, 9076, 9319, 9323, 9515, 9532] (20)
[132, 134, 232, 254, 898, 1030, 1253, 2027, 2924, 3872, 5037, 5634, 6044, 7558, 9370, 9736] (16)
[14, 574, 902, 1952, 2093, 2380, 2518, 3874, 4561, 5687, 7054, 7456, 8655, 9497, 9610, 9867] (16)
[517, 620, 796, 930, 1164, 1333, 2837, 4079, 4266, 6350, 6987, 7533, 7831, 9349, 9872] (15)
[55, 847, 960, 1798, 2245, 2586, 3421, 3808, 3892, 4574, 4613, 5023, 6944, 7025, 7547, 9557] (16)
[108, 236, 378, 452, 961, 1404, 1497, 1861, 1995, 2071, 2387, 3002, 3081, 3194, 3647, 3960, 4673, 5953, 6334, 6587, 7932, 8049, 8147, 8681, 9235, 9538, 9946] (27)
[590, 964, 1162, 3532, 4527, 4539, 4705, 5501, 5990, 6700, 7402, 7598, 8231, 8797, 9033, 9699, 9768] (17)
[463, 874, 945, 966, 2037, 2211, 2352, 3492, 4584, 5472, 5742, 5948, 6829, 7978, 7997, 8736, 9554] (17)
[330, 779, 1024, 1236, 2218, 2472, 2631, 3895, 4588, 4657, 4686, 7095, 7877, 8106, 9194] (15)
[133, 498, 1028, 1068, 2394, 2829, 3174, 4232, 4734, 4939, 5465, 6494, 7005, 7195, 7290, 8028, 8290, 9236, 9763, 9945] (20)
[725, 904, 1056, 1433, 1746, 1806, 1855, 2898, 4134, 4378, 7327, 7611, 7721, 9256, 9364] (15)
[908, 1152, 1353, 1455, 1945, 2327, 3073, 3342, 4416, 4671, 5524, 5610, 6169, 6253, 6544, 6787, 6825, 6929, 7332, 7370, 7662, 8002, 8225, 9254, 9727] (25)
[120, 560, 614, 1153, 1350, 1618, 1759, 1996, 2038, 2121, 2168, 2639, 3134, 3156, 3160, 3451, 3765, 4660, 4729, 4863, 5181, 5351, 6286, 6329, 6505, 6859, 6878, 7243, 7273, 7481, 7496, 8025, 8743, 8751, 8793, 9903] (36)
[383, 1155, 1803, 2993, 3144, 3193, 5515, 5917, 6150, 6173, 7303, 7546, 7816, 9634, 9641, 9757] (16)
[245, 473, 733, 1158, 1508, 1738, 1938, 2461, 2490, 2656, 2706, 3224, 3406, 3985, 6654, 6763, 7149, 7389, 7502, 7904, 8682, 9852] (22)
[147, 519, 723, 1186, 1203, 1303, 2255, 3570, 3857, 4430, 4663, 6844, 7612, 8733, 9103] (15)
[81, 1216, 1736, 2522, 2767, 3419, 3517, 3858, 4756, 6219, 7372, 8148, 8414, 9024, 9197] (15)
[279, 741, 1220, 2154, 2676, 3016, 3060, 3166, 4265, 4805, 4913, 5095, 5105, 5740, 6371, 6652, 7021, 7289, 7430, 7528, 7799, 8096, 8208, 8535, 9435, 9735] (26)
[280, 1042, 1280, 1418, 2183, 3483, 4247, 5068, 5320, 5346, 6061, 6947, 7347, 7822, 8485, 9395, 9689] (17)
[308, 532, 710, 1254, 1286, 1476, 1846, 2043, 2252, 2279, 2669, 2769, 2885, 3790, 3939, 4031, 4056, 4587, 4654, 4937, 5326, 5339, 5420, 5997, 6713, 6722, 6730, 7139, 7146, 7270, 7756, 7876, 8270, 8920, 8929, 9015, 9300, 9316, 9820] (39)
[987, 1079, 1312, 2283, 2772, 3004, 3385, 3644, 3926, 4507, 5157, 5694, 6084, 7022, 9322] (15)
[10, 135, 1003, 1344, 2253, 2298, 3556, 3991, 4050, 4223, 4312, 4484, 5829, 6655, 7036, 8694, 9314, 9812] (18)
[892, 993, 1347, 1611, 1819, 3704, 3791, 4329, 4468, 5079, 5203, 6476, 6883, 7110, 7136, 8072, 8645, 8676, 8785, 8916, 9239, 9581, 9637] (23)
[365, 726, 744, 798, 983, 1136, 1291, 1352, 2083, 2408, 2538, 2804, 3041, 4238, 4815, 5215, 6046, 6346, 6632, 8211, 8665, 9087, 9203] (23)
[627, 1105, 1408, 1612, 2609, 3083, 3389, 5308, 6547, 7164, 7213, 7818, 8747, 9631, 9855, 9866] (16)
[139, 1025, 1409, 1503, 2091, 2507, 2536, 2879, 4172, 4515, 4810, 5467, 7111, 8403, 8702, 8947, 9590, 9718] (18)
[292, 1275, 1363, 1412, 2086, 2204, 2480, 3409, 4658, 5170, 5556, 6387, 9012, 9510, 9584] (15)
[848, 936, 1442, 1978, 2101, 3123, 3149, 3814, 4020, 5946, 6312, 7620, 9070, 9220, 9544] (15)
[281, 1445, 2495, 3223, 4156, 4616, 6224, 6731, 6986, 7354, 7480, 7782, 8540, 8683, 9225] (15)
[197, 1173, 1473, 2178, 2567, 2980, 4679, 5156, 5234, 7830, 7832, 8592, 8863, 9245, 9416] (15)
[137, 648, 1475, 2106, 2215, 2399, 3255, 6570, 7098, 7263, 7281, 7484, 8248, 8740, 9007, 9578] (16)
[1400, 1528, 2512, 3148, 3311, 3689, 3951, 4043, 4554, 5744, 6118, 6360, 7101, 7677, 8445, 9810] (16)
[157, 418, 1536, 1570, 1816, 2457, 2689, 2751, 3229, 3333, 3849, 5449, 5525, 7500, 8333, 8440, 9252, 9930] (18)
[145, 1543, 1887, 3239, 3735, 4622, 4631, 5177, 5561, 5671, 5777, 6042, 7570, 7840, 8350, 8369, 8847] (17)
[703, 1462, 1545, 1557, 2554, 2798, 4068, 4892, 5366, 5852, 7930, 8158, 9050, 9394, 9454, 9575, 9845, 9997] (18)
[872, 981, 1129, 1549, 1647, 2736, 4704, 4750, 4762, 6357, 6372, 6762, 6968, 7159, 7784, 8083, 8597, 9189, 9762, 9877] (20)
[570, 663, 1569, 1730, 2873, 3975, 4310, 5928, 6035, 6192, 6427, 7995, 8545, 8654, 9405] (15)
[303, 693, 1069, 1309, 1571, 1940, 2636, 2982, 4813, 7955, 8534, 9257, 9291, 9527, 9756] (15)
[831, 952, 953, 1324, 1556, 1600, 1765, 2258, 3563, 4564, 5558, 5699, 6100, 6995, 9313] (15)
[460, 603, 1094, 1603, 1702, 1739, 2025, 2156, 2878, 3067, 3812, 4066, 5127, 5659, 5879, 8181, 8902, 9679, 9790, 9924] (20)
[90, 1632, 1780, 1982, 2815, 3217, 4648, 5237, 6416, 6586, 7314, 7714, 7842, 8809, 9468] (15)
[507, 640, 1664, 3840, 4132, 4324, 5020, 5470, 5576, 5643, 7560, 7806, 8246, 8964, 9632] (15)
[592, 1520, 1665, 2078, 2099, 2455, 2951, 3209, 3495, 5303, 5402, 5641, 6775, 7849, 8340, 8560, 9894] (17)
[103, 366, 680, 1583, 1666, 1804, 2311, 2411, 3131, 3555, 3693, 3779, 4772, 4962, 5854, 8311, 9495] (17)
[180, 1667, 1937, 5374, 5492, 5785, 5833, 7028, 7081, 7595, 7813, 8528, 8814, 9251, 9368, 9881] (16)
[1671, 1812, 1916, 2361, 3184, 3613, 4001, 4900, 4915, 4957, 5231, 6569, 6671, 7319, 8511, 8558, 8766, 8885, 9116] (19)
[363, 434, 1675, 1685, 2028, 2875, 3996, 4628, 4656, 4710, 5778, 6303, 6365, 6930, 7572, 8220, 8437, 8800, 8877, 9964] (20)
[59, 1728, 2237, 2368, 2501, 4831, 5530, 5627, 5734, 6159, 6179, 6934, 6974, 7308, 8394, 8549, 8555, 9147, 9715] (19)
[302, 1072, 1423, 1687, 1732, 2488, 3501, 3530, 3929, 4565, 5725, 7293, 7884, 8848, 9086] (15)
[549, 1074, 1151, 1792, 1925, 3170, 3725, 4011, 4618, 5673, 7179, 8001, 8391, 8585, 8827, 9097, 9372] (17)
[109, 594, 628, 999, 1011, 1793, 2413, 4226, 5536, 5648, 6386, 6516, 6805, 6938, 7069, 8243, 8312, 8692] (18)
[156, 1469, 1795, 2686, 2745, 3643, 3658, 4267, 5422, 5666, 6196, 7056, 8598, 8600, 8636, 8678, 8893, 9434] (18)
[153, 554, 677, 1041, 1785, 1800, 1809, 3564, 4368, 4497, 4670, 5021, 5885, 9481, 9635, 9843] (16)
[478, 901, 1288, 1627, 1824, 3165, 5002, 5528, 5861, 7298, 7838, 7920, 9022, 9576, 9739] (15)
[1148, 1260, 1856, 2054, 2569, 3300, 3568, 4276, 4344, 5639, 6114, 6920, 7048, 7447, 8688, 9596, 9611, 9617, 9828, 9998] (20)
[698, 823, 1118, 1243, 1858, 2165, 2584, 2610, 3317, 4121, 4264, 4513, 5592, 5677, 7739, 7833, 8660] (17)
[852, 1366, 1864, 3348, 3604, 4017, 4380, 4854, 4856, 4909, 5656, 6475, 6679, 7218, 8142, 8531, 9264] (17)
[1920, 2192, 2320, 3280, 3445, 3480, 4403, 4567, 6128, 6239, 6744, 7125, 7198, 7295, 7596] (15)
[164, 1672, 1775, 1921, 2945, 3436, 4108, 4778, 5062, 5064, 5774, 5882, 6839, 7267, 7356, 7408, 8070, 8429, 8700, 8804, 9614] (21)
[53, 909, 928, 1211, 1283, 1923, 3020, 3355, 3598, 3741, 4399, 5765, 8292, 8993, 9107, 9744] (16)
[1924, 2571, 2845, 3365, 4113, 4390, 4422, 4496, 4889, 6575, 8714, 9085, 9343, 9461, 9846] (15)
[49, 313, 760, 1464, 1734, 1984, 1988, 2811, 2912, 3159, 3263, 3297, 3683, 5171, 7228, 7261, 7585, 8069, 8586, 8696, 9167, 9302, 9549, 9686] (24)
[1224, 1985, 2647, 2888, 2996, 3998, 4019, 5006, 6009, 6241, 6969, 6998, 7418, 8622, 9618] (15)
[205, 563, 845, 1181, 1929, 1990, 3774, 4022, 4148, 5335, 5555, 5654, 6176, 6300, 6563, 6581] (16)
[782, 1054, 2048, 2224, 2725, 2793, 3026, 3318, 3847, 3851, 3855, 4692, 4989, 5246, 5400, 5850, 6012, 7012, 7341, 7385, 7482, 8450, 8879, 9051, 9173, 9511] (26)
[212, 361, 1880, 2049, 2431, 2525, 2802, 4758, 4988, 5074, 6251, 6403, 6665, 7815, 8580, 9674, 9966] (17)
[136, 1305, 1899, 2050, 2314, 2846, 3247, 3622, 3684, 4196, 4385, 4395, 4719, 5502, 6004, 6376, 7216, 7335, 8995, 8996] (20)
[23, 415, 688, 1048, 1901, 2057, 2104, 2938, 3154, 4506, 4774, 4904, 5146, 5607, 5650, 6820, 7639, 7864] (18)
[1126, 1270, 1980, 2112, 3074, 3671, 4464, 5183, 5220, 5983, 6543, 6596, 7142, 8933, 9157, 9431] (16)
[298, 1235, 2115, 2275, 2601, 3506, 3753, 3875, 3878, 4174, 4926, 5796, 6562, 7344, 8754, 9432, 9886] (17)
[542, 719, 1449, 1460, 2117, 2863, 3620, 3797, 5201, 5407, 5426, 6175, 6421, 7073, 7088, 7712, 7839, 8230, 8882] (19)
[200, 239, 442, 562, 1496, 2144, 3259, 3301, 5708, 5845, 6836, 8924, 9585, 9702, 9990] (15)
[669, 907, 1568, 2177, 2504, 2694, 4250, 4733, 4998, 5414, 5916, 5938, 6297, 6395, 6802, 7315, 8565, 9285, 9442, 9750] (20)
[873, 1150, 1680, 2186, 2460, 2592, 3914, 4092, 4495, 4760, 6521, 6936, 6967, 8568, 8973, 9275, 9825] (17)
[836, 925, 942, 1316, 1960, 2240, 3266, 4325, 4431, 4655, 7201, 7707, 8594, 9016, 9406] (15)
[1102, 1601, 2096, 2241, 2324, 2489, 4639, 5196, 5331, 5548, 6181, 6572, 7086, 7823, 7867, 8732, 9035, 9271, 9360, 9648, 9896] (21)
[545, 676, 1301, 1377, 2243, 2371, 3258, 4219, 4963, 5933, 7072, 7594, 7924, 8357, 8497, 9386, 9942] (17)
[79, 731, 1376, 2246, 2381, 2464, 2652, 4188, 4303, 5086, 6109, 6247, 6266, 6414, 6616, 7634, 8300, 8315, 8792, 9161, 9683] (21)
[102, 1294, 1298, 2248, 2345, 2579, 3152, 3277, 3732, 3743, 5921, 6418, 6446, 7348, 7539, 7580, 7604, 8094, 8465, 9506, 9751] (21)
[767, 2163, 2272, 2550, 2675, 3094, 3964, 4103, 4285, 4473, 5252, 8659, 8874, 9593, 9857] (15)
[210, 401, 1189, 1915, 2297, 2304, 2713, 3116, 3699, 4483, 4488, 5663, 6056, 6592, 6780, 6801, 7937, 9784] (18)
[360, 1130, 1185, 1371, 2221, 2307, 3367, 3546, 3724, 5149, 5182, 5578, 6060, 6074, 7383, 8492, 9014, 9219, 9397, 9891, 9913] (21)
[673, 1814, 2370, 2977, 3021, 3610, 3677, 3736, 4556, 4644, 4688, 6631, 7058, 7720, 7933, 8415, 9123, 9816] (18)
[290, 2262, 2432, 2700, 3464, 3519, 4127, 4650, 4990, 5506, 7137, 7211, 7566, 8466, 9112, 9265, 9796, 9833] (18)
[182, 194, 369, 834, 1380, 2085, 2089, 2384, 2433, 3158, 4812, 5172, 8009, 8735, 8737, 9145] (16)
[2045, 2434, 2447, 3023, 3227, 4394, 4491, 5531, 5703, 6278, 7898, 8026, 8342, 8824, 9131, 9940, 9993] (17)
[262, 529, 1831, 2306, 2465, 2563, 2928, 3316, 5097, 5743, 6040, 7537, 7859, 8186, 9919] (15)
[151, 553, 2497, 2836, 3523, 3994, 4179, 4560, 5035, 5188, 5537, 6129, 6291, 6815, 7588, 8091, 8760, 9380, 9492, 9822] (20)
[323, 480, 935, 989, 1604, 2498, 3070, 3164, 3786, 3909, 4045, 5076, 5729, 5837, 6434, 7115, 7154, 7899, 8018, 8139, 8489, 8530] (22)
[616, 1099, 1174, 1560, 2378, 2560, 2773, 5229, 6999, 7444, 7943, 8819, 8850, 9166, 9831] (15)
[1779, 2446, 2565, 3425, 4465, 4576, 4836, 5244, 5863, 6157, 6951, 7039, 7061, 7460, 7834, 8221, 8551, 9208] (18)
[125, 604, 1290, 1619, 2143, 2427, 2594, 2825, 3801, 3974, 4357, 4523, 5748, 5895, 7250] (15)
[266, 2624, 3526, 3737, 3903, 4036, 4065, 4943, 5383, 5721, 6090, 6193, 6733, 8395, 8571, 9317, 9475, 9834, 9943] (19)
[75, 278, 373, 722, 846, 1004, 1791, 1867, 2630, 2851, 2900, 3079, 5222, 5741, 6137, 6256, 6388, 6512, 7321, 7410, 7908] (21)
[76, 1357, 1616, 1918, 2278, 2425, 2575, 2688, 4543, 4681, 4860, 4938, 5491, 5600, 5613, 5974, 6534, 8134, 8653, 8728, 9545] (21)
[1767, 2274, 2289, 2441, 2690, 2963, 4315, 5361, 5960, 6617, 6915, 7037, 8296, 8719, 9289] (15)
[24, 268, 367, 1051, 2439, 2580, 2695, 2730, 3569, 3949, 4138, 4376, 5357, 6010, 6449, 8098] (16)
[501, 1471, 2540, 2755, 3573, 3711, 3766, 4765, 5179, 5411, 6310, 6362, 6429, 6564, 9258, 9312, 9901] (17)
[50, 934, 1438, 2799, 2816, 3225, 3361, 3639, 4242, 5273, 7206, 7254, 8053, 8176, 8851] (15)
[713, 745, 1443, 2150, 2296, 2819, 3017, 3091, 4055, 4300, 4571, 4819, 5099, 5151, 5330, 6504, 6812, 7374, 7420, 7517, 7761, 8304, 8536, 8541, 9821] (25)
[479, 1378, 1459, 1594, 1595, 2453, 2648, 2822, 3923, 4345, 5225, 5365, 6051, 7286, 7411, 7774, 8173, 8190, 8715, 8951, 9079, 9956] (22)
[780, 2714, 2824, 3147, 4555, 5913, 6323, 7869, 7889, 8087, 8339, 8590, 9612, 9622, 9754] (15)
[70, 962, 1372, 1625, 1823, 2023, 2850, 3666, 4945, 7129, 7949, 8574, 9064, 9720, 9732] (15)
[1943, 2201, 2319, 2340, 2783, 2880, 3331, 3685, 4754, 5479, 5544, 5726, 5784, 5996, 8169, 9630] (16)
[408, 785, 1292, 2883, 3663, 4003, 4256, 5162, 5279, 5980, 6098, 6294, 6453, 8123, 8141, 9296] (16)
[546, 552, 2884, 2961, 4255, 4259, 4745, 5022, 5158, 5254, 5410, 5934, 7067, 7561, 8197, 8498] (16)
[185, 201, 423, 548, 822, 828, 866, 1444, 1756, 2239, 2612, 2886, 3124, 4400, 5041, 6356, 8926, 9916] (18)
[781, 1021, 1132, 1389, 1674, 1700, 2435, 2678, 2944, 3789, 4200, 6908, 7009, 7163, 9840] (15)
[166, 801, 1159, 1293, 1993, 2119, 2332, 2849, 2946, 2949, 2971, 3478, 4243, 4693, 4724, 5032, 5517, 6328, 6598, 7331, 8316, 8390] (22)
[547, 1053, 2107, 2588, 2926, 2948, 3286, 3603, 3986, 3997, 4787, 5798, 6058, 6059, 6698, 6711, 8919, 9376] (18)
[295, 2266, 2954, 3378, 3637, 3798, 4044, 4080, 4273, 4964, 5460, 5693, 8155, 8375, 8399, 8561, 9385] (17)
[319, 985, 1038, 1039, 1698, 1810, 2894, 3008, 3512, 3596, 3777, 4175, 4249, 5044, 6054, 6500, 7974, 8113, 8471, 8860] (20)
[752, 1515, 1805, 2251, 3009, 3722, 3912, 4361, 4449, 4490, 6228, 6551, 6643, 7793, 8137, 8275, 8650, 8944, 9503] (19)
[813, 3010, 3767, 4336, 4627, 4682, 5779, 6808, 6941, 7322, 7563, 8372, 8462, 9276, 9885, 9888] (16)
[206, 341, 618, 879, 3011, 3738, 4327, 4542, 5232, 5446, 5477, 5702, 6076, 6267, 6481, 7283, 8444, 8670, 9931] (19)
[1533, 2402, 3072, 4180, 4260, 4330, 4702, 4965, 5206, 5356, 6899, 8422, 8493, 9209, 9973] (15)
[457, 3076, 3793, 4292, 4706, 5034, 5073, 5401, 5415, 5584, 6344, 7846, 8381, 8388, 8501, 9626, 9813, 9876] (18)
[933, 1067, 1640, 3136, 3452, 3476, 4240, 4382, 4640, 5340, 5918, 8234, 8463, 8637, 8998, 9430] (16)
[1534, 2110, 3112, 3200, 3900, 4876, 5124, 5447, 5514, 7339, 7685, 7935, 9127, 9377, 9716] (15)
[525, 686, 1431, 2063, 2701, 2830, 3202, 3440, 3515, 3972, 5315, 5700, 6319, 6961, 8159, 8353, 8889] (17)
[494, 653, 1424, 2131, 2135, 2667, 3210, 4433, 4641, 5453, 6041, 6445, 7509, 7582, 7633, 7931] (16)
[757, 1040, 2737, 2933, 3232, 4091, 4510, 5626, 5629, 5645, 7130, 7804, 8236, 8802, 8937] (15)
[1257, 1630, 2622, 2981, 3024, 3034, 3233, 5140, 5352, 5844, 7074, 7763, 9279, 9379, 9528] (15)
[564, 1014, 1537, 2009, 2140, 3264, 3391, 4085, 4151, 4159, 4404, 5129, 5391, 5505, 6078, 8376, 8689, 9032, 9270] (19)
[1117, 1131, 1967, 2698, 3298, 3486, 5363, 5540, 5588, 6691, 6830, 7333, 8302, 8537, 8845] (15)
[597, 1116, 1139, 2391, 3312, 3320, 4595, 5239, 5523, 6248, 7317, 8156, 8180, 8408, 9427] (15)
[176, 249, 250, 1222, 1401, 1527, 2069, 2139, 2834, 3321, 3487, 4048, 4859, 4999, 5136, 8726, 9769] (17)
[82, 214, 858, 1232, 1411, 2458, 3328, 5173, 5398, 5956, 6401, 6519, 6793, 7404, 7879, 8413, 8634] (17)
[575, 968, 1998, 2390, 2626, 2660, 2733, 3329, 3376, 3431, 3794, 4333, 4580, 4601, 4798, 5085, 5567, 6091, 7057, 8017, 8215, 8773, 8895, 8940, 9638] (25)
[270, 1754, 1879, 2074, 2348, 2738, 2820, 3256, 3330, 3623, 4981, 5123, 5283, 6014, 6842, 7565, 9520, 9529, 9605] (19)
[221, 814, 1341, 1451, 1652, 1727, 2132, 2459, 2801, 3260, 3332, 3400, 3430, 3508, 3619, 4167, 4262, 4308, 4349, 4423, 4528, 4667, 5163, 5795, 6080, 6126, 6441, 6753, 6919, 6960, 7241, 7394, 7468, 7548, 8161, 9453, 9697] (37)
[1000, 1183, 1392, 2354, 2786, 2913, 3344, 4014, 4212, 4435, 4476, 5143, 5988, 6751, 6903, 7395, 7652, 7769, 8273, 9067, 9183, 9779] (22)
[492, 1013, 1529, 1642, 2412, 2509, 3393, 3420, 3581, 3937, 4107, 4603, 4828, 5059, 5228, 6132, 6435, 6914, 7417, 7790] (20)
[860, 1157, 2514, 3068, 3306, 3394, 3542, 3771, 3824, 4731, 5867, 5947, 6202, 6349, 7284, 7503, 7776, 8124, 8963, 8986, 9054, 9155, 9187, 9564] (24)
[715, 864, 2853, 3195, 3397, 3628, 4024, 4526, 5204, 6153, 8374, 8690, 8870, 8891, 9292, 9893] (16)
[41, 152, 636, 1826, 2577, 2642, 2854, 3454, 3456, 3880, 4154, 5210, 5388, 5920, 6161, 6810, 7569, 8607, 9760] (19)
[424, 1788, 2760, 2818, 3457, 5314, 5496, 5922, 6653, 6659, 6928, 7174, 8057, 8323, 8495] (15)
[242, 332, 899, 2137, 2570, 3458, 3948, 4546, 4722, 5000, 5843, 7535, 7586, 8027, 8045, 8416, 9772] (17)
[6, 87, 572, 1670, 2589, 3490, 4343, 4356, 4985, 5894, 6117, 6438, 6669, 9722, 9912] (15)
[2098, 2502, 2890, 3493, 5277, 5910, 6962, 7152, 7469, 8488, 8520, 8718, 9663, 9687, 9711] (15)
[340, 611, 650, 1987, 2073, 2937, 3520, 3787, 3941, 4713, 5661, 5897, 6585, 6843, 7185, 7654, 7669, 7862, 7960, 8500, 9373, 9864] (22)
[320, 701, 1109, 1678, 3022, 3584, 5857, 6552, 7987, 8143, 8720, 9228, 9260, 9473, 9623] (15)
[1082, 3215, 3585, 3772, 4683, 4883, 4890, 5313, 6125, 7192, 7581, 8140, 8242, 8496, 9525] (15)
[749, 789, 2001, 2003, 2047, 2513, 2549, 2708, 3586, 4046, 4314, 4322, 5389, 5900, 6675, 7247, 7440, 8036, 9098] (19)
[3065, 3192, 3228, 3290, 3358, 3616, 3692, 4458, 5195, 5553, 7474, 7650, 8544, 8962, 9915] (15)
[1008, 2236, 2377, 3097, 3650, 3688, 3863, 4642, 5090, 5458, 5542, 6094, 6697, 8480, 8666, 8758, 9709] (17)
[21, 51, 1578, 1677, 2350, 3345, 3634, 3657, 3664, 3869, 3987, 4366, 6672, 7487, 7852, 9534] (16)
[1909, 2287, 2663, 2803, 2887, 3401, 3680, 3976, 5013, 5084, 6854, 7969, 8722, 8861, 9854] (15)
[1062, 2176, 2727, 2862, 3712, 4369, 4370, 4410, 4895, 5036, 5065, 5227, 5486, 6680, 7239, 8508, 9898] (17)
[755, 2242, 2716, 2717, 3713, 3718, 3891, 4070, 4661, 4857, 5029, 5155, 5593, 6120, 7518, 7802, 7850, 8346, 9178, 9253, 9868] (21)
[123, 1500, 1663, 1768, 2539, 2658, 3069, 3198, 3714, 3971, 4741, 4891, 5015, 5451, 6246, 6880, 7007, 7373, 7443, 7770, 7781, 8295, 9247, 9823] (24)
[523, 758, 1932, 2032, 2092, 3776, 4210, 4388, 4664, 4746, 4827, 5987, 6034, 6136, 7118, 7162, 7542, 7733, 7981, 8227, 9094] (21)
[35, 38, 2364, 2392, 2649, 3120, 3374, 3778, 4531, 5816, 5820, 5991, 7000, 7345, 7458, 7495, 7524, 7919, 8301, 9048, 9179, 9419] (22)
[1525, 1834, 2041, 2171, 3128, 3780, 3813, 3983, 4833, 4851, 4853, 5403, 5520, 7269, 7670, 8742, 8821, 9311, 9460, 9568] (20)
[593, 950, 3236, 3809, 4358, 4379, 5018, 5390, 6212, 6411, 7903, 8059, 8614, 9607, 9759] (15)
[282, 503, 1154, 1156, 1223, 1482, 1645, 2213, 2932, 3842, 4216, 4839, 5497, 5831, 5886, 5998, 6343, 7866, 7942, 8055, 9609, 9647] (22)
[291, 2209, 2277, 2429, 2448, 3162, 3230, 3844, 5133, 5385, 6295, 6668, 7463, 8330, 8483, 9231] (16)
[808, 1055, 1799, 1933, 2046, 2703, 3846, 4912, 6221, 6705, 6790, 8724, 8757, 9288, 9938] (15)
[380, 754, 1507, 1511, 1637, 1660, 2012, 2416, 3064, 3363, 3469, 3850, 5341, 6771, 8291, 9465] (16)
[577, 833, 1238, 1345, 1361, 1866, 1997, 2285, 2478, 2529, 3302, 3876, 3934, 4537, 4969, 4971, 5061, 5240, 5325, 5367, 5466, 5482, 5706, 6501, 6510, 6965, 6970, 7080, 7265, 7278, 7400, 7671, 7883, 8187, 8244, 8245, 8784, 8794, 8828, 8900, 9069, 9681, 9780] (43)
[316, 445, 1725, 1955, 2776, 3222, 3904, 4799, 5153, 5176, 5429, 5443, 6651, 7276, 7358, 8136, 8763, 8876] (18)
[348, 470, 863, 1354, 2628, 3905, 3938, 4274, 4440, 5614, 5967, 6419, 6472, 6574, 7603, 7888, 8411, 8486, 9338, 9818, 9905] (21)
[1244, 1510, 1786, 1807, 1852, 2541, 2916, 3190, 3207, 3968, 4119, 4991, 5081, 5145, 5312, 5507, 6768, 7157, 8247, 8869, 8978, 9242, 9587, 9963] (24)
[91, 1208, 1681, 2064, 2860, 3977, 5047, 5432, 6389, 6415, 6684, 6701, 6796, 9018, 9241] (15)
[465, 1144, 3212, 3313, 3435, 3978, 4275, 4707, 4824, 6270, 7024, 7144, 7885, 8150, 9052, 9117] (16)
[403, 526, 815, 912, 1299, 2042, 3576, 3979, 4901, 5301, 6511, 6682, 6683, 6847, 8212, 8341, 8443, 9074, 9163, 9269] (20)
[943, 1563, 1699, 1827, 4026, 4032, 4286, 4955, 5305, 5534, 5943, 6220, 6465, 8109, 8581] (15)
[557, 1465, 1709, 1789, 2950, 3176, 3498, 4033, 4413, 4676, 4845, 6008, 6188, 6728, 7260, 7330, 7855] (17)
[854, 870, 1349, 1370, 1565, 1989, 2528, 3155, 3803, 3921, 4035, 4077, 4323, 4844, 4987, 5487, 5580, 5625, 6102, 8310, 8407, 8421, 8426, 8668, 9328, 9487] (26)
[219, 830, 2466, 2548, 2590, 2779, 3098, 3242, 3509, 3768, 4042, 5692, 5781, 7184, 7599, 8080, 9124, 9551] (18)
[699, 1168, 1337, 1757, 2389, 4067, 4743, 4821, 4846, 7817, 8547, 8941, 9096, 9196, 9484] (15)
[1340, 3096, 3836, 3928, 4096, 4152, 4258, 4291, 6413, 6636, 7451, 7983, 8219, 8945, 8987, 9331, 9649, 9700] (18)
[119, 263, 300, 573, 661, 982, 1250, 1251, 1457, 2475, 2574, 2587, 2671, 2674, 4112, 4129, 4160, 4203, 5437, 5475, 6662, 7803, 8917, 9133, 9417] (25)
[678, 1359, 2010, 2075, 2113, 2719, 2989, 4161, 4398, 5713, 6608, 7210, 7814, 7848, 8081, 8853, 9604] (17)
[353, 608, 850, 1085, 1193, 1839, 1872, 1905, 2015, 2484, 3499, 4162, 4284, 4406, 9010, 9498, 9519] (17)
[168, 1009, 1885, 3208, 3272, 3589, 3981, 4224, 4511, 5873, 6823, 7035, 7305, 7428, 7476, 8441, 9072, 9983] (18)
[60, 670, 924, 927, 1610, 2438, 3538, 3633, 4227, 5194, 5532, 6197, 6559, 6817, 7046, 7175, 7223, 8351, 8367, 9125] (20)
[27, 1031, 1646, 2831, 2922, 4229, 5265, 5624, 6168, 6216, 6571, 6827, 7064, 7686, 9455] (15)
[359, 1133, 1629, 1865, 2800, 2992, 3383, 3709, 4289, 4572, 6699, 7087, 7427, 8294, 8756, 9658] (16)
[355, 510, 917, 1289, 1776, 2409, 3173, 4225, 4320, 5287, 5667, 5842, 9211, 9341, 9456] (15)
[98, 910, 995, 1467, 2232, 2305, 2486, 3460, 3606, 4062, 4352, 4961, 5207, 6134, 6249, 6373, 6431, 6657, 6689, 7306, 8569, 8591, 8671, 8950, 9351, 9615] (26)
[522, 772, 2024, 2315, 2479, 4006, 4197, 4353, 4384, 4409, 4562, 4804, 5238, 5284, 5652, 5790, 7541, 7656, 8435] (19)
[31, 1279, 2339, 2564, 2573, 2777, 3058, 3336, 3380, 4355, 4392, 6164, 7329, 8188, 8476, 8499, 9023, 9505] (18)
[505, 926, 1379, 2033, 2531, 2644, 2726, 2966, 4362, 4696, 5218, 5759, 6964, 8691, 8923, 9817] (16)
[46, 169, 471, 1965, 2596, 2990, 3428, 3651, 3811, 4417, 4487, 5577, 6146, 6718, 9175, 9909] (16)
[491, 784, 868, 1815, 3127, 4246, 4420, 4485, 5053, 5093, 5126, 5724, 6158, 7628, 7757, 7895] (16)
[143, 466, 1308, 1539, 1683, 2235, 2813, 3243, 3841, 4480, 5051, 6148, 7587, 8371, 8738, 9143, 9961] (17)
[2979, 3351, 3485, 3537, 4373, 4419, 4481, 4841, 5954, 7079, 7829, 7985, 9006, 9217, 9362] (15)
[61, 444, 840, 888, 1160, 1712, 4544, 4785, 6704, 6891, 7425, 8198, 8255, 8629, 9177, 9594, 9669] (17)
[2309, 2572, 2620, 3089, 3203, 4545, 4789, 5436, 6226, 6588, 6821, 6831, 6857, 7052, 9355, 9661] (16)
[1143, 1870, 1977, 3082, 3122, 3536, 4608, 4691, 5348, 5620, 5646, 6455, 7390, 8203, 8625, 8796, 9665, 9672] (18)
[419, 1830, 2537, 2943, 2962, 4617, 5152, 5562, 5801, 6412, 6840, 7050, 7807, 8110, 8477, 8567, 9174, 9469, 9620] (19)
[310, 2077, 2939, 3161, 3467, 3931, 4672, 5644, 5762, 5849, 6875, 6905, 8326, 8708, 8991, 9483, 9838] (17)
[211, 472, 1488, 1524, 3414, 4674, 6626, 6725, 6838, 7077, 7271, 8031, 8409, 9041, 9486, 9636] (16)
[112, 569, 619, 1437, 1463, 1913, 2343, 2421, 2467, 2764, 3185, 3191, 3496, 3760, 4675, 5860, 6292, 7032, 9471, 9682] (20)
[117, 1015, 3110, 3387, 3565, 4201, 4270, 4736, 5394, 5423, 5551, 6525, 7045, 8287, 9068, 9193] (16)
[5, 1551, 2321, 3384, 3418, 4117, 4508, 4737, 5091, 5296, 6791, 7033, 7567, 7643, 8601, 9863] (16)
[121, 625, 630, 1264, 1690, 3999, 4218, 4742, 5272, 6155, 6225, 6408, 6795, 7202, 7352, 8382, 8999] (17)
[499, 1771, 2157, 3617, 4652, 4800, 5375, 5746, 5823, 6187, 6855, 6870, 7128, 7282, 7642, 8048, 8118, 8209, 8281, 8282, 8327, 8752, 8956, 9309, 9354, 9479, 9923] (27)
[25, 1191, 1567, 2020, 4347, 4801, 5373, 5698, 5905, 6806, 7573, 7698, 8866, 8994, 9740] (15)
[728, 1624, 1733, 2303, 2619, 3511, 3701, 4472, 4826, 5306, 5579, 5691, 5763, 6358, 8778] (15)
[187, 556, 1149, 1914, 2376, 2557, 3819, 4755, 4864, 7156, 8379, 8723, 9202, 9382, 9713] (15)
[167, 738, 1194, 2200, 3066, 4126, 4865, 5278, 5478, 6406, 6503, 7246, 7437, 7455, 7540, 8734] (16)
[598, 1245, 1419, 1726, 3438, 3681, 4469, 4867, 5386, 5975, 6497, 6515, 6620, 6873, 7258, 7337, 7615, 8931, 9059, 9560] (20)
[949, 1170, 1306, 1313, 1693, 2214, 2329, 2335, 2511, 3101, 3151, 3353, 4021, 4869, 5026, 5830, 5898, 7710, 8745] (19)
[797, 1122, 3612, 3618, 4811, 4897, 5589, 6093, 6309, 6436, 6565, 7343, 8075, 8473, 9413] (15)
[1456, 1559, 3474, 3522, 3649, 3899, 4405, 4582, 4923, 5241, 5669, 6043, 6071, 6942, 7066, 7078, 7193, 7597, 7973, 8299, 9927] (21)
[326, 464, 497, 820, 841, 1101, 1103, 1263, 1579, 1811, 2147, 2148, 3012, 3248, 3524, 3940, 4835, 4928, 5290, 5678, 6194, 6331, 6451, 8099, 8932, 9011, 9508, 9688, 9933] (29)
[315, 1110, 1195, 2090, 2707, 2734, 3652, 4624, 4837, 4930, 6166, 6558, 6888, 7724, 8703, 9337, 9391, 9493, 9704, 9878] (20)
[2918, 3592, 3995, 4261, 4767, 4933, 5160, 5621, 6394, 6541, 6953, 7060, 7609, 7966, 7996, 8061, 8210, 9470] (18)
[1217, 2692, 2817, 2970, 3199, 3567, 3887, 3906, 4877, 4992, 5011, 6064, 7186, 8077, 9154, 9723, 9844] (17)
[515, 1197, 1441, 2013, 2935, 3624, 4143, 4187, 4421, 4993, 5676, 5681, 5815, 5939, 6719, 7529, 8138] (17)
[916, 1064, 1609, 2313, 2337, 3114, 3350, 3877, 4607, 4995, 5187, 5202, 7212, 7324, 7589, 7730, 8404, 8713, 8776, 9738] (20)
[626, 839, 1323, 1653, 2035, 3052, 3119, 3354, 4228, 4996, 5658, 6735, 8062, 8844, 9230] (15)
[431, 675, 1163, 1695, 1833, 2149, 2284, 2543, 2710, 3088, 3962, 4339, 5001, 7407, 7988, 8842] (16)
[19, 148, 394, 1016, 3510, 3843, 4975, 5025, 5605, 6115, 6513, 6523, 7917, 7991, 8816] (15)
[1123, 1729, 1891, 2234, 2426, 2679, 3045, 3500, 5057, 5132, 5323, 6835, 7117, 9227, 9466, 9667] (16)
[101, 294, 880, 2581, 2583, 2597, 4184, 4637, 4809, 4978, 5063, 5680, 5783, 5993, 6567, 7311] (16)
[217, 481, 537, 1281, 1405, 1452, 3234, 3580, 3764, 3802, 4566, 5120, 5469, 5752, 6086, 6931, 8456, 8705] (18)
[508, 668, 1439, 2155, 2931, 3782, 4493, 5121, 5775, 6363, 7785, 7964, 8966, 9186, 9513] (15)
[44, 732, 837, 1744, 1972, 3810, 4297, 4701, 5027, 5122, 5409, 5543, 5572, 5800, 5881, 6495, 9040, 9861] (18)
[352, 783, 1676, 2666, 3292, 3728, 3963, 4766, 5128, 5615, 5655, 5856, 5999, 6498, 6984, 7313, 8042, 9499, 9569, 9752] (20)
[1387, 1407, 1472, 1971, 2227, 3107, 3799, 5184, 5755, 6053, 7222, 7368, 7844, 8479, 8502, 9057, 9792] (17)
[390, 1410, 1911, 3281, 3830, 4467, 5148, 5185, 5242, 5533, 6641, 6666, 7792, 8076, 8972, 9180] (16)
[99, 252, 963, 2373, 2677, 3115, 3205, 3293, 4034, 4432, 4768, 5139, 5186, 7017, 7150, 7401, 7477, 7627, 7735, 8884, 8934, 9029, 9038, 9356, 9643] (25)
[339, 413, 1393, 1897, 3095, 3918, 3944, 4185, 4568, 5248, 5350, 5985, 6867, 7648, 8063, 8557, 8648, 9114] (18)
[1548, 1935, 2976, 3443, 3973, 4083, 4986, 5165, 5249, 6281, 6647, 6895, 7042, 8050, 8054, 9967] (16)
[122, 255, 379, 1466, 2451, 2593, 2668, 2973, 3636, 4281, 4847, 4872, 4976, 5230, 5250, 5275, 5355, 6015, 6027, 6287, 6540, 7454, 9327] (23)
[441, 696, 1277, 2097, 2222, 2664, 3057, 3062, 3130, 3548, 3953, 4288, 4708, 5164, 5261, 5424, 5450, 6393, 6450, 6508, 6874, 6887, 7011, 7874, 8222, 8401, 8550, 8658, 9414, 9467, 9517, 9917] (32)
[664, 1137, 1261, 2999, 3078, 3349, 3356, 4097, 4253, 4332, 5060, 5131, 5154, 5243, 5376, 6016, 6377, 6676, 6783, 6785, 6818, 7564, 8013, 8089, 9619, 9962] (26)
[891, 972, 1007, 3278, 3304, 3739, 3795, 5377, 6110, 6761, 7123, 7155, 7811, 8335, 8469, 8741, 8775, 9692, 9902] (19)
[241, 2857, 3003, 3334, 4182, 4447, 4503, 5293, 5378, 5560, 5780, 7722, 8662, 9425, 9978] (15)
[276, 1310, 1692, 3553, 3595, 3740, 5380, 5904, 5986, 6520, 6674, 7392, 8034, 8079, 8163, 8459, 8935, 9213, 9871] (19)
[991, 1655, 1892, 1954, 2704, 2907, 3092, 3189, 3296, 3757, 3817, 4094, 4257, 4351, 4364, 5381, 5623, 5747, 6268, 6391, 6773, 6792, 8100, 8184, 8533, 9060, 9577, 9721] (28)
[762, 940, 975, 1012, 1561, 2158, 3241, 3729, 4051, 4214, 4235, 4786, 5442, 6776, 7897, 8657, 9156] (17)
[565, 2295, 2653, 2908, 3104, 3346, 4139, 4321, 4448, 4629, 5247, 5445, 5495, 5757, 5915, 5923, 6140, 6627, 7717, 9121, 9188, 9899] (22)
[550, 643, 802, 1447, 1641, 3338, 3448, 3594, 4120, 5219, 5418, 5504, 6073, 9904, 9907] (15)
[170, 272, 756, 1425, 2325, 5508, 6422, 6482, 6772, 6779, 7432, 8507, 9502, 9743, 9787, 9887, 9959] (17)
[116, 937, 1319, 1849, 2302, 2312, 4059, 4599, 4788, 5425, 5538, 5826, 7336, 9717, 9853] (15)
[1338, 1574, 2454, 3084, 5559, 5927, 6907, 7958, 8370, 8470, 8589, 8880, 9243, 9378, 9793] (15)
[57, 1095, 1402, 1586, 1621, 1747, 3054, 4471, 5568, 6460, 6591, 7622, 8008, 8873, 9639] (15)
[335, 957, 2739, 3632, 3783, 4005, 4424, 5286, 5364, 5569, 5806, 6726, 7124, 7226, 8803, 9137, 9381, 9797] (18)
[208, 506, 1274, 1434, 1544, 2634, 3716, 4740, 5571, 6788, 8859, 8989, 9104, 9712, 9932] (15)
[45, 174, 406, 1207, 2231, 2280, 2975, 3216, 3481, 3627, 3641, 3990, 4884, 5028, 5191, 5574, 6067, 6837, 7018, 7242, 7963, 8166] (22)
[1311, 2011, 3816, 4209, 4248, 5332, 5601, 6279, 8020, 8044, 8202, 9108, 9113, 9786, 9950] (15)
[179, 334, 427, 1589, 2858, 2868, 3531, 4462, 5112, 5297, 5602, 6609, 7479, 7971, 9389] (15)
[583, 3063, 3087, 3177, 3299, 3322, 3426, 4052, 4931, 4932, 5214, 5632, 6154, 6877, 7165, 7264, 8264, 8983, 9207, 9565] (20)
[859, 2359, 2545, 3805, 3864, 3927, 4054, 4516, 4968, 5387, 5633, 6529, 7927, 8006, 9210, 9248, 9562] (17)
[20, 171, 718, 1167, 2775, 2841, 4088, 4328, 4569, 5337, 5635, 6162, 6236, 6639, 7199, 7259, 7976, 8183, 8277, 8286, 8918, 9462, 9535] (23)
[229, 436, 500, 806, 1225, 1346, 1448, 1512, 1869, 2369, 2847, 3050, 3276, 3558, 3621, 4317, 4509, 4893, 5030, 5049, 5106, 5289, 5647, 5705, 5950, 6106, 6645, 6690, 6813, 6886, 7843, 7922, 8128, 8417, 8425, 8868, 9384, 9805, 9808, 9960] (40)
[37, 1348, 3113, 3133, 3244, 3470, 3514, 3748, 3852, 4010, 4271, 5696, 6927, 6956, 8759, 9995] (16)
[1027, 2018, 2430, 2659, 3038, 3730, 4794, 5005, 5503, 5756, 6111, 6332, 7225, 8165, 9447] (15)
[720, 1266, 1820, 2124, 2828, 4504, 5309, 5513, 5760, 7030, 7514, 8012, 8078, 8298, 9146, 9706] (16)
[105, 260, 275, 970, 2030, 3226, 3422, 3955, 4346, 4553, 4559, 4753, 5664, 5761, 5963, 5964, 6748, 8145, 8288, 8731, 9451] (21)
[224, 555, 2128, 3527, 4558, 4668, 5199, 5438, 5792, 6972, 7229, 7637, 8200, 8609, 9516] (15)
[1114, 1398, 1749, 2506, 3139, 3220, 3279, 3282, 3439, 3679, 3908, 4434, 4870, 4950, 5473, 5824, 6316, 6687, 7644, 8004, 8397, 8777, 9042] (23)
[36, 285, 312, 428, 4535, 5141, 5828, 6097, 6437, 6444, 7071, 7475, 7629, 8338, 8855, 9168, 9703] (17)
[48, 694, 890, 986, 1658, 1714, 1740, 1890, 1898, 2161, 2259, 2499, 2919, 3051, 3289, 3442, 3559, 3656, 3807, 3970, 4215, 4960, 5888, 6378, 6499, 6714, 7090, 7119, 7434, 8037, 8749, 8887, 9071, 9184, 9268, 9424, 9597, 9952] (38)
[155, 351, 1127, 2179, 2585, 3204, 3821, 4589, 5007, 5739, 5889, 6263, 6871, 7148, 7320, 8289, 8343, 8706, 9200] (19)
[469, 629, 765, 1044, 1427, 1478, 1908, 2008, 2026, 2166, 2269, 3309, 3310, 3560, 3784, 5890, 6539, 6648, 6732, 7645, 7647, 8040, 8297, 8788] (24)
[702, 1240, 2972, 3018, 4149, 4163, 4408, 4818, 5046, 5563, 5891, 6276, 6330, 6354, 6405, 7371, 9476, 9524] (18)
[344, 558, 1644, 1717, 2562, 3587, 3660, 4723, 4852, 4973, 5039, 5235, 5870, 5952, 6190, 6740, 8274, 8504, 8925, 8928, 9297, 9444, 9457] (23)
[149, 399, 530, 786, 878, 1165, 1453, 2712, 3696, 4213, 5233, 5945, 5961, 6366, 6397, 6667, 6946, 9464] (18)
[395, 1026, 1649, 2532, 2947, 3288, 3590, 3611, 3625, 4638, 4919, 4944, 5134, 5749, 6017, 6703, 7426, 7947, 8191, 8199, 8564, 8781, 9719, 9782] (24)
[1541, 1748, 1941, 2428, 3477, 4007, 4871, 5198, 5253, 5932, 6019, 6177, 6906, 7568, 8646, 8727, 9800] (17)
[534, 635, 941, 967, 2338, 2720, 2870, 2941, 2998, 3109, 3327, 3723, 3854, 5050, 6021, 6822, 6935, 7051, 7608, 8266, 8587, 8970, 9261, 9621] (24)
[447, 599, 804, 973, 2344, 3249, 4444, 5690, 5782, 6048, 6301, 7711, 8383, 9044, 9591] (15)
[127, 338, 761, 881, 1121, 1367, 2748, 3360, 4193, 4426, 5668, 6083, 6141, 6601, 6853, 7135, 7257, 8021, 8125, 8639, 8930, 9082] (22)
[609, 714, 1499, 1704, 2984, 3047, 4331, 4697, 5111, 5259, 5266, 5846, 5858, 6085, 6872, 7369, 7626, 8402] (18)
[948, 1414, 1585, 2310, 3221, 4025, 4878, 5281, 6144, 6610, 6681, 7070, 7075, 7085, 7167, 8427, 8710, 9791] (18)
[631, 2216, 2861, 3303, 3839, 3952, 5353, 5382, 5883, 6145, 6262, 6265, 6545, 6803, 7172, 7952, 9100] (17)
[1764, 1881, 1927, 3540, 5083, 5406, 5494, 5847, 6147, 6538, 6724, 6734, 6884, 9357, 9426] (15)
[717, 1080, 1107, 1276, 1505, 1602, 2109, 2921, 3014, 3178, 3237, 3252, 3661, 3775, 4541, 4797, 6208, 6737, 7008, 7108, 7779, 7789, 8046, 8410, 8559, 8626, 8906, 9324, 9500, 9908] (30)
[1230, 2282, 2534, 3141, 4438, 4453, 4959, 4966, 5951, 6271, 7141, 7379, 7658, 8377, 9030] (15)
[1483, 1486, 1628, 1718, 2125, 2952, 3588, 4198, 4718, 5448, 6272, 6981, 6989, 8153, 8538, 9580, 9670] (17)
[764, 2410, 2470, 3544, 3945, 4984, 5268, 5521, 5552, 5930, 6273, 6949, 7351, 7661, 7702, 8241, 8971, 9084, 9366, 9767] (20)
[173, 665, 915, 2697, 4109, 4158, 5118, 6087, 6275, 6468, 6664, 6807, 7227, 9798, 9859] (15)
[277, 475, 488, 1111, 1745, 1947, 2002, 2256, 3675, 3833, 4076, 5274, 6107, 6284, 6580, 6745, 8108, 9181, 9305] (19)
[495, 737, 931, 1248, 1900, 2017, 3343, 3706, 4211, 4311, 4606, 4699, 4714, 5973, 6215, 6335, 6374, 6603, 7490, 7999, 8527, 8790, 8905, 8958, 9062, 9150, 9294, 9339, 9803] (29)
[324, 1606, 2383, 2987, 3381, 3762, 3862, 5444, 6227, 6336, 6470, 7845, 8217, 9151, 9558] (15)
[386, 580, 621, 697, 824, 956, 1112, 1166, 1523, 4170, 4279, 4280, 4306, 4880, 4908, 4953, 5166, 5711, 6337, 6339, 6466, 6911, 7084, 7300, 8115, 8522, 8695, 8826, 9542, 9546, 9848] (31)
[181, 1096, 1753, 2133, 3434, 3676, 4304, 5463, 5767, 6338, 6963, 7511, 7719, 8554, 9598, 9684] (16)
[791, 1330, 2016, 2333, 2637, 3593, 4146, 4173, 5343, 5399, 6234, 6340, 6424, 6868, 7485, 7601] (16)
[222, 309, 1057, 1587, 2184, 2362, 2629, 4204, 5474, 5723, 6399, 6490, 7176, 7194, 7275, 7812, 8127, 8307, 9336] (19)
[269, 368, 551, 724, 835, 923, 1001, 1219, 1317, 2034, 2062, 2270, 2286, 2396, 2463, 2482, 2650, 2752, 2968, 3071, 3463, 3614, 3759, 4141, 4230, 4602, 4610, 4625, 5294, 5368, 5557, 5665, 5789, 6116, 6183, 6400, 6755, 6766, 6932, 7605, 7766, 7786, 7906, 7945, 8066, 8104, 8331, 8805, 8899, 9443, 9785, 9918] (52)
[817, 1358, 1707, 3377, 4393, 4918, 4997, 5019, 5282, 6432, 6982, 7375, 7377, 8886, 9115] (15)
[358, 920, 929, 1716, 2859, 3157, 3392, 3423, 3705, 4137, 4728, 5684, 5709, 6305, 6464, 9160, 9165, 9550] (18)
[42, 329, 467, 750, 955, 994, 1214, 1339, 1762, 2019, 2114, 2662, 2809, 3273, 3648, 3662, 4016, 4189, 4402, 4429, 4445, 4605, 5292, 5750, 6207, 6526, 6528, 6589, 6628, 6702, 7312, 7398, 7794, 8010, 8038, 9246, 9255] (37)
[158, 220, 1295, 1774, 1903, 3432, 4340, 5161, 5892, 6186, 6531, 7388, 8454, 8883, 9047, 9452, 9975] (17)
[474, 951, 1196, 1268, 1608, 1731, 1813, 1851, 2134, 2291, 2330, 2508, 2559, 2753, 2856, 2876, 2994, 3275, 3294, 3305, 3462, 3859, 4233, 4489, 4501, 4635, 4862, 4887, 5280, 6025, 6532, 6799, 7255, 7980, 8033, 8280, 8491, 8746, 9106, 9134, 9287, 9403, 9640, 9865] (44)
[314, 2360, 2778, 2796, 3169, 3175, 3441, 4363, 6533, 6707, 6966, 7266, 8024, 8144, 9135, 9315] (16)
[95, 307, 438, 1005, 2193, 2212, 2591, 2893, 2978, 3504, 4171, 4309, 6537, 6861, 8566, 8894, 9144, 9518] (18)
[213, 1362, 1365, 2510, 2633, 2927, 3025, 3140, 3142, 3763, 4047, 4084, 4415, 4925, 5067, 5245, 5612, 5682, 5944, 6007, 6396, 6480, 6549, 6760, 7252, 7346, 7624, 7928, 8114, 8424, 8872, 9393, 9429, 9811] (34)
[29, 2358, 3386, 3825, 4793, 5321, 5404, 6593, 6594, 6958, 7783, 8356, 8910, 9284, 9628, 9698] (16)
[227, 347, 827, 978, 3773, 4820, 4942, 6333, 6595, 6864, 6866, 7405, 7891, 8267, 9204] (15)
[476, 735, 996, 2292, 3362, 3837, 3947, 5236, 6656, 7019, 7554, 9078, 9490, 9588, 9965] (15)
[1547, 1613, 2672, 2715, 2936, 2986, 4498, 5736, 5839, 6658, 7294, 7909, 7939, 8204, 8583, 9081, 9148, 9224, 9263] (19)
[100, 443, 856, 965, 1513, 2747, 3665, 3916, 4165, 4290, 5595, 5958, 5979, 6206, 6255, 6459, 6720, 6756, 6769, 7132, 7376, 7870, 8787, 9420, 9608, 9958] (26)
[1078, 2905, 3102, 3984, 4669, 4726, 5481, 5786, 6727, 7026, 7027, 8631, 8779, 9075, 9707] (15)
[228, 304, 493, 639, 990, 1269, 1763, 2199, 2406, 2740, 3545, 4061, 4451, 4592, 4609, 4747, 5175, 5322, 6327, 6635, 6784, 7512, 8041, 8318, 8487, 8494, 8801, 9895, 9992] (29)
[2194, 2341, 2395, 2599, 3284, 4615, 5016, 5342, 5638, 5969, 6068, 6789, 8023, 8206, 9140] (15)
[1368, 2627, 3982, 4071, 4299, 4720, 4817, 5069, 5200, 5461, 5519, 5565, 6518, 6848, 7153, 7380, 7406, 7508, 8472, 8644, 8652, 9677, 9936] (23)
[727, 1421, 1426, 1948, 2076, 2906, 3043, 3049, 3450, 3883, 4948, 5908, 6142, 6741, 6849, 7543, 7713, 7916, 8912, 9303, 9773] (21)
[138, 301, 654, 2070, 3261, 3379, 5108, 5392, 6296, 6457, 6491, 6851, 7113, 7857, 9019, 9102] (16)
[425, 1440, 1973, 2417, 2468, 3834, 3956, 4597, 4790, 5113, 5150, 6912, 7342, 8196, 8577, 8858] (16)
[233, 235, 237, 1287, 2308, 3085, 4439, 5768, 5770, 6913, 7439, 8237, 8852, 9491, 9969] (15)
[4, 1994, 2084, 2146, 3597, 3655, 3838, 4427, 4685, 5101, 5575, 5660, 5707, 5976, 6398, 6916, 7894, 8170, 8572, 9185, 9806] (21)
[759, 853, 2366, 3488, 3529, 3861, 4412, 4684, 4940, 5075, 5903, 6918, 7896, 8007, 8213, 8669] (16)
[198, 400, 2852, 3412, 3967, 5080, 5138, 5417, 5522, 5585, 6081, 6293, 6976, 7505, 7593, 7902, 8250, 9775, 9849] (19)
[74, 286, 1073, 1436, 1944, 1962, 2469, 2655, 3372, 3668, 5550, 5581, 6065, 6143, 6977, 7328, 7499, 8709, 8786, 9142, 9415, 9883] (22)
[131, 405, 700, 1246, 3323, 3326, 3340, 4064, 4195, 4236, 4716, 5211, 5224, 5347, 6560, 6747, 6978, 7205, 7448, 7523, 8373, 8436, 8862] (23)
[71, 189, 657, 1029, 1228, 1832, 1957, 3516, 3879, 4269, 4522, 6096, 6809, 6979, 7462, 7992, 8015, 9003] (18)
[77, 1550, 3785, 4643, 4842, 4898, 5072, 5717, 6980, 7471, 8364, 8430, 8525, 8617, 9065, 9139] (16)
[535, 1360, 1689, 2405, 2578, 2605, 3235, 3246, 3582, 3888, 4888, 5096, 6612, 6933, 6988, 8121, 9748] (17)
[753, 1701, 2546, 3475, 5433, 5516, 5518, 5896, 6036, 6517, 7040, 7053, 7701, 8596, 8711, 8753, 9625] (17)
[662, 1284, 2080, 2869, 2969, 4008, 4532, 5009, 5959, 6739, 7044, 7436, 7610, 7687, 7951, 9879] (16)
[113, 1491, 2181, 2756, 2843, 3053, 4551, 4578, 7003, 7105, 7256, 7910, 8518, 8647, 9660] (15)
[92, 709, 777, 914, 1169, 1172, 2558, 2832, 3093, 4517, 4834, 5526, 5597, 6622, 7106, 8452, 9400] (17)
[47, 939, 1147, 2100, 2404, 3449, 5040, 5318, 5457, 5962, 6122, 7109, 8085, 8284, 8628, 9659, 9829] (17)
[600, 1326, 1882, 1970, 1979, 3314, 3640, 4557, 5970, 6845, 7168, 7742, 7754, 8640, 9282] (15)
[93, 357, 742, 2174, 2300, 2625, 2771, 2788, 3687, 3959, 4721, 5045, 5088, 5914, 6448, 6743, 6896, 7100, 7169, 7387, 7416, 8490, 8552] (23)
[248, 2188, 2995, 3100, 4106, 4744, 6032, 6385, 6902, 6937, 6959, 7055, 7170, 7435, 9164] (15)
[104, 605, 652, 794, 1091, 1912, 2273, 2784, 3121, 3324, 4479, 4698, 4838, 5116, 5611, 5751, 5771, 5972, 6003, 6121, 6614, 6618, 6629, 7029, 7177, 7459, 7591, 9063, 9192, 9321, 9440, 9921] (32)
[397, 531, 788, 1077, 1201, 1540, 1591, 3507, 3715, 3719, 3731, 3992, 4822, 5359, 5456, 5799, 6037, 6314, 7232, 7847, 9118, 9884] (22)
[792, 800, 1564, 1582, 1703, 2471, 2797, 4505, 4829, 5484, 5776, 6160, 6245, 6757, 6841, 7131, 7171, 7234, 7741, 8249, 9308] (21)
[106, 486, 819, 1320, 2346, 2735, 2902, 4049, 7238, 7350, 7630, 7755, 8051, 8146, 8542] (15)
[30, 679, 1382, 2449, 2920, 3042, 4190, 4850, 5024, 7296, 7579, 8725, 8820, 9439, 9573] (15)
[9, 511, 1204, 1302, 1854, 2974, 3600, 5117, 5396, 5598, 5628, 7299, 7551, 7688, 8599, 8867, 9530] (17)
[271, 793, 895, 1450, 1566, 2055, 2182, 2729, 2960, 4341, 6026, 6033, 6163, 7301, 7693, 7764, 7923, 8052, 8764, 9126, 9262, 9561] (22)
[40, 596, 1255, 1272, 2895, 3285, 3539, 4015, 4886, 5370, 5586, 5714, 6101, 7161, 7309, 7446, 7775, 7826, 8095, 8107, 9363, 9629] (22)
[1576, 2603, 3370, 3788, 3988, 4239, 4751, 4879, 5810, 6184, 6484, 7217, 7334, 8103, 9274] (15)
[350, 746, 747, 1492, 1597, 2173, 2477, 2611, 3884, 4093, 4442, 4478, 4735, 4776, 5307, 5344, 6259, 6599, 6758, 6811, 7360, 7590, 7800, 8122, 8677, 9541] (26)
[2264, 3059, 4128, 4570, 5271, 5317, 5942, 6013, 6991, 7359, 7363, 7853, 8907, 9215, 9737, 9776] (16)
[421, 1182, 1328, 2493, 3150, 3533, 3746, 4176, 4177, 5902, 5936, 6685, 6686, 7366, 8478, 8748, 8799, 9489, 9890] (19)
[336, 411, 809, 1049, 1060, 2487, 2616, 3086, 3609, 5078, 5769, 7349, 7367, 9404, 9494, 9512, 9771] (17)
[2899, 3007, 3019, 3566, 3818, 3835, 4295, 5082, 6066, 6079, 6104, 6390, 7424, 7681, 8174, 8965, 9662] (17)
[527, 695, 1737, 2566, 2606, 2721, 3031, 4621, 4752, 4761, 6583, 6910, 7189, 7323, 7488, 9158, 9731] (17)
[218, 483, 1249, 1894, 2051, 3702, 4110, 4418, 4573, 4690, 5753, 5907, 5965, 6089, 6355, 7316, 7489, 7576, 7631, 7946, 8329, 8385, 9058, 9306, 9714] (25)
[450, 595, 844, 1063, 1304, 1415, 2233, 2401, 3989, 4268, 5288, 6317, 6850, 6952, 7466, 7552, 9170, 9232] (18)
[1065, 1575, 1845, 4254, 4302, 4374, 5859, 6306, 6856, 7188, 7553, 7841, 8366, 8875, 9882] (15)
[410, 1342, 1631, 1787, 2365, 4037, 4377, 5813, 6235, 6342, 6442, 7584, 7659, 7725, 8865] (15)
[86, 734, 1558, 2515, 2805, 3182, 3444, 3942, 4202, 4512, 4695, 6209, 6742, 6996, 7616, 7716, 7795, 8684, 9448, 9668, 9851, 9880] (22)
[274, 1239, 1836, 2485, 3708, 4446, 4662, 4783, 4922, 5212, 5454, 6600, 6764, 7364, 7618, 9259] (16)
[826, 1876, 2004, 3117, 3404, 3626, 3758, 4548, 4678, 5797, 6863, 6975, 7340, 7619, 9387, 9586, 9906] (17)
[615, 707, 1461, 2167, 2533, 4222, 4237, 5509, 6477, 7680, 8258, 8261, 9195, 9286, 9367, 9753, 9814, 9832, 9949] (19)
[33, 601, 932, 969, 1088, 2985, 3335, 4456, 5545, 5788, 6826, 7621, 7651, 7744, 8082, 8460, 9159, 9485, 9941] (19)
[28, 521, 539, 638, 825, 829, 1435, 3870, 3882, 4796, 4806, 4899, 6210, 7494, 7745, 8347, 8686] (17)
[72, 455, 721, 1171, 1829, 1904, 1986, 2053, 2202, 2418, 2516, 3396, 3958, 4090, 5125, 5190, 5223, 5362, 7049, 7562, 7746, 8131, 8680, 9056, 9201, 9583, 9678, 9701, 9741, 9955] (30)
[426, 430, 1661, 1966, 2281, 2598, 3000, 4263, 4391, 4436, 5653, 6180, 7592, 7760, 8119, 9266] (16)
[114, 1022, 1198, 1991, 3382, 3557, 3897, 5226, 5421, 5689, 6990, 7534, 7808, 9017, 9651, 9801] (16)
[15, 1187, 1794, 2141, 2419, 2517, 2621, 2645, 2670, 3578, 4873, 5103, 5298, 6139, 6496, 7127, 7809, 7856, 7871, 7959, 8285, 8337, 8717, 9132, 9310] (25)
[199, 1691, 1715, 2118, 3118, 3697, 3734, 5787, 5803, 6011, 6392, 6890, 7875, 8798, 9055] (15)
[345, 1384, 2382, 2640, 3030, 3410, 4000, 4231, 4524, 4970, 5539, 6222, 6486, 7690, 7936, 8513, 9182] (17)
[159, 328, 456, 1192, 1221, 1351, 1381, 1495, 1622, 2066, 2758, 2988, 3287, 3315, 3453, 3646, 3865, 3907, 3920, 4653, 4808, 4929, 5042, 5213, 5546, 5591, 6055, 6130, 6555, 6566, 6708, 6716, 7023, 7326, 7519, 7732, 7873, 7944, 8392, 8620, 8667, 8771, 8938, 8980, 9149, 9653, 9770] (47)
[743, 876, 894, 1837, 2414, 2424, 4763, 4977, 6030, 6430, 6897, 7510, 7968, 8981, 9957] (15)
[165, 293, 566, 816, 1487, 2909, 2915, 4646, 4782, 4905, 5874, 5971, 7076, 8000, 9361] (15)
[184, 188, 243, 1035, 1104, 1386, 2254, 2696, 2749, 3080, 3416, 3552, 4153, 5720, 7491, 8043, 8065, 8195, 8503, 9278] (20)
[1315, 1388, 1396, 2079, 2415, 2911, 3099, 3219, 3359, 3673, 4540, 4983, 7531, 8067, 8239, 8685, 9595, 9968] (18)
[420, 533, 1420, 2889, 3337, 4245, 4780, 5838, 5869, 6324, 6904, 6926, 7031, 8068, 8179, 8182, 8813, 8904, 8943, 8968, 9267, 9994] (22)
[62, 821, 944, 1573, 1842, 1857, 2039, 2122, 2483, 2632, 2795, 2844, 3366, 3756, 3871, 3894, 4600, 4771, 5180, 5566, 5841, 6000, 6189, 6304, 7277, 7982, 8086, 8232, 8881, 9025, 9028, 9061, 9951] (33)
[85, 1336, 1607, 1659, 2136, 2276, 5077, 5300, 5955, 6402, 7230, 7526, 8129, 8164, 9807] (15)
[584, 886, 1034, 1369, 2942, 3135, 3497, 4334, 5619, 5949, 6509, 8160, 8815, 8817, 9566] (15)
[2044, 2641, 2840, 2967, 4396, 5683, 6213, 6650, 6814, 7696, 7828, 8011, 8192, 8240, 8913, 9401, 9802, 9824] (18)
[977, 1518, 1723, 1840, 3399, 3828, 5208, 5324, 5906, 6604, 7729, 8193, 8769, 8969, 9053, 9724] (16)
[287, 559, 689, 906, 1019, 1953, 2195, 3187, 4294, 5258, 5573, 6028, 6289, 7556, 7715, 8194, 9708] (17)
[94, 203, 247, 766, 810, 1485, 1531, 2374, 2746, 3108, 3371, 3408, 3447, 3744, 4030, 4301, 4319, 4689, 4732, 4855, 5354, 5710, 5853, 6211, 6311, 6997, 7251, 7262, 7361, 7412, 7625, 7666, 7734, 7797, 8214, 8308, 8955, 9778, 9841, 9892] (40)
[1093, 1682, 4521, 4816, 6185, 6461, 7245, 7607, 7703, 7881, 7940, 8130, 8224, 8344, 8431] (15)
[568, 893, 976, 1120, 1635, 1976, 2496, 4194, 4550, 4792, 5435, 5583, 6634, 7038, 8256, 8673, 8831, 9477] (18)
[748, 1092, 1477, 1668, 2105, 3674, 3747, 4680, 5054, 5094, 5205, 6410, 6644, 7777, 8259, 9656] (16)
[632, 1620, 2006, 2145, 2474, 2527, 4318, 4437, 4455, 5878, 6105, 6370, 7506, 7970, 8120, 8262, 8332, 8475, 8808, 9043, 9433, 9979] (22)
[142, 439, 1212, 1724, 1766, 3815, 3924, 4074, 4251, 4590, 5868, 6302, 6428, 6619, 7893, 8268, 9627] (17)
[251, 284, 1097, 1098, 1498, 2526, 2956, 3591, 4169, 4843, 5251, 5511, 5772, 5835, 6621, 7272, 7762, 8320, 8661] (19)
[111, 773, 1134, 1184, 1458, 1552, 2331, 2682, 2983, 3602, 5512, 6092, 6573, 6774, 7147, 7151, 7705, 8073, 8324, 9099, 9332] (21)
[1076, 2445, 3111, 4207, 4514, 4647, 5295, 5311, 6860, 7140, 7972, 8352, 8519, 9392, 9522] (15)
[209, 567, 1926, 2334, 2342, 2741, 2896, 3755, 5416, 6167, 7470, 8354, 9353, 9371, 9547] (15)
[202, 223, 617, 1023, 1307, 1335, 1634, 1781, 2742, 3137, 3437, 4234, 4579, 5174, 6367, 6530, 7015, 7486, 8384, 8517, 8548, 8556, 9422] (23)
[246, 327, 1325, 1481, 1743, 2600, 3077, 3518, 4313, 4611, 4941, 5431, 5791, 5793, 7197, 7672, 7858, 8386, 8419, 9020, 9819] (21)
[658, 682, 687, 871, 2226, 2323, 4775, 5688, 7545, 7728, 8319, 8387, 9191, 9277, 9749] (15)
[54, 1179, 1215, 2217, 3206, 3368, 3550, 4414, 4764, 7527, 7791, 7915, 8162, 8447, 8985, 9206, 9567, 9690, 9693, 9758] (20)
[482, 1355, 2379, 2711, 2808, 4454, 4840, 6229, 6353, 8019, 8448, 8846, 9091, 9212, 9676, 9858, 9925] (17)
[124, 659, 1108, 1843, 3502, 3898, 4518, 4525, 4649, 4795, 5609, 5821, 5855, 7414, 8449, 9390, 9507, 9847] (18)
[2007, 2180, 2407, 2702, 5033, 5147, 5316, 5901, 5909, 6195, 6661, 7583, 8451, 8464, 9642] (15)
[259, 398, 1017, 1615, 2031, 2197, 2657, 3056, 4367, 4593, 4687, 5071, 6577, 7771, 7929, 8218, 8512, 9480, 9971, 9972] (20)
[126, 283, 331, 1037, 1796, 2265, 2770, 2891, 3075, 3106, 3398, 3402, 3669, 3829, 4058, 4186, 4700, 5412, 5818, 6133, 6277, 6640, 7200, 7409, 7747, 8168, 8514, 8791] (28)
[97, 146, 1422, 1942, 2065, 2151, 3253, 3283, 3472, 3901, 4530, 4770, 5264, 5333, 8151, 8515, 8698, 9307, 9582] (19)
[998, 1773, 1886, 2443, 3605, 3890, 4428, 4519, 5804, 6283, 6678, 6955, 7708, 8516, 9402] (15)
[921, 1403, 1546, 1782, 2812, 2835, 3125, 3848, 4053, 4150, 4305, 4906, 5884, 8576, 8774, 9783] (16)
[216, 342, 484, 1273, 1282, 1509, 1626, 1639, 1669, 2542, 2556, 2705, 3028, 3800, 4577, 4730, 4896, 5221, 5471, 6171, 6736, 7002, 7837, 8016, 8032, 8428, 8578, 9172, 9850] (29)
[322, 429, 578, 1750, 1772, 1848, 1969, 2210, 2228, 2356, 2754, 3424, 3749, 4028, 5055, 5428, 5686, 6063, 6322, 6361, 6770, 7001, 7104, 7166, 7457, 7738, 7780, 7787, 7872, 7892, 7993, 8278, 8593, 8765, 9553, 9673] (36)
[67, 716, 818, 1278, 1383, 1735, 1874, 2492, 2759, 3733, 5329, 5570, 6548, 8481, 8641, 8921, 9021] (17)
[393, 435, 1964, 2005, 2022, 2780, 3607, 4298, 7386, 7461, 7706, 7835, 8132, 8420, 8630, 8642, 8936, 9574] (18)
[857, 1963, 2068, 2959, 3503, 5604, 6242, 6483, 8418, 8611, 8651, 8806, 8854, 9110, 9358, 9982] (16)
[540, 622, 1262, 2271, 2568, 2607, 2665, 3886, 4105, 4715, 5468, 6290, 6380, 7449, 8674] (15)
[706, 946, 1314, 1490, 1599, 1654, 1657, 1968, 2503, 2872, 3027, 3032, 3250, 3541, 3653, 4492, 4677, 5107, 5989, 6800, 7353, 7355, 7638, 7878, 8363, 8704, 9046, 9399, 9954] (29)
[739, 1075, 1271, 2205, 2691, 2792, 3820, 4089, 4111, 4135, 5672, 6112, 6646, 6692, 6846, 8707, 9092] (17)
[299, 1697, 3461, 3860, 3946, 6280, 6493, 6554, 6971, 7310, 8521, 8712, 8721, 8768, 9446, 9911] (16)
[172, 433, 913, 919, 2263, 3015, 3364, 3966, 4994, 5004, 6151, 6924, 7158, 7578, 7810, 8832, 9478, 9742] (18)
[708, 1992, 2821, 3201, 4012, 4902, 5730, 6024, 6062, 6072, 6308, 7865, 7989, 8101, 8595, 8833, 8908] (17)
[861, 1825, 3254, 4759, 5144, 6717, 6950, 7220, 7442, 7726, 7887, 8058, 8093, 8355, 8506, 8834] (16)
[107, 541, 980, 1484, 1673, 2791, 2794, 3269, 4099, 5631, 6050, 6469, 8047, 8524, 8744, 8835, 9169, 9987] (18)
[1006, 1686, 1934, 4157, 4389, 4777, 5758, 6454, 6649, 7718, 8185, 8612, 8836, 9000, 9009, 9450, 9521, 9870] (18)
[1572, 1808, 2683, 3090, 3179, 3211, 3572, 3750, 5110, 6047, 6127, 6152, 6341, 6898, 7397, 7678, 7827, 8071, 8623, 8837, 9592] (21)
[144, 183, 238, 607, 1296, 1454, 1489, 1555, 1592, 2638, 2781, 3132, 3754, 4552, 4910, 5038, 5728, 5819, 5836, 6218, 6749, 7515, 7664, 7689, 7798, 7851, 8177, 8838, 8948, 9238, 9365, 9514, 9900] (33)
[311, 984, 1205, 2386, 4181, 4183, 4338, 4604, 4951, 6269, 8201, 8398, 8575, 8841, 9039] (15)
[645, 887, 1332, 1432, 1917, 2316, 2762, 4868, 5617, 5871, 6138, 6345, 6663, 8825, 8896, 9002, 9398] (17)
[162, 362, 1343, 1598, 2189, 2635, 3357, 3583, 3853, 3954, 4665, 4802, 5931, 6001, 6282, 6452, 7180, 7452, 7994, 8897, 9766] (21)
[22, 774, 1087, 2393, 2440, 2699, 2765, 3268, 3577, 3911, 4095, 4636, 5142, 5851, 5937, 5966, 6018, 6945, 7365, 8961] (20)
[1428, 1446, 1847, 2547, 3993, 5924, 6611, 7740, 7796, 7860, 7990, 8621, 8992, 9093, 9928] (15)
[544, 799, 2722, 3307, 3913, 4287, 4296, 4958, 5100, 5535, 6876, 7173, 8207, 8942, 9026, 9049] (16)
[13, 1593, 1719, 2505, 3554, 3678, 4283, 4773, 5102, 5992, 6368, 6488, 6715, 7231, 8238, 8368, 8997, 9031] (18)
[63, 1180, 1494, 1581, 1838, 2108, 4634, 5269, 5302, 5413, 6298, 6420, 6804, 7905, 9036, 9910] (16)
[0, 468, 877, 1769, 2169, 3013, 3055, 3325, 3388, 3535, 4980, 5327, 5887, 6738, 8303, 8317, 8960, 9088, 9293] (19)
[141, 154, 2111, 2153, 2159, 3482, 4614, 5263, 5372, 6288, 6425, 7160, 7709, 7957, 8325, 8755, 9089] (17)
[56, 918, 1227, 2363, 2744, 2897, 2929, 3950, 4038, 4145, 6231, 6706, 7138, 8276, 9001, 9090, 9543] (17)
[805, 1247, 1374, 1981, 2036, 2673, 2806, 2838, 2923, 3181, 4104, 4703, 5119, 5606, 6031, 6381, 6384, 6550, 7253, 7655, 7926, 8687, 9095, 9691] (24)
[1430, 1538, 1636, 1650, 2056, 2957, 4397, 4645, 4885, 6584, 7122, 7240, 7684, 8172, 9120] (15)
[681, 1821, 3143, 4874, 5014, 5257, 6786, 7047, 7453, 7727, 8263, 8529, 8812, 9152, 9396, 9556] (16)
[903, 1125, 1493, 1983, 2126, 3168, 3319, 5825, 6124, 7014, 7043, 7248, 7288, 7399, 8097, 8526, 9105, 9153, 9970] (19)
[589, 1175, 1413, 1884, 2481, 2892, 3238, 3455, 4217, 4371, 4477, 5827, 6170, 6203, 7961, 8582, 8730, 9216, 9375, 9765] (20)
[343, 3146, 3761, 3932, 4244, 4282, 4612, 5925, 6214, 7083, 7423, 8345, 8360, 8624, 9218] (15)
[39, 1318, 1877, 3262, 5159, 6029, 6070, 6824, 7863, 8090, 8111, 8977, 9101, 9221, 9234] (15)
[1209, 3373, 3473, 3608, 4946, 5549, 6205, 6973, 7606, 7653, 7868, 8618, 9226, 9509, 9645, 9726] (16)
[751, 1202, 1231, 2130, 2349, 3599, 3961, 4018, 4443, 5379, 6223, 8039, 8562, 9138, 9249] (15)
[195, 787, 1081, 1176, 1638, 2081, 2462, 2903, 3667, 4470, 6172, 7623, 7984, 8635, 9280] (15)
[407, 1032, 1522, 1741, 1859, 1862, 2367, 2768, 2925, 3029, 3407, 3575, 3690, 3695, 4849, 5216, 5587, 6244, 6407, 7751, 7886, 8272, 8322, 8839, 9027, 9281, 9523, 9694, 9794] (29)
[477, 2160, 2865, 3006, 3415, 5255, 6527, 6536, 6709, 8117, 8154, 8984, 9130, 9318, 9980] (15)
[1708, 1950, 2964, 3638, 4982, 5358, 6108, 6546, 6797, 7673, 7912, 8588, 8604, 9344, 9463] (15)
[96, 889, 1930, 2021, 2040, 4124, 4474, 5408, 6746, 7767, 7890, 8638, 9229, 9345, 9774, 9836] (16)
[231, 496, 1265, 1656, 2553, 2790, 3339, 3352, 3561, 4450, 4781, 6049, 6638, 7291, 8175, 8378, 9342, 9347, 9835] (19)
[391, 422, 647, 1590, 1999, 3153, 3896, 4825, 5384, 7676, 8092, 8228, 8750, 9330, 9348] (15)
[692, 776, 1429, 1946, 3347, 3369, 4407, 5554, 6038, 6542, 6782, 7602, 8627, 8675, 8795, 9352, 9589, 9977] (18)
[454, 602, 690, 2170, 2230, 2388, 2687, 3417, 4277, 4935, 5168, 5499, 6075, 6156, 6487, 6721, 7103, 7190, 7478, 7801, 8171, 8253, 9408, 9552, 9781] (25)
[68, 118, 317, 736, 740, 1128, 1385, 1397, 1479, 2247, 2257, 2268, 2491, 2643, 2651, 3528, 4425, 5193, 5745, 6613, 6983, 7134, 7492, 7521, 8005, 8178, 8314, 8505, 8510, 9409, 9548] (31)
[489, 685, 1106, 1200, 2072, 3925, 4348, 4359, 4936, 5651, 6557, 7126, 8035, 8957, 9037, 9411, 9496] (17)
[244, 674, 1711, 2357, 2917, 3770, 4383, 4536, 4749, 5981, 6325, 7120, 7204, 8157, 8523, 9418] (16)
[73, 432, 462, 588, 1356, 1532, 2120, 2225, 2398, 3429, 5217, 5616, 6243, 6474, 6889, 8030, 8205, 8433, 8453, 9458, 9472, 9746] (22)
[520, 1530, 1922, 2087, 2436, 2576, 2684, 3405, 3910, 5304, 5794, 6023, 6315, 6479, 6712, 7307, 7557, 7956, 7965, 9273, 9474] (21)
[461, 1043, 1210, 1334, 1535, 1755, 1760, 2103, 3645, 4549, 4814, 4832, 5056, 5369, 5462, 5485, 5527, 5773, 5941, 6077, 6261, 7006, 7413, 7421, 7507, 7668, 7758, 7820, 9205, 9329, 9410, 9482, 9939] (33)
[161, 437, 660, 795, 988, 1758, 2288, 2523, 2731, 3826, 4326, 4441, 4712, 5493, 5732, 6524, 6694, 6781, 7391, 7667, 9488] (21)
[1662, 3341, 3698, 4375, 4534, 6433, 6893, 7020, 7219, 7384, 8060, 8699, 8840, 9334, 9504] (15)
[240, 346, 516, 571, 2555, 2618, 2871, 4979, 6238, 7010, 7041, 7536, 8149, 9129, 9536, 9539, 9974] (17)
[253, 1605, 1694, 1706, 2082, 2229, 2839, 3105, 4116, 4125, 4591, 4866, 5834, 6939, 7196, 7244, 7483, 8890, 9537, 9914] (20)
[226, 883, 1199, 2322, 2787, 2810, 4921, 5674, 6149, 6767, 6948, 7819, 8546, 8959, 9540, 9827] (16)
[1036, 1679, 3375, 4372, 4626, 5043, 5899, 6321, 7614, 8283, 8334, 8457, 8767, 8857, 9572] (15)
[234, 613, 1577, 2138, 2261, 4101, 4466, 4502, 4861, 5510, 5590, 6404, 8064, 8455, 9600, 9837] (16)
[979, 1237, 1643, 1751, 2535, 2785, 2855, 3240, 3804, 3867, 4009, 4575, 4630, 5087, 5735, 6409, 6473, 6502, 6637, 6660, 6765, 8305, 9601] (23)
[1059, 1178, 1213, 1329, 2102, 2709, 3001, 4272, 4411, 4494, 5008, 6022, 9412, 9602, 9755] (15)
[333, 606, 807, 958, 1633, 1841, 1906, 2355, 3037, 3413, 3691, 4040, 4082, 4086, 4206, 4337, 4401, 5189, 5697, 6597, 6858, 6909, 7501, 7765, 7907, 7925, 8380, 8619, 8649, 8878, 8979, 9083, 9198, 9283, 9388, 9571, 9603] (37)
[623, 1961, 2807, 2965, 4098, 4220, 4386, 4459, 5405, 5722, 6119, 6798, 8336, 9111, 9633] (15)
[43, 911, 1090, 1145, 1327, 1801, 1853, 2397, 2874, 2953, 3521, 3549, 6006, 7699, 8084, 8269, 8461, 8484, 9664] (19)
[375, 579, 624, 656, 875, 900, 1417, 1617, 2152, 2372, 2519, 2743, 2757, 3044, 3525, 4316, 4457, 4727, 5066, 5299, 5439, 6318, 6352, 6447, 6582, 6642, 6723, 9666, 9675] (29)
[954, 1713, 2718, 3494, 3889, 4907, 5319, 5679, 5712, 6178, 7093, 8633, 9244, 9326, 9696] (15)
[412, 1394, 1931, 1974, 2403, 2450, 2763, 3686, 3703, 5109, 5371, 5848, 6892, 8697, 8967, 9728, 9981] (17)
[12, 637, 811, 1553, 1752, 3831, 5483, 5603, 5649, 7065, 7941, 7948, 8458, 8632, 9004, 9295, 9729] (17)
[587, 1046, 2336, 2552, 2646, 3167, 4848, 4954, 6135, 7145, 8434, 8830, 9299, 9407, 9570, 9730, 9826, 9944] (18)
[882, 1542, 1778, 2175, 2823, 2864, 2958, 3046, 3943, 4115, 4711, 5260, 5608, 6123, 6921, 7209, 7679, 7911, 8029, 8412, 8953, 9136, 9710, 9733] (24)
[26, 364, 851, 947, 1705, 3271, 3631, 3720, 5822, 6307, 6869, 7575, 8606, 9222, 9761] (15)
[1188, 3468, 4807, 5911, 6095, 6191, 6417, 6729, 6833, 7498, 8553, 8782, 9077, 9680, 9795] (15)
[289, 1580, 1742, 1875, 3489, 3629, 3893, 4547, 4659, 5875, 5929, 6607, 8252, 8328, 8811, 9162, 9856] (17)
[729, 1588, 2088, 2724, 3630, 3742, 4779, 5476, 6382, 7472, 7773, 7880, 8014, 8761, 9008, 9860] (16)
[177, 354, 1297, 1828, 2623, 3411, 3459, 4123, 4499, 4875, 5197, 6828, 9005, 9874, 9889] (15)
[178, 204, 666, 1501, 1514, 2955, 3214, 4130, 4916, 7207, 7445, 7613, 7692, 7824, 8888, 9920] (16)
[374, 1951, 2353, 2613, 3103, 3403, 3642, 3868, 5167, 6299, 6320, 7208, 7975, 8216, 8679, 8909, 9922] (17)
[191, 667, 683, 997, 2000, 2223, 3505, 4144, 4520, 4911, 5338, 5675, 5912, 6326, 6458, 6561, 7504, 7700, 8265, 9926] (20)
[349, 1070, 2058, 2494, 2500, 3781, 4122, 4633, 5893, 7438, 7749, 7918, 8235, 8257, 9984] (15)
[207, 538, 1233, 1936, 2185, 2191, 2444, 3446, 4241, 4894, 5048, 5310, 7107, 9122, 9804, 9985, 9991] (17)
[865, 992, 1241, 1474, 1975, 2294, 2521, 3551, 3574, 4060, 4278, 4307, 5434, 5488, 5738, 6020, 6237, 6754, 6865, 7121, 7268, 7538, 8306, 8739, 8829, 9986] (26)
[58, 862, 885, 1526, 1722, 1907, 3659, 6670, 7382, 7723, 7913, 7998, 8279, 8423, 8818, 9034, 9745, 9989] (18)
[1684, 1710, 1893, 2530, 4191, 4221, 5733, 5811, 5982, 6879, 7854, 7954, 7986, 8438, 8446, 8602, 8856, 9423, 9650, 9999] (20)
