[0, 305, 523, 1298, 2674, 2902, 2978, 3188, 3226, 3451, 3522, 4769, 4870, 5082, 5392, 5976, 6222, 6436, 6577, 8154, 8456, 8463, 8642, 8734, 9462, 9729] (26)
[1, 2602, 2719, 3472, 3794, 4806, 5085, 5171, 8180, 8283, 8556, 8925, 9065, 9167, 9989] (15)
[64, 194, 965, 1464, 2062, 3863, 4571, 5330, 7240, 7732, 7891, 7895, 8013, 8333, 8672] (15)
[71, 462, 751, 1836, 2360, 2987, 3045, 3370, 4169, 4809, 5131, 5174, 5450, 5709, 5859, 5929, 6522, 7290, 7478, 7613, 7993, 8223, 8446, 8487, 8665, 9938] (26)
[97, 403, 611, 1602, 2775, 2865, 3332, 3344, 3357, 3417, 5272, 6687, 7830, 9247, 9973] (15)
[99, 348, 1150, 1239, 1385, 1587, 3028, 3556, 4332, 5264, 6300, 6665, 7538, 8462, 8797] (15)
[90, 115, 128, 184, 2005, 2285, 2901, 3129, 3411, 3775, 3927, 4935, 5610, 6912, 8029, 8117, 8120, 8898, 9077] (19)
[129, 454, 712, 1395, 1780, 1869, 1902, 2001, 3291, 3732, 4130, 4244, 5763, 6014, 6123, 6435, 7119, 7298, 7376, 7629, 8151, 8152, 8516, 8532, 8721, 8807, 8908, 9120, 9287, 9977] (30)
[7, 130, 2127, 2130, 2170, 2266, 2415, 2759, 3349, 5113, 5754, 6175, 6484, 8587, 9500, 9903] (16)
[111, 140, 270, 301, 411, 606, 1702, 2833, 3036, 3576, 3836, 4055, 4622, 4815, 5029, 5339, 5454, 5540, 5775, 6267, 7034, 7289, 7501, 7508, 7520, 8191, 8461, 8702, 9237, 9299] (30)
[192, 1273, 1623, 1740, 2008, 2484, 2572, 2874, 3906, 4469, 5266, 5374, 5471, 6261, 7380, 7817, 8542, 9320] (18)
[193, 1685, 3546, 3997, 4007, 4188, 4243, 4347, 4358, 4463, 4967, 5340, 5506, 6918, 8433, 8846, 8942, 9094] (18)
[224, 282, 1027, 1842, 3759, 3819, 3843, 4092, 5474, 6388, 7512, 7718, 7724, 7916, 9568] (15)
[221, 225, 476, 1054, 1577, 2045, 2083, 3882, 5288, 7024, 7546, 7668, 8230, 8455, 9251] (15)
[73, 228, 942, 1364, 1868, 2231, 2472, 3689, 4309, 4798, 7673, 7756, 7990, 8278, 9465] (15)
[256, 616, 1167, 1388, 1469, 2603, 3079, 3566, 4268, 4844, 4866, 5672, 6514, 7130, 7203, 7486, 8726, 9629] (18)
[258, 372, 766, 799, 1521, 2056, 2069, 2740, 3067, 4286, 4606, 5342, 5365, 6645, 7049, 7175, 8592, 8687, 9198, 9223, 9331, 9397, 9723] (23)
[261, 702, 946, 1696, 2090, 2298, 2494, 3361, 4517, 4541, 4581, 4971, 5369, 6214, 6474, 7944, 8146, 9797, 9815] (19)
[320, 415, 1116, 2544, 2556, 2955, 5647, 5962, 6608, 7321, 8652, 8813, 9021, 9273, 9357, 9854] (16)
[321, 2389, 2459, 2551, 2790, 3003, 4002, 4005, 4131, 4371, 4383, 5210, 6811, 7085, 7204, 7592, 7674, 7703, 8346, 8668, 9698, 9756, 9813] (23)
[324, 1074, 1535, 1832, 2845, 2848, 2850, 2867, 3121, 5402, 5695, 6845, 7414, 9058, 9429, 9639] (16)
[203, 271, 273, 328, 586, 3245, 3742, 3786, 4633, 4660, 5088, 5290, 6383, 6799, 6973, 7026, 7124, 7341, 7858, 8485, 8750, 8817, 9290, 9497] (24)
[43, 384, 1259, 1301, 1677, 1707, 1718, 2103, 2179, 2787, 3204, 3820, 3950, 4690, 6986, 7195, 7224, 7573, 8304, 8375, 9188, 9338, 9482, 9715] (24)
[283, 385, 497, 795, 2047, 3986, 4153, 4184, 4461, 5102, 5660, 6125, 8016, 8348, 8664, 9045] (16)
[439, 991, 2029, 3793, 4575, 5077, 5225, 5593, 6967, 7222, 7645, 8058, 8983, 9064, 9142] (15)
[47, 170, 442, 448, 854, 1343, 2259, 2748, 2763, 3911, 5549, 5805, 5960, 6006, 6075, 8243, 8949, 9037, 9550] (19)
[75, 163, 323, 351, 443, 449, 944, 1322, 1559, 2094, 2387, 2504, 3248, 3807, 4553, 5168, 6324, 6697, 7706, 7722, 8764, 8825, 9866, 9936] (24)
[458, 603, 1270, 1682, 1783, 2903, 3603, 4451, 5617, 5661, 6611, 6738, 6752, 8167, 8312, 8655] (16)
[512, 526, 919, 1222, 1400, 2177, 2197, 2682, 2928, 3424, 4364, 4906, 5256, 5282, 6032, 6198, 6273, 6413, 6678, 6790, 8189] (21)
[513, 555, 634, 831, 1556, 2267, 3333, 5494, 5761, 6606, 7038, 7142, 7233, 8540, 8709, 8945, 9488, 9598] (18)
[488, 576, 773, 2039, 4305, 4447, 4981, 5463, 5974, 6097, 6161, 6199, 6998, 7125, 7270, 7473, 8435, 9918] (18)
[577, 582, 840, 855, 2377, 2815, 4339, 4403, 5426, 5981, 7103, 7283, 7547, 8063, 8849, 9162] (16)
[6, 640, 778, 1086, 2441, 3103, 5066, 5125, 5792, 7048, 8676, 8730, 8833, 9008, 9849] (15)
[641, 645, 1419, 2026, 2492, 2685, 4484, 4604, 4925, 5785, 6663, 7795, 8237, 8261, 8315, 9264] (16)
[674, 1438, 1834, 1864, 2585, 2780, 5930, 6206, 6692, 6732, 6779, 6858, 7874, 8622, 9703] (15)
[121, 451, 704, 841, 1163, 1265, 1297, 1622, 2035, 2141, 2284, 2364, 3039, 3048, 3148, 3672, 4490, 4947, 5461, 6764, 8145, 8419, 8510, 9170, 9444, 9578, 9627] (27)
[23, 409, 653, 705, 3688, 4518, 4582, 5032, 5107, 5794, 6148, 6769, 6928, 7113, 7557, 8861, 8965] (17)
[42, 231, 412, 707, 764, 772, 940, 1804, 1837, 3815, 4271, 4698, 4776, 5201, 5317, 5821, 7377, 8383, 8401, 9138, 9450] (21)
[554, 708, 1070, 1638, 1982, 2668, 3198, 3420, 4433, 4536, 4940, 4954, 5191, 5959, 6060, 6734, 7243, 7375, 7523, 7905, 9681] (21)
[77, 713, 1171, 3277, 4202, 4939, 5323, 5499, 5964, 6226, 6743, 7055, 8019, 8630, 9023] (15)
[661, 768, 803, 1767, 2068, 4779, 5008, 5134, 5530, 5562, 6784, 6924, 7295, 7932, 8176, 8464, 9082] (17)
[770, 788, 978, 1237, 1815, 2448, 2943, 4338, 4862, 5827, 6283, 6382, 6430, 6805, 7101, 7170, 8597, 8966, 9388] (19)
[651, 724, 771, 994, 1649, 1823, 2827, 2919, 3695, 4329, 4951, 5477, 6809, 6875, 8010, 8328] (16)
[545, 774, 779, 1207, 1225, 2474, 2574, 2700, 2837, 2887, 3374, 3773, 4111, 4436, 5152, 5539, 6269, 6612, 7087, 7317, 7351, 7802, 8569, 8743, 9236] (25)
[776, 843, 1480, 2206, 2451, 3362, 3803, 5295, 6933, 7314, 7352, 7709, 7945, 9376, 9519, 9908] (16)
[234, 762, 832, 1260, 1854, 2471, 2770, 3394, 4196, 4321, 4695, 4938, 4982, 6122, 6471, 6759, 7639, 8162, 8916, 9348, 9576] (21)
[175, 844, 1828, 3280, 3901, 4287, 4818, 5164, 5482, 5716, 5965, 6159, 6242, 6564, 6735, 6783, 6827, 6829, 9964] (19)
[518, 873, 896, 1690, 3235, 3568, 3723, 3734, 3837, 4503, 5366, 6671, 7278, 8187, 9435, 9448] (16)
[4, 122, 230, 898, 2171, 3213, 3959, 5328, 5966, 5995, 6737, 6990, 7266, 8442, 9350] (15)
[900, 1363, 2188, 2374, 2511, 2628, 3029, 4501, 4519, 4934, 4978, 5533, 6041, 6582, 7223, 7338, 7820, 8276, 8365, 8470, 9739] (21)
[157, 563, 901, 1496, 2637, 3016, 4112, 4256, 5406, 5830, 7056, 8071, 8073, 8198, 8380, 8647, 9746] (17)
[492, 913, 1241, 1313, 2678, 3667, 3828, 4724, 4946, 6312, 6364, 6778, 7655, 9553, 9566, 9711] (16)
[928, 1619, 1745, 1857, 1860, 2772, 4426, 5442, 5456, 5573, 7256, 7902, 8909, 9439, 9718] (15)
[538, 929, 1284, 1859, 2854, 3191, 3565, 4098, 6008, 6128, 6947, 7035, 7462, 7578, 9724] (15)
[204, 963, 2553, 2991, 2998, 3428, 3869, 3924, 3931, 4072, 4576, 4638, 4761, 6030, 6045, 6095, 6639, 7522, 8271, 8719] (20)
[311, 402, 593, 1024, 1601, 1817, 2189, 2950, 3600, 4216, 4348, 4628, 5247, 5300, 5870, 6000, 6774, 6822, 7065, 7066, 7193, 8172, 8226, 8858, 8964, 9982] (26)
[414, 1053, 1064, 1140, 1216, 1316, 1367, 1475, 1715, 1861, 2477, 3519, 3627, 3785, 4035, 4126, 4342, 4382, 4385, 4662, 5044, 5177, 5245, 5847, 6105, 6262, 6308, 6850, 7082, 7164, 7329, 7337, 7616, 7742, 7997, 8033, 8053, 8372, 8666, 9321, 9430, 9461, 9795] (43)
[31, 1088, 2412, 2947, 3236, 3415, 3870, 5784, 6064, 6098, 6561, 7563, 7940, 8521, 9017, 9783] (16)
[1089, 1580, 1961, 2499, 3027, 3553, 6486, 6856, 7115, 7245, 7726, 7862, 8818, 9301, 9650] (15)
[294, 605, 1090, 1485, 1937, 2293, 2819, 2898, 3268, 4173, 4175, 5251, 5904, 6509, 7684] (15)
[92, 333, 626, 1097, 1246, 1976, 3569, 4362, 4428, 4907, 4979, 5591, 6073, 6479, 6776, 9820] (16)
[207, 250, 1145, 1483, 2132, 4181, 4937, 5425, 5500, 6444, 6478, 6885, 7737, 8186, 9651, 9993] (16)
[177, 887, 1152, 1199, 1288, 2031, 2843, 2857, 4138, 4472, 4641, 5639, 5914, 6021, 6613, 7275, 7596] (17)
[410, 1153, 2418, 3052, 3433, 3447, 3559, 4415, 4556, 4791, 5155, 5220, 5622, 5664, 5752, 6010, 7008, 7057, 7649, 8049, 8165, 8996, 9200, 9875] (24)
[20, 745, 784, 980, 1061, 1218, 1220, 1694, 2351, 2456, 5276, 5408, 6923, 7322, 7439, 8618, 9528, 9697] (18)
[27, 156, 380, 430, 757, 923, 1067, 1096, 1148, 1183, 1280, 1368, 1429, 1608, 1912, 2180, 2384, 2634, 2756, 2999, 3267, 3309, 3354, 3422, 3485, 3506, 3545, 3585, 3845, 4234, 4607, 4872, 5027, 5045, 5054, 5101, 5305, 5611, 5745, 5939, 6597, 7021, 7247, 7323, 7432, 7471, 7638, 8200, 8319, 8771, 8828, 9128, 9583, 9747, 9767, 9840, 9927, 9944, 9961] (59)
[767, 992, 1281, 1347, 1352, 1494, 2328, 2502, 2600, 4289, 4996, 6092, 6689, 6755, 7408, 7499, 7666, 7762, 9305, 9426, 9487, 9959] (22)
[277, 619, 917, 1336, 2007, 4117, 4316, 4485, 5211, 5301, 6754, 7039, 7787, 8394, 9201] (15)
[61, 1345, 1436, 1905, 2327, 2357, 2983, 3211, 4747, 5004, 5202, 6459, 6482, 9616, 9996] (15)
[805, 1408, 1458, 1911, 2000, 3109, 3215, 3335, 3578, 4263, 4651, 6457, 7191, 7950, 8883, 8887, 9896] (17)
[343, 452, 1109, 1409, 1532, 1636, 2246, 2630, 3536, 4565, 5226, 5658, 7007, 7379, 8614, 8779, 9546] (17)
[1333, 1410, 1442, 1547, 2521, 3227, 3404, 4148, 4760, 6049, 6195, 6709, 7190, 7572, 8472, 9271, 9925] (17)
[933, 1440, 2203, 2615, 2859, 3490, 3861, 3896, 4262, 5140, 7173, 7227, 7438, 8851, 9816] (15)
[1168, 1463, 3389, 3839, 4143, 4177, 4543, 4819, 5188, 5303, 5708, 5755, 6802, 6993, 6995, 7348, 7544] (17)
[287, 644, 1472, 1853, 1997, 2156, 2994, 3430, 3577, 4000, 4540, 5931, 6316, 6335, 6600, 7481] (16)
[325, 459, 461, 494, 785, 1009, 1108, 1473, 1900, 2254, 4209, 4976, 6362, 6762, 7287, 7395, 7490, 8094, 8214, 8579, 9032, 9549, 9818] (23)
[249, 652, 905, 1269, 1420, 1479, 1966, 2060, 3091, 3563, 3601, 3733, 4619, 5001, 6434, 7799, 9625, 9867] (18)
[989, 1501, 2095, 4357, 5242, 6043, 6465, 7137, 8194, 8607, 8823, 8840, 9699, 9740, 9845] (15)
[1120, 1536, 2629, 2737, 2951, 4298, 4390, 4905, 5475, 5842, 6873, 7304, 7588, 7846, 8421, 9632] (16)
[32, 428, 851, 1087, 1492, 1537, 1550, 1717, 1887, 2399, 2512, 2894, 3659, 3746, 3760, 4514, 5423, 5989, 6331, 6702, 6803, 6855, 7340, 7350, 9489, 9869] (26)
[292, 932, 1412, 1539, 1647, 1790, 2166, 2169, 2273, 2713, 3043, 3299, 3372, 3554, 4493, 4694, 4713, 4811, 5774, 6285, 6632, 6925, 7387, 7454, 7653, 7772, 8425, 8790, 9212, 9360, 9428] (31)
[199, 1540, 2084, 2338, 2506, 2575, 3102, 3589, 4152, 4683, 4894, 6187, 7446, 7575, 8332, 8480, 9102] (17)
[1170, 1546, 1701, 3186, 3406, 3486, 4006, 4644, 6927, 7100, 7521, 7974, 8917, 9506, 9752, 9759] (16)
[327, 796, 808, 1600, 2339, 2516, 2733, 3149, 3657, 4696, 4861, 5289, 5691, 6229, 6878, 7452, 7509, 9371, 9796, 9887] (20)
[591, 1500, 1573, 1632, 2225, 3151, 3651, 3784, 6077, 6089, 6286, 7391, 8137, 8505, 9773] (15)
[93, 1134, 1498, 1503, 1664, 2265, 4232, 4361, 6257, 6281, 7465, 7914, 9183, 9316, 9945] (15)
[33, 358, 683, 1665, 1938, 2936, 3098, 3469, 3818, 3844, 4547, 5260, 5465, 6156, 6503, 6534, 7131, 7968, 7979, 8959, 9029, 9390, 9503, 9962] (24)
[16, 365, 533, 1034, 1668, 1960, 1999, 2079, 2455, 3720, 3749, 5007, 5907, 5919, 7302, 7325, 8586, 8765] (18)
[126, 158, 534, 1672, 2125, 2319, 5492, 5544, 6318, 6834, 7669, 7671, 7672, 7692, 8140, 9210, 9769] (17)
[475, 1141, 1266, 1674, 2428, 2934, 3953, 4349, 4573, 5483, 5902, 6948, 7903, 7915, 8273, 9994] (16)
[98, 375, 541, 568, 732, 882, 1511, 1689, 2167, 2632, 3055, 3101, 3136, 3162, 3756, 3925, 4157, 4176, 4198, 4328, 4673, 5184, 5731, 5874, 6217, 6238, 6247, 6728, 7369, 7451, 7646, 7746, 7801, 7841, 8108, 8136, 8575, 8738, 9019, 9328, 9330, 9709, 9831] (43)
[174, 1421, 1728, 2776, 3636, 3772, 3893, 4346, 4796, 5176, 5181, 5854, 6107, 6586, 7251, 7407, 7893, 7894, 9300, 9527, 9913] (21)
[315, 547, 1142, 1729, 2277, 2524, 2853, 3615, 4203, 5592, 6215, 6346, 6556, 6839, 6938, 7587, 7678, 7866, 8017, 8291, 8649, 8697, 8884, 9092] (24)
[485, 525, 720, 950, 1514, 1731, 3767, 3780, 3926, 5298, 5588, 6072, 6321, 7417, 8397, 8427, 8815, 9182, 9801, 9830] (20)
[34, 1735, 1964, 2641, 3293, 3613, 3671, 3743, 3915, 4317, 5151, 5561, 5663, 6196, 6624, 6693, 7086, 7859, 7972, 8526, 8733, 9325] (22)
[8, 278, 620, 1760, 2788, 3175, 4446, 4778, 4884, 4985, 5490, 6698, 7269, 8693, 9122] (15)
[210, 1250, 1792, 1899, 2581, 3073, 3715, 3879, 5003, 5479, 5868, 6955, 7120, 7430, 7500, 7910, 8142, 9166] (18)
[434, 540, 601, 672, 969, 1172, 1282, 1793, 1818, 1880, 2579, 2730, 2969, 3616, 3858, 3899, 4018, 4099, 5694, 5698, 6039, 7734, 8483, 9030, 9499, 9870] (26)
[107, 736, 1582, 1794, 2073, 2245, 2535, 3075, 3232, 3304, 3717, 3917, 4076, 4078, 4373, 5481, 6153, 6766, 7197, 7854, 7965, 8044, 8550, 8567, 9586] (25)
[353, 892, 1021, 1797, 2181, 2468, 3219, 3463, 6565, 6773, 7789, 8083, 8161, 8424, 8722, 8829] (16)
[376, 1387, 1856, 1913, 2478, 3343, 3730, 4189, 4723, 5488, 6449, 8669, 8716, 9004, 9609] (15)
[17, 1858, 3655, 4124, 4236, 5071, 5389, 5525, 5688, 5851, 7355, 7562, 8522, 8585, 8589, 8631] (16)
[322, 1099, 1920, 2430, 2925, 2986, 3172, 3348, 3438, 5631, 6096, 7117, 7153, 8892, 9168] (15)
[346, 378, 822, 1358, 1684, 1835, 1922, 2252, 3021, 3886, 4277, 5791, 6437, 6452, 8339] (15)
[89, 548, 742, 1271, 1928, 2714, 2911, 4334, 4830, 5133, 5384, 5470, 6237, 6380, 7821, 8528, 8677, 8795, 9437, 9496] (20)
[880, 1295, 1739, 1987, 2126, 3057, 3223, 3272, 3278, 4595, 4692, 5318, 5321, 5334, 7308, 7384] (16)
[996, 1014, 1093, 1179, 1915, 2016, 2662, 3702, 3802, 6162, 6494, 7260, 8343, 8559, 8885] (15)
[874, 1380, 2048, 2211, 3968, 4952, 5000, 5364, 7012, 7900, 8364, 8412, 8563, 9594, 9728] (15)
[413, 432, 2049, 3450, 4324, 4577, 4836, 5905, 6111, 6171, 6387, 6409, 7524, 7540, 9071, 9130] (16)
[792, 877, 2052, 2072, 2135, 2193, 2324, 2393, 2956, 3557, 3633, 4113, 4326, 4730, 4784, 5194, 5545, 7707, 8104, 8454, 8757, 9532] (22)
[74, 268, 621, 1085, 1102, 1119, 1129, 2053, 2256, 2269, 3154, 5579, 6296, 6756, 7237, 7401, 8403, 9684] (18)
[624, 1240, 2081, 2871, 3365, 4003, 4082, 5427, 6591, 6937, 7015, 7835, 7861, 9314, 9802] (15)
[41, 1379, 1499, 2112, 2183, 2626, 2904, 2912, 3184, 3302, 3308, 3321, 3405, 5950, 6472, 6812, 7676, 8135, 9306, 9529, 9588] (21)
[815, 1611, 1941, 2061, 2113, 2192, 2971, 3738, 3739, 4251, 4658, 4904, 5041, 5051, 5388, 5653, 6301, 7869, 7970, 8591, 8756, 9050, 9753, 9914] (24)
[819, 1353, 1594, 2116, 2633, 3388, 3580, 3660, 3673, 3805, 4065, 4084, 4525, 5412, 6204, 6949, 7413, 7704, 7919, 7995, 8904, 9556] (22)
[975, 1285, 1768, 1772, 2051, 2144, 2802, 3960, 4281, 4743, 6133, 7320, 8919, 9267, 9419] (15)
[508, 517, 748, 914, 1392, 1795, 1921, 2100, 2176, 2764, 2855, 3122, 4374, 4392, 4755, 4812, 6003, 6173, 6775, 6816, 6910, 7693, 8177, 8499, 8718, 8976, 9112, 9221, 9392, 9599, 9668, 9837] (32)
[275, 406, 1212, 2178, 2300, 2529, 2704, 3470, 3907, 4496, 4782, 4984, 5172, 5823, 6317, 7344, 7697, 8856, 9514] (19)
[907, 2240, 3465, 3558, 3726, 5265, 5646, 5773, 5992, 6248, 6378, 6418, 6544, 7315, 7964, 8692, 8946, 9277, 9735] (19)
[131, 336, 387, 2242, 2875, 4050, 4088, 4890, 6136, 6420, 7819, 7829, 8496, 8735, 9078, 9095, 9438] (17)
[463, 1591, 1667, 2304, 2408, 3001, 3120, 3249, 3301, 3527, 4421, 4657, 4697, 6181, 7416, 8153, 9002, 9161] (18)
[1044, 1063, 1753, 1965, 2305, 2642, 2879, 3722, 4115, 4253, 5390, 5391, 5415, 5548, 6130, 6670, 6929, 6943, 7199, 7359, 7551, 7600, 7626, 7942, 8059, 8572, 9111, 9134, 9980] (29)
[354, 2306, 2617, 2745, 3216, 3936, 3993, 4956, 5022, 5820, 6475, 6607, 6851, 7134, 7292, 7548, 7963, 8780, 9466, 9966] (20)
[369, 1354, 1520, 1625, 1903, 1957, 2010, 2307, 4004, 4584, 4758, 4869, 5035, 5333, 5882, 6182, 6258, 6370, 6501, 6771, 7262, 7263, 7386, 7515, 7579, 8159, 8287, 8593, 9291, 9822] (30)
[226, 693, 1200, 1378, 1459, 2309, 2318, 3051, 3951, 5643, 5936, 5945, 6476, 7867, 7898, 8244, 8763, 9359, 9403] (19)
[911, 937, 1849, 2370, 2460, 2743, 3504, 3524, 4270, 4372, 4838, 5138, 5811, 7098, 7702, 8251, 8266, 8533, 8906, 9907] (20)
[357, 754, 1219, 1754, 2129, 2239, 2249, 2365, 2432, 3421, 4704, 5182, 5239, 5452, 6589, 8553, 8729, 8889, 9943] (19)
[580, 646, 690, 700, 1584, 1606, 1765, 1816, 1897, 2106, 2433, 2608, 2784, 2922, 3017, 3306, 3658, 3988, 4150, 4572, 4944, 5451, 5839, 6088, 6227, 6662, 6958, 6960, 7419, 8121, 8409, 8932, 9143, 9533] (34)
[397, 550, 1267, 1759, 2437, 2917, 3359, 3622, 4551, 4751, 5011, 5433, 5865, 6422, 7109, 7202, 8352, 9562] (18)
[2041, 2464, 2595, 3166, 4226, 4452, 4767, 5547, 5858, 6033, 6499, 7050, 7132, 7212, 9608] (15)
[308, 510, 648, 649, 1669, 2226, 2314, 2496, 2675, 2698, 2839, 2977, 3065, 3113, 3491, 3800, 3849, 5436, 5803, 6290, 6609, 6891, 6956, 7091, 7542, 7610, 8525, 8824, 9139] (29)
[147, 1028, 1505, 1833, 1848, 2498, 3369, 3612, 3874, 3973, 4257, 4745, 4932, 5283, 5538, 5947, 7047, 7333, 7603, 8201] (20)
[2241, 2560, 2944, 3197, 3846, 4410, 4598, 4681, 5509, 6108, 6585, 6718, 7764, 8124, 8524] (15)
[133, 416, 1071, 1076, 1692, 1893, 1909, 2023, 2561, 3061, 3387, 3620, 4611, 4625, 4632, 5141, 6253, 6787, 6794, 7280, 8091, 8701, 8981, 8984, 9852] (25)
[675, 1005, 1178, 1405, 2564, 2583, 3224, 3246, 3276, 3391, 6061, 6347, 6485, 7586, 9135, 9464] (16)
[1149, 1589, 1612, 1720, 1971, 2004, 2128, 2236, 2526, 2565, 2592, 2873, 2907, 3233, 3701, 4094, 4264, 4291, 4297, 4699, 5064, 5089, 5198, 5219, 5361, 5382, 5578, 5673, 5733, 5767, 5845, 5986, 5987, 6081, 6134, 6244, 6798, 7214, 7581, 7857, 8103, 8253, 8357, 8418, 8441, 8541, 8644, 9593, 9933] (49)
[973, 1161, 2326, 2593, 2863, 3954, 4630, 5524, 5656, 7363, 7503, 7847, 8075, 8211, 9340] (15)
[1519, 1871, 2151, 2501, 2624, 3513, 4284, 4406, 4667, 4787, 4788, 5216, 5567, 6615, 7286, 8057, 9020] (17)
[276, 596, 908, 1942, 2426, 2537, 2625, 3363, 3376, 3975, 3976, 4460, 4876, 4900, 5385, 5399, 5638, 6445, 6901, 6931, 7000, 7300, 7705, 8089, 8274, 9339, 9953] (27)
[597, 1855, 1898, 1908, 1968, 2419, 2627, 3930, 4380, 5407, 5685, 6230, 7768, 8737, 9133, 9509, 9775] (17)
[45, 1018, 1736, 2688, 2960, 3077, 3983, 4345, 4486, 6158, 6176, 6208, 7925, 8671, 8859] (15)
[595, 1025, 1126, 1755, 2331, 2689, 2791, 3685, 4471, 5146, 6353, 6792, 7739, 8746, 9104] (15)
[106, 366, 1417, 2653, 2690, 3961, 4975, 5491, 5737, 5838, 5938, 6249, 6537, 7018, 7129, 7181, 7284, 8313, 8500, 8554, 8845, 8947, 9310, 9474, 9765, 9821, 9949, 9992] (28)
[1339, 1456, 2003, 2589, 2692, 3608, 4442, 5017, 5199, 5274, 5429, 5711, 6040, 6864, 8601] (15)
[388, 389, 1351, 2744, 2753, 2992, 3634, 4430, 5214, 5630, 6207, 7496, 8286, 8508, 8881, 9564] (16)
[280, 1101, 2044, 2461, 2754, 2982, 3761, 3768, 3929, 4387, 5411, 5684, 6415, 7366, 7389, 7435, 7470, 8204, 9704] (19)
[274, 921, 1882, 2786, 3173, 3678, 4754, 4853, 5291, 7505, 7574, 8003, 8048, 8326, 8432] (15)
[1326, 2614, 2816, 2995, 3570, 3877, 4915, 4919, 5013, 6183, 6302, 6496, 6964, 7241, 8257, 8635, 9255, 9365, 9378, 9634] (20)
[181, 592, 662, 1164, 1452, 1549, 1551, 1926, 2108, 2613, 2818, 3326, 3494, 3972, 4105, 4613, 7248, 7346, 8406, 9468, 9771] (21)
[235, 1048, 1914, 2040, 2567, 2820, 3056, 3182, 4454, 4969, 5261, 6141, 7020, 9493, 9878, 9968] (16)
[152, 269, 329, 579, 869, 1338, 1733, 2071, 2480, 2508, 2868, 2881, 3650, 4128, 7239, 7584, 8207, 8390, 8882] (19)
[682, 793, 2721, 2849, 2882, 4167, 4337, 4491, 4903, 6177, 6191, 6546, 6619, 6950, 7072, 7368, 7449, 9370, 9743] (19)
[780, 814, 821, 1046, 2310, 2884, 3104, 3382, 3763, 4027, 4614, 4631, 5083, 6588, 6865, 6886, 7096, 7215, 8078] (19)
[37, 101, 610, 1448, 2886, 3401, 3572, 4254, 5351, 5862, 6129, 6688, 6890, 7729, 8164, 8279] (16)
[83, 536, 813, 1188, 1979, 2913, 3063, 3432, 3943, 4208, 5030, 5393, 5444, 8495, 8694] (15)
[14, 481, 622, 809, 1344, 1393, 1703, 1885, 2046, 2382, 2861, 2958, 3187, 3315, 3440, 3473, 3500, 4046, 4123, 4293, 4552, 4684, 4817, 5953, 6593, 6744, 6747, 7282, 7361, 7364, 7456, 8387, 8678, 9807] (34)
[816, 1155, 2152, 3008, 3127, 3218, 3244, 3275, 4336, 4535, 5985, 6179, 7074, 7083, 7371, 8504, 9013, 9972] (18)
[48, 698, 2085, 2665, 2783, 3009, 3030, 3493, 4017, 5580, 5728, 6079, 6701, 6714, 7716, 8370] (16)
[102, 1094, 1128, 1512, 1518, 1558, 1653, 1841, 2362, 3066, 3481, 4057, 4445, 4594, 5799, 6432, 6679, 6902, 7405, 7459, 8072, 8084, 8305, 8413, 9158, 9196, 9204, 9727] (28)
[182, 394, 445, 633, 781, 856, 1049, 2391, 3076, 3084, 3952, 3979, 4106, 5457, 5652, 6398, 6572, 6796] (18)
[80, 144, 218, 480, 500, 870, 1234, 2914, 3087, 3189, 4052, 4248, 4650, 6124, 7316, 9140] (16)
[456, 528, 647, 1136, 1248, 1528, 2981, 3046, 3141, 3594, 4085, 4213, 4720, 4762, 5222, 5916, 5988, 6425, 6900, 7434, 7541, 8317, 8583, 8674, 8713, 8805, 9842] (27)
[347, 1169, 1932, 2164, 2401, 2421, 2436, 3200, 3476, 8255, 8798, 8923, 9261, 9447, 9518] (15)
[1566, 1586, 2315, 3205, 3492, 4023, 4090, 5459, 5689, 6057, 6200, 6232, 7274, 7332, 7911, 9621] (16)
[750, 1015, 1639, 2286, 2410, 3208, 3294, 3297, 3412, 4187, 4323, 4831, 4846, 4949, 4962, 4972, 6356, 6512, 7009, 7986, 8212, 8562, 9690, 9853, 9963] (25)
[598, 627, 818, 1311, 3212, 3310, 3454, 4242, 4858, 5227, 5590, 5595, 6243, 7406, 7909, 8054, 8980] (17)
[149, 509, 997, 1130, 1147, 1249, 1389, 1969, 2150, 2207, 2214, 2594, 3257, 3628, 3758, 5749, 5753, 5779, 5806, 5872, 6439, 6777, 6882, 6897, 7146, 8848, 9231, 9377, 9456, 9741] (30)
[585, 1383, 2104, 2107, 2215, 2220, 2734, 2946, 3014, 3022, 3264, 3273, 3316, 3787, 6712, 9016, 9409] (17)
[22, 551, 867, 893, 1283, 1734, 3296, 3632, 5766, 7402, 9147, 9293, 9458, 9667, 9782] (15)
[302, 484, 561, 599, 1229, 1515, 1570, 2119, 2222, 2291, 2368, 2392, 2397, 2736, 2792, 3250, 3252, 3328, 3397, 4011, 4079, 4587, 4597, 5052, 5205, 5280, 5476, 5551, 5898, 6104, 6116, 6223, 6268, 6323, 6487, 7025, 7336, 7591, 7656, 7779, 7849, 8299, 8392, 8534, 8613, 8778, 8921, 8930, 9163, 9534, 9635] (51)
[587, 609, 632, 680, 835, 2495, 3329, 3530, 3665, 5006, 5705, 5971, 5978, 6330, 8646, 9189] (16)
[465, 625, 741, 1919, 2826, 3330, 3810, 4705, 4717, 4820, 5837, 5846, 7136, 8168, 8839, 9304, 9850] (17)
[70, 2082, 2224, 2533, 2697, 3334, 3745, 3995, 4636, 4682, 5786, 6684, 6717, 7728, 9485, 9520, 9894] (17)
[849, 1066, 1727, 2065, 2184, 2906, 3392, 3792, 4278, 4780, 5428, 5654, 5715, 5776, 6100] (15)
[424, 467, 677, 1564, 1936, 2354, 3225, 3395, 3764, 4476, 5522, 6360, 7335, 8006, 8478, 8626, 9883] (17)
[678, 718, 2330, 3247, 3375, 3398, 3912, 4395, 4542, 4759, 4875, 5145, 5772, 6411, 6669, 6675, 7249, 7564, 7804, 8866, 9001, 9015, 9160, 9486] (24)
[180, 290, 915, 3085, 3193, 3400, 4394, 4527, 4532, 5180, 5949, 7383, 7590, 7798, 8926, 9422] (16)
[150, 721, 1455, 1676, 1686, 2701, 3435, 5710, 6384, 6707, 6751, 7182, 7860, 8732, 9432] (15)
[79, 135, 265, 291, 734, 958, 1084, 1644, 2796, 3283, 3456, 4199, 4568, 5910, 6209, 6241, 6372, 6614, 6674, 6984, 7420, 7699, 7763, 8156, 8183, 8443, 8643, 9184, 9235, 9262, 9810, 9939] (32)
[2059, 2325, 3457, 4146, 4626, 4848, 5096, 5609, 6313, 7595, 7822, 8330, 9368, 9416, 9763] (15)
[1302, 1958, 1986, 3458, 4530, 4585, 4842, 5742, 6126, 6691, 7975, 8231, 8350, 9272, 9838] (15)
[239, 326, 956, 1366, 1583, 2650, 3243, 3459, 3587, 4910, 5571, 6894, 7533, 9146, 9484, 9559, 9897, 9983] (18)
[747, 1635, 2683, 2870, 3475, 4474, 4855, 5345, 5487, 5589, 6618, 7218, 7422, 8612, 9302, 9469, 9905] (17)
[760, 1346, 2576, 2927, 3521, 3751, 3957, 4221, 4899, 5228, 5635, 6797, 7492, 8379, 9415, 9798] (16)
[53, 306, 746, 1641, 2402, 2660, 3282, 3525, 3579, 5067, 5620, 6429, 6694, 6971, 6992, 7342, 7851, 9382] (18)
[28, 66, 912, 2523, 2899, 3555, 3584, 4739, 5294, 7749, 8290, 8345, 9333, 9685, 9693] (15)
[54, 719, 1194, 1257, 2162, 2287, 2670, 3135, 3178, 3427, 3526, 3538, 3586, 3639, 4170, 4174, 4620, 4718, 4807, 5165, 5496, 5521, 5627, 6023, 6458, 6652, 6757, 7161, 7311, 7618, 7677, 8128, 8131, 8929, 9164, 9296, 9427, 9443, 9836, 9874] (40)
[253, 637, 1526, 2313, 2821, 3617, 3949, 4974, 5009, 5757, 6659, 7016, 7445, 8762, 9501] (15)
[109, 201, 711, 986, 1033, 2101, 2779, 3466, 3605, 3648, 4166, 4512, 4570, 5750, 6428, 8020, 8086, 8254, 9242] (19)
[289, 565, 1466, 1799, 2200, 2450, 2454, 3345, 3652, 4001, 4276, 5293, 5831, 6046, 7059, 8303, 9165, 9351] (18)
[220, 236, 542, 918, 993, 1012, 2146, 2147, 2202, 2554, 2598, 2696, 2915, 3288, 3550, 3573, 3712, 5057, 5108, 5727, 6031, 6050, 6553, 7367, 7531, 7948, 7983, 8875, 8991, 8999, 9605] (31)
[737, 881, 1047, 1390, 1555, 1891, 2268, 2452, 3610, 3710, 3721, 4686, 4887, 4987, 6433, 6500, 7149, 7157, 7569, 9779] (20)
[297, 2386, 2805, 3229, 3478, 3662, 3744, 4308, 4933, 5714, 5901, 6131, 6431, 9670, 9862] (15)
[1132, 1628, 2011, 2054, 2709, 3059, 3150, 3776, 5080, 6037, 6700, 7507, 9056, 9079, 9303] (15)
[143, 716, 1082, 1449, 1610, 1698, 1831, 1879, 1990, 2616, 3351, 3777, 4075, 5352, 6804, 7447, 7928, 8854, 9051, 9508, 9929] (21)
[2549, 2620, 3023, 3384, 3757, 3778, 5396, 5416, 5466, 6888, 6940, 7594, 8122, 8138, 8404, 8700, 8955] (17)
[1917, 2505, 2542, 2767, 3779, 4409, 4601, 5285, 5519, 6074, 6646, 6906, 7158, 7230, 7442, 8050, 8263, 8568] (18)
[159, 1590, 1627, 1846, 3840, 3883, 6065, 6154, 6279, 6896, 7255, 7474, 7686, 8374, 9679] (15)
[57, 145, 263, 584, 673, 961, 1924, 2299, 2548, 2571, 2856, 3274, 3841, 4240, 5410, 5875, 6052, 6188, 7713, 8098, 9604, 9722, 9749, 9844] (24)
[1058, 1201, 1422, 1688, 1732, 2118, 2257, 2996, 3026, 3269, 3497, 3541, 3811, 3847, 4073, 4222, 4477, 4712, 4897, 5337, 5370, 6094, 6109, 6119, 6733, 6889, 7053, 7398, 7658, 7663, 7784, 8544, 8657, 8799, 9202, 9213, 9710, 9835] (38)
[100, 935, 1673, 3025, 3875, 4398, 4520, 4538, 5528, 5798, 6055, 6419, 6467, 7177, 9222] (15)
[310, 367, 858, 3139, 3638, 3900, 3904, 5306, 5473, 7148, 7738, 7991, 8327, 9067, 9445] (15)
[166, 537, 1026, 2446, 3905, 4700, 6009, 6172, 6654, 6795, 7576, 8232, 8855, 9253, 9892] (15)
[553, 1075, 1873, 2275, 3909, 5413, 5739, 6058, 6246, 6328, 6668, 6869, 7924, 8109, 8488, 8872, 9768] (17)
[81, 1095, 2091, 2376, 3813, 3939, 4217, 4715, 4871, 5270, 8268, 8684, 9434, 9812, 9877] (15)
[340, 824, 1791, 2371, 2741, 3514, 3842, 3970, 4359, 5379, 5897, 6070, 7450, 8060, 8714] (15)
[656, 1300, 1991, 2610, 2869, 3364, 4031, 4033, 4677, 5790, 6417, 7043, 7184, 7623, 8720, 8725, 9441] (17)
[1175, 2115, 2715, 3058, 3855, 4096, 4986, 5968, 6936, 7886, 8340, 8974, 9063, 9843, 9981] (15)
[549, 910, 1310, 1554, 1805, 2453, 2479, 2732, 2765, 4097, 4147, 5458, 6504, 6926, 7814] (15)
[1056, 2182, 2355, 3033, 3155, 4101, 4158, 4621, 5670, 5908, 5933, 6225, 6742, 7073, 8507, 8658, 9126] (17)
[864, 1190, 2337, 2769, 3100, 3262, 4102, 4508, 4637, 4643, 6817, 6941, 7006, 8492, 9343, 9758] (16)
[238, 635, 909, 1829, 3096, 3446, 4103, 4223, 4795, 6386, 8202, 8728, 8953, 9322, 9680, 9911] (16)
[148, 699, 3174, 3312, 3606, 4119, 4161, 4389, 6448, 7189, 7580, 7583, 7988, 8341, 9009] (15)
[169, 1948, 2228, 2383, 2647, 3336, 3410, 3669, 4162, 4269, 4393, 4997, 6483, 7246, 7688, 8004, 8314, 8359, 8362, 9645, 9672] (21)
[25, 381, 1180, 1807, 3582, 4185, 4283, 5221, 5607, 6642, 6880, 7929, 8042, 8344, 8481] (15)
[188, 1382, 1504, 2280, 2920, 3024, 3279, 3544, 4192, 4561, 5951, 7827, 9027, 9072, 9312] (15)
[922, 1477, 2500, 3271, 3642, 3919, 4062, 4070, 4224, 4419, 4749, 4929, 5203, 5687, 6840, 8894, 9033, 9289, 9988] (19)
[581, 691, 2099, 2145, 2746, 3203, 3502, 4029, 4225, 4241, 5417, 5424, 6489, 7303, 7353, 7736, 8907, 9073, 9620, 9622, 9777] (21)
[1210, 1308, 1323, 1348, 2778, 2916, 2957, 3144, 3542, 4228, 5237, 5546, 6571, 6587, 6789, 6808, 6916, 7959, 8203] (19)
[104, 118, 212, 217, 392, 498, 865, 955, 982, 1105, 1256, 1744, 1771, 1781, 2140, 2235, 2431, 3013, 3071, 3560, 3806, 4121, 4231, 4961, 5087, 5302, 5397, 5512, 5616, 5706, 5928, 6102, 6110, 6270, 6767, 7159, 7229, 7466, 7488, 7631, 7755, 7792, 8046, 8342, 8405, 9457, 9682, 9789, 9792, 9825, 9839] (51)
[350, 1073, 1478, 1585, 1596, 1603, 2959, 3124, 4279, 4288, 5849, 6319, 7084, 7525, 7609, 9689, 9692] (17)
[504, 1263, 2138, 2208, 3331, 4024, 4290, 5018, 5437, 5649, 5751, 6843, 7627, 8451, 9391, 9659] (16)
[187, 426, 853, 1476, 3998, 4180, 4183, 4352, 4983, 6970, 7921, 8245, 9738, 9817, 9882] (15)
[108, 725, 830, 862, 1019, 1471, 1643, 1872, 2294, 2296, 3165, 3192, 3318, 3644, 3898, 4172, 4353, 4400, 4843, 4882, 5240, 5327, 5948, 6599, 6791, 7114, 8407, 8594, 8753, 9276, 9420, 9663, 9979] (33)
[266, 941, 1325, 1975, 3114, 4354, 4728, 4789, 4889, 4959, 5170, 5273, 5347, 5634, 6212, 7188, 7845, 7848, 8209, 8747, 8876, 9174, 9361, 9490] (24)
[483, 857, 1726, 2136, 3137, 4360, 4414, 4888, 5308, 5559, 5740, 6231, 6580, 7232, 8259, 8691] (16)
[1341, 1350, 2149, 2694, 3142, 3783, 4418, 4703, 5871, 6559, 6574, 6637, 6826, 8663, 9005, 9035] (16)
[1329, 1509, 2227, 2601, 2909, 3295, 3419, 3680, 3824, 3940, 4480, 4763, 7254, 7297, 8515, 9841] (16)
[103, 338, 2033, 2232, 2663, 2677, 2695, 2921, 3010, 4458, 4481, 4599, 4968, 5252, 5934, 6288, 6502, 6605, 6635, 7923, 9319, 9644, 9750, 9947] (24)
[473, 666, 924, 999, 1340, 1489, 1624, 1646, 2546, 2547, 2941, 3217, 3266, 3509, 3532, 3823, 4237, 4483, 4675, 4735, 5255, 5599, 5825, 6099, 6216, 6651, 6745, 6842, 6872, 7121, 7390, 7516, 8000, 8018, 8234, 8337, 9181, 9544, 9548, 9658, 9786] (41)
[146, 556, 2199, 3740, 4307, 4495, 4856, 5723, 6013, 6015, 6264, 7070, 8215, 8598, 9258, 9624] (16)
[208, 229, 469, 860, 2774, 2895, 3935, 4513, 4580, 5597, 5645, 5736, 6739, 7735, 9311] (15)
[114, 382, 2117, 2681, 2724, 2810, 2851, 2948, 2963, 3985, 4260, 4523, 4544, 5055, 5062, 5147, 6051, 6082, 7179, 7373, 7549, 8398, 8566, 8710, 8969] (25)
[995, 1214, 2394, 3656, 3661, 4548, 4583, 5453, 5514, 5563, 5623, 5816, 6513, 7644, 8431, 8498] (16)
[1450, 2485, 3307, 4303, 4549, 4680, 5175, 5196, 5566, 6736, 7276, 7485, 7545, 8755, 8931, 9286, 9791] (17)
[1137, 2194, 3015, 3089, 3170, 3488, 4467, 4550, 4777, 5532, 6042, 6165, 6424, 6831, 6881, 7094, 8475, 8503, 8615, 8739, 8985, 9396, 9957] (23)
[63, 468, 1106, 2238, 2503, 3263, 3305, 4605, 4810, 5702, 5937, 6470, 6690, 7502, 7791, 7806, 8436, 8800, 9971] (19)
[359, 629, 663, 686, 826, 1017, 1156, 1778, 1984, 2247, 2558, 2621, 2817, 3534, 3551, 3683, 3942, 4191, 4608, 4691, 5807, 6137, 7281, 7620, 7760, 8262, 8698, 8788, 9209, 9345, 9584, 9804] (32)
[11, 1110, 1242, 1931, 3804, 4423, 4609, 5999, 6617, 6746, 7067, 7953, 8093, 8393, 9471] (15)
[35, 362, 845, 848, 943, 1335, 1365, 1404, 1497, 1531, 2289, 2538, 2658, 2723, 2980, 3037, 3286, 3441, 3888, 4013, 4193, 4623, 4676, 4896, 4958, 5091, 5568, 5596, 5756, 5840, 5982, 6069, 6218, 6390, 6715, 6883, 6977, 6978, 7219, 7393, 7643, 7773, 7842, 8001, 8130, 8175, 8363, 8447, 8523, 8616, 8639, 8648, 8878, 9410, 9633] (55)
[486, 806, 1592, 1865, 1947, 2578, 3851, 4402, 4444, 4494, 4640, 7372, 7467, 8654, 8902] (15)
[68, 233, 947, 1195, 1331, 2876, 3153, 3535, 3709, 4408, 4672, 4814, 5331, 5894, 7014, 7093, 7328, 7711, 8880, 9491] (20)
[676, 1078, 2385, 4707, 4727, 5236, 5809, 5860, 5880, 6068, 9177, 9342, 9407, 9414, 9819] (15)
[248, 482, 1517, 2679, 3049, 3202, 3341, 3426, 3731, 4736, 5843, 6138, 6540, 6921, 6999, 8296, 8609, 9511] (18)
[95, 514, 1040, 1121, 1211, 1621, 1629, 1820, 1881, 2877, 2929, 4089, 4386, 4488, 4737, 6782, 8558] (17)
[446, 1491, 1993, 2655, 4285, 4738, 4942, 5010, 5349, 5618, 5883, 6020, 6403, 8596, 9495, 9926] (16)
[5, 171, 502, 1157, 1435, 1446, 1575, 1939, 2975, 3044, 3078, 3753, 4009, 4107, 4741, 5160, 5770, 7689, 8074, 9249, 9265] (21)
[1950, 2590, 2699, 2720, 3371, 3460, 3938, 4768, 5033, 5890, 6490, 7261, 8052, 8717, 9910] (15)
[132, 1716, 2301, 2352, 3508, 3674, 4292, 4800, 5040, 5042, 5314, 5449, 5680, 6326, 6377, 6603, 7526, 9006] (18)
[617, 2487, 3152, 4053, 4804, 4922, 5576, 6493, 7097, 7815, 7865, 7883, 8021, 8292, 8852, 9232] (16)
[618, 1930, 2320, 3699, 4833, 5093, 5468, 6127, 7180, 7597, 8157, 8306, 8311, 9169, 9199] (15)
[164, 363, 1186, 1838, 2212, 2885, 2954, 3042, 4834, 4864, 4868, 5310, 6310, 7998, 8126] (15)
[1023, 1198, 1998, 2497, 3754, 4865, 6327, 6427, 6477, 6604, 6703, 6813, 6844, 7126, 7460, 7717, 8356] (17)
[567, 883, 1434, 1743, 1844, 1894, 3158, 3159, 3533, 3829, 3852, 4186, 4351, 4429, 4821, 4867, 5148, 5287, 5455, 5743, 6983, 7543, 7650, 7679, 8310, 8334, 8415, 8459, 8888, 9421, 9515, 9675] (32)
[110, 202, 2510, 2672, 3254, 3643, 4021, 4068, 4928, 5400, 5793, 5836, 5848, 7392, 7782, 7797, 7800, 8148, 8536, 8736] (20)
[18, 200, 267, 341, 503, 850, 897, 1892, 2442, 4980, 4992, 5322, 5915, 6005, 9254] (15)
[19, 40, 162, 573, 728, 1506, 1568, 1888, 2323, 2640, 2967, 3034, 3171, 3292, 3399, 3808, 4049, 4205, 4265, 4435, 4926, 4994, 5206, 5343, 5569, 5594, 5730, 5782, 5867, 6118, 6408, 6846, 7147, 7612, 7619, 7872, 8012, 8260, 8391, 8423, 8636, 8675] (42)
[1286, 1769, 2196, 2842, 2872, 3881, 3956, 4808, 4995, 5558, 6007, 6012, 8301, 8574, 9356, 9367, 9383, 9760] (18)
[215, 717, 863, 884, 970, 1230, 1233, 1626, 2121, 2155, 2272, 2279, 2486, 2731, 3442, 3571, 3755, 3955, 4325, 4998, 5099, 5233, 5439, 5502, 5608, 5726, 5852, 6213, 6516, 7622, 7651, 7725, 7855, 8349, 8438, 8843, 9449, 9656, 9714] (39)
[46, 3945, 4083, 4653, 4999, 6189, 6905, 7412, 7441, 7698, 8336, 9192, 9401, 9707, 9873] (15)
[1742, 3110, 4296, 4301, 5024, 5409, 5418, 5748, 6359, 6568, 6655, 7002, 8683, 9153, 9283] (15)
[36, 332, 608, 1272, 1775, 1967, 3147, 4378, 5059, 5355, 5780, 5941, 6139, 6953, 7775, 9292] (16)
[370, 400, 1737, 1994, 2264, 2905, 2973, 3552, 3798, 4841, 4970, 5060, 5353, 5584, 5659, 7941, 8166, 8171, 9864] (19)
[137, 524, 1133, 1158, 1193, 1428, 1640, 2295, 2652, 2808, 2985, 3595, 3771, 4314, 5120, 5462, 5523, 5674, 5991, 6760, 7004, 7162, 7178, 7458, 7637, 7987, 8173, 8309, 8416, 8850, 9467, 9558] (32)
[936, 1386, 1433, 1925, 3831, 4227, 4563, 5121, 5262, 5503, 7076, 7753, 7952, 8497, 8679] (15)
[196, 474, 1605, 1704, 2866, 3623, 3774, 3781, 5061, 5122, 5189, 5969, 6202, 6375, 6841, 7185, 7463, 7687, 7870, 8051] (20)
[373, 1756, 1758, 2729, 2830, 2942, 4602, 5153, 5764, 6772, 7560, 7654, 8690, 8745, 9191] (15)
[141, 154, 636, 685, 3088, 3423, 3581, 3984, 4719, 4852, 5154, 6228, 6630, 7582, 8118] (15)
[2489, 2706, 3019, 3146, 3238, 4883, 4941, 5157, 8248, 8633, 9053, 9660, 9719, 9814, 9833] (15)
[313, 368, 1079, 2605, 2639, 4785, 5185, 6345, 6681, 7356, 7403, 7793, 8008, 9137, 9211, 9674] (16)
[85, 317, 600, 670, 1052, 1330, 1648, 1722, 1770, 1787, 2350, 2684, 3259, 3408, 4701, 5195, 5469, 7529, 7604, 8527, 8623, 8787, 8853, 9560] (24)
[386, 1927, 2158, 2631, 2636, 2829, 3160, 3903, 4086, 4921, 5241, 5324, 5472, 5606, 5963, 6741, 6860, 8777, 9662] (19)
[342, 1196, 3131, 3201, 3520, 3969, 4142, 4531, 4669, 5243, 5248, 5501, 5581, 6793, 7078, 7871, 8066, 8069, 8627, 9479] (20)
[1613, 1983, 2979, 3499, 3908, 4840, 5249, 5741, 6443, 6750, 7139, 8351, 8511, 9039, 9991] (15)
[1618, 2137, 2297, 2367, 2563, 2793, 3664, 3946, 5312, 6412, 7019, 8294, 8842, 8891, 8912, 9424, 9764] (17)
[1822, 2098, 2174, 2606, 3631, 4125, 5038, 5150, 5316, 5676, 6406, 6463, 6623, 7421, 8141, 8373, 8873] (17)
[56, 1080, 1851, 2263, 3261, 4040, 4465, 4823, 5320, 6508, 7293, 7326, 7880, 8267, 8696] (15)
[786, 1904, 3574, 3703, 3980, 4991, 5232, 5296, 5336, 6908, 6957, 7279, 7640, 8179, 9453] (15)
[13, 49, 241, 398, 1003, 1255, 1258, 1542, 1631, 1943, 2348, 3072, 4064, 4109, 4744, 4753, 5218, 5257, 5376, 5980, 6969, 7271, 7429, 7436, 7783, 8181, 8439, 8864, 8927, 9101, 9186, 9395] (32)
[65, 681, 846, 1290, 2476, 3007, 3094, 5034, 5377, 6280, 6819, 7294, 7828, 8116, 8188, 8972, 9755] (17)
[62, 318, 1406, 2749, 3031, 4537, 5250, 5438, 5975, 6480, 7365, 7484, 8338, 9555, 9941] (15)
[314, 679, 957, 1232, 1328, 1830, 2896, 3230, 4399, 5197, 5213, 5440, 5441, 6320, 7069, 7495, 8895, 9256, 9888] (19)
[161, 722, 1100, 1107, 2077, 2702, 2762, 5443, 6567, 6991, 7238, 7354, 7720, 7843, 9436, 9440, 9811] (17)
[127, 1114, 1131, 1356, 1376, 1523, 1779, 1996, 2006, 2173, 2806, 2976, 3068, 3180, 3290, 3390, 3528, 3891, 3978, 4312, 4668, 4708, 5212, 5313, 5495, 5520, 5833, 5997, 6610, 6780, 7089, 7468, 7498, 7614, 9041, 9059, 9173, 9335, 9524, 9700, 9806] (41)
[15, 21, 1813, 2229, 2423, 2747, 3314, 3467, 3607, 4214, 4405, 5504, 5942, 6307, 6339, 6397, 6438, 6531, 6643, 6861, 7058, 7425, 7809, 7826, 8353, 8673, 8995, 9347, 9413] (29)
[1022, 1187, 1319, 2311, 3853, 4038, 4464, 5070, 5072, 5447, 5507, 5686, 6518, 6980, 7200, 8429, 8680, 8748, 9269, 9363, 9647] (21)
[794, 1560, 1714, 3418, 3516, 4661, 4805, 5570, 5911, 6620, 6821, 7504, 7675, 7888, 7977, 8100, 9653] (17)
[444, 665, 1468, 1699, 1845, 2518, 2717, 2760, 3358, 3487, 3872, 5555, 5574, 5640, 6934, 7374, 9823] (17)
[349, 383, 727, 1445, 1617, 1681, 1798, 2042, 2710, 3163, 3889, 4320, 4579, 4793, 5105, 5613, 5632, 6252, 6295, 6305, 6627, 7777, 7831, 7917, 8242, 8282, 8667, 8759, 8785, 8812, 9022, 9044, 9055, 9417, 9585, 9596, 9614] (37)
[316, 878, 1439, 2030, 5625, 5633, 6555, 6895, 7659, 8711, 8758, 8826, 9076, 9405, 9591] (15)
[29, 1544, 2862, 2988, 3005, 4363, 4885, 5117, 5278, 5636, 7013, 8229, 8395, 9099, 9619] (15)
[227, 2416, 2482, 4450, 5665, 6002, 6492, 7001, 7482, 7832, 8110, 9790, 9880, 9893, 9898] (15)
[684, 807, 1327, 1486, 3228, 3914, 3918, 3934, 4087, 5696, 5925, 6239, 6579, 6683, 7228, 7833, 8035, 8101, 8760, 9523, 9932] (21)
[209, 570, 730, 836, 1334, 2347, 2409, 4845, 4945, 5586, 5699, 7028, 7030, 7127, 7837, 7961, 8222] (17)
[55, 1579, 1784, 1906, 2726, 4139, 4261, 4559, 4586, 5190, 5550, 5701, 5822, 6481, 6758, 7208, 9940] (17)
[2, 213, 1693, 2058, 2781, 2832, 3592, 3860, 4110, 4220, 5103, 5703, 5729, 8841, 8967] (15)
[876, 2142, 2522, 2966, 3696, 3902, 4294, 5719, 5760, 5817, 6178, 6713, 7128, 7231, 8564, 8793, 9026, 9570, 9708, 9868, 9915] (21)
[823, 1862, 2262, 2858, 3619, 3714, 5015, 5049, 5824, 5887, 6289, 6626, 6968, 9691, 9726] (15)
[284, 319, 437, 3221, 4280, 4470, 4558, 5888, 6203, 6506, 7758, 8519, 9279, 9772, 9805] (15)
[775, 828, 1700, 1811, 1962, 2799, 2812, 2814, 3830, 3854, 5889, 6511, 6705, 7027, 8068, 9970] (16)
[247, 299, 1081, 1465, 2321, 3143, 4266, 5895, 5973, 6185, 6708, 7144, 7719, 8236, 8681, 9000, 9131, 9308, 9526] (19)
[578, 696, 834, 1143, 1394, 1453, 3181, 3635, 4043, 4955, 5498, 5952, 6067, 7483, 8661, 9975] (16)
[756, 1935, 4322, 5332, 5954, 6366, 6374, 6866, 7397, 7885, 8417, 9049, 9470, 9673, 9705, 9799] (16)
[638, 1843, 1973, 2707, 3462, 3878, 4118, 4379, 5068, 5158, 5920, 6016, 6868, 8208, 8264, 8997, 9610] (17)
[117, 692, 697, 763, 938, 1174, 1663, 1747, 2066, 3380, 3477, 5372, 5531, 5641, 6017, 6034, 6765, 7186, 8606, 9239, 9240, 9502] (22)
[352, 471, 886, 1377, 1399, 1659, 1992, 2038, 2335, 2757, 2807, 3038, 3253, 3588, 3692, 3941, 4596, 4822, 5115, 5629, 5768, 5828, 5906, 6018, 6357, 6640, 7493, 7652, 8217, 8275, 9132, 9554, 9865] (33)
[529, 1291, 1695, 2201, 2836, 3981, 4239, 4497, 4783, 4895, 6027, 6634, 6677, 6815, 7904, 7981, 8095, 8170, 8952, 8992, 9315] (21)
[195, 643, 948, 1045, 1307, 2076, 2618, 2619, 4757, 5422, 5700, 6048, 7635, 7774, 9288] (15)
[2427, 2530, 2782, 3116, 4056, 4427, 4612, 4893, 5864, 5970, 6144, 7912, 8045, 8143, 8144, 8804, 9565, 9623] (18)
[791, 902, 1901, 1923, 2163, 2282, 2438, 2891, 3611, 3694, 3835, 4397, 4431, 4498, 4794, 5161, 5363, 5802, 5923, 6145, 6278, 6653, 6952, 7205, 8335, 9245] (26)
[254, 501, 888, 931, 1146, 1414, 2952, 3118, 5657, 5857, 6146, 6667, 6942, 7556, 8727, 8836, 8970] (17)
[38, 1077, 3379, 4377, 4742, 4936, 5381, 5434, 6147, 6224, 6527, 6682, 8602, 9379, 9631] (15)
[590, 761, 968, 1522, 1878, 1896, 2018, 2396, 2398, 2525, 2661, 2889, 3179, 3413, 3821, 4136, 4420, 4562, 4733, 4790, 4851, 5819, 6149, 6211, 6271, 6710, 6909, 7032, 7106, 7258, 7694, 7864, 8023, 8570, 8844, 8900, 9193, 9955] (38)
[801, 926, 1050, 1051, 1184, 1565, 2458, 2671, 3002, 3099, 5583, 5815, 6028, 6155, 7011, 8987] (16)
[232, 312, 962, 1461, 2015, 2825, 3769, 4066, 4335, 6272, 6807, 7331, 9042, 9171, 9332, 9454, 9543] (17)
[252, 558, 739, 1124, 1569, 1642, 2403, 4229, 4500, 5048, 5577, 6274, 6393, 6638, 6641, 6699, 6753, 7036, 7081, 7163, 7440, 9649, 9987] (23)
[86, 833, 879, 1209, 1243, 2139, 2148, 2752, 3396, 3402, 3416, 4104, 6336, 6871, 8184] (15)
[920, 2036, 2322, 2406, 2840, 3434, 3868, 4603, 6337, 6686, 6847, 7267, 8025, 8246, 9114, 9172, 9531, 9581, 9687] (19)
[304, 419, 1470, 1725, 1814, 2635, 2803, 2968, 4803, 4901, 4902, 5398, 5541, 5552, 5651, 6294, 6299, 6338, 6451, 7754, 7978, 7989, 8123, 9884] (24)
[1359, 3303, 3897, 5016, 5721, 5918, 6298, 6340, 6731, 7330, 7971, 8024, 8355, 8360, 8686, 8751, 8862, 9891] (18)
[264, 364, 934, 1495, 1711, 2481, 5804, 6400, 6521, 6704, 6825, 8486, 8571, 9197, 9270, 9336] (16)
[179, 630, 1055, 1065, 3373, 3518, 3547, 3833, 4168, 4272, 5297, 6402, 7327, 7868, 8740, 8870, 9606] (17)
[827, 1008, 2420, 2961, 3199, 3455, 4898, 5118, 5783, 5788, 5896, 5912, 6197, 6293, 6333, 6404, 7112, 7464, 8749, 9909] (20)
[58, 303, 516, 522, 1057, 1181, 1215, 2332, 2439, 4032, 4108, 4416, 4555, 4659, 4671, 4813, 6528, 7226, 7642, 8195, 9127, 9885] (22)
[726, 765, 1299, 1411, 1748, 1773, 1929, 2447, 3070, 3564, 3666, 3796, 4318, 4837, 4966, 5304, 5621, 5844, 5879, 6192, 6529, 7029, 7633, 7781, 7892, 7897, 8414, 8502, 8545, 9965] (30)
[134, 379, 1687, 2024, 2429, 2938, 3234, 3593, 3971, 4411, 5132, 5350, 5432, 5866, 6035, 6391, 6530, 6768, 7743, 7933, 8210, 9349] (22)
[205, 214, 447, 688, 2102, 2316, 2716, 2878, 2974, 3140, 4145, 4826, 5179, 5207, 6532, 6862, 6959, 7273, 7786, 9362] (20)
[1231, 1397, 2270, 3053, 3167, 3368, 3834, 3987, 4190, 5104, 6112, 6541, 6870, 7196, 8038, 9205] (16)
[125, 240, 335, 1013, 1117, 2244, 2372, 2395, 2811, 3128, 3320, 3409, 3549, 4036, 4545, 4655, 4725, 5078, 5106, 5553, 5565, 5744, 5759, 5796, 5957, 6344, 6497, 6549, 6590, 6887, 7601, 7621, 7632, 7767, 7807, 8111, 8954, 9195, 9571, 9638, 9665] (41)
[94, 535, 861, 1614, 2237, 4026, 4689, 4827, 4950, 5853, 6004, 6583, 6893, 8139, 8731] (15)
[1384, 1988, 2218, 3054, 3540, 5167, 6342, 6592, 6961, 7840, 8056, 8689, 8774, 8816, 8986, 9066] (16)
[112, 334, 615, 733, 743, 797, 2483, 3548, 4327, 5344, 5515, 6250, 6306, 6594, 6932, 7259, 7769, 8087, 8860] (19)
[654, 1294, 1563, 1876, 2123, 2217, 3090, 3848, 4091, 4122, 4274, 6595, 7954, 8028, 8776, 9106, 9220] (17)
[715, 2009, 2666, 3255, 3403, 3480, 3677, 4182, 6526, 6596, 6629, 8285, 8316, 8552, 9386] (15)
[515, 885, 1916, 2050, 2057, 2078, 2809, 2880, 3080, 4235, 4911, 4988, 5036, 6442, 6656, 7090, 7480, 7494, 8185, 8420, 9152, 9851] (22)
[979, 1111, 1357, 2373, 2411, 2507, 3340, 4067, 5655, 6348, 6354, 6657, 7244, 8132, 9309, 9542, 9931] (17)
[441, 782, 1160, 1274, 1275, 1543, 1679, 2161, 2930, 2937, 3862, 4210, 4726, 4729, 4850, 6314, 6661, 7198, 7479, 7630, 7958, 8079, 8430, 8688, 8990, 9086, 9446] (27)
[891, 1203, 3747, 4093, 4350, 4913, 5801, 6446, 6515, 6673, 6676, 8474, 8600, 8979, 9327, 9754, 9784] (17)
[847, 1123, 1593, 3006, 3134, 4388, 4678, 4706, 5275, 5485, 5667, 5927, 5961, 6720, 6985, 7031, 7985, 8239, 8619, 9087, 9096, 9636, 9946] (23)
[519, 1293, 1604, 2114, 2531, 3194, 3716, 3859, 4590, 4953, 5143, 6721, 7209, 8445, 9580] (15)
[173, 1166, 1697, 1712, 2353, 3240, 3324, 3360, 3443, 4259, 4391, 6547, 6722, 7956, 8026, 8289] (16)
[466, 1487, 1907, 1974, 2172, 2334, 2445, 2657, 3108, 3209, 5094, 6725, 6853, 6863, 7455, 8699, 9431] (17)
[564, 1002, 1371, 2013, 4716, 4908, 5789, 6169, 6201, 6334, 6349, 6566, 6726, 7060, 8361, 8624] (16)
[293, 1447, 2124, 2258, 2604, 3111, 5534, 6727, 7092, 8520, 8535, 8620, 8766, 8879, 8993, 9260] (16)
[602, 1007, 1092, 1870, 2404, 2883, 4466, 4593, 6303, 6729, 6785, 7123, 7863, 9307, 9597] (15)
[84, 664, 988, 998, 1374, 1661, 2187, 2292, 2400, 3347, 3515, 3827, 3884, 4019, 4059, 4132, 4206, 4356, 5217, 5877, 5979, 6551, 6644, 6666, 6786, 7250, 7396, 7433, 7519, 8061, 8819, 9062, 9228, 9442, 9785] (35)
[472, 960, 1244, 1306, 1337, 2435, 2550, 2945, 4341, 5254, 6365, 6469, 6848, 7765, 8270, 8434, 8890, 9398, 9552] (19)
[255, 650, 671, 2345, 2528, 3489, 4685, 5277, 5642, 5917, 6101, 6557, 6915, 7570, 8452, 8634] (16)
[521, 1118, 2160, 3596, 3686, 3948, 4434, 4916, 5394, 6056, 6874, 6919, 7309, 7839, 8199, 9329, 9455, 9886] (18)
[60, 198, 440, 2165, 2369, 2390, 4071, 4422, 5403, 6962, 6976, 7206, 7339, 7566, 8218, 8501, 8775, 9463] (18)
[395, 457, 1530, 1809, 2712, 2728, 2751, 3439, 3711, 4014, 4412, 5026, 5037, 5200, 5602, 5810, 6981, 7957, 8070, 8531, 9105] (21)
[390, 1933, 2804, 3195, 3196, 3393, 4748, 4839, 5510, 7040, 7183, 7996, 8250, 8422, 9151] (15)
[1006, 1144, 1236, 1730, 3161, 3523, 4891, 6210, 6601, 6648, 6857, 6951, 7041, 7143, 7268, 9742, 9757, 9834] (18)
[559, 1043, 3040, 3386, 3996, 4618, 4721, 4734, 5511, 5899, 6193, 6761, 7042, 8062, 8277, 9557, 9829] (17)
[88, 623, 631, 964, 1349, 2122, 2527, 4159, 4343, 4943, 5445, 5778, 5913, 6836, 7044, 7264, 7410, 8015, 8114, 8366, 9150, 9677] (22)
[87, 172, 507, 520, 802, 1122, 1278, 1954, 1978, 2378, 2425, 3035, 3132, 3381, 3690, 3706, 3963, 4034, 4080, 4267, 4306, 4792, 4849, 4924, 5073, 5263, 5420, 6103, 6447, 6524, 6823, 7046, 7252, 7253, 7532, 7731, 7785, 7853, 7878, 8037, 8169, 8284, 8369, 8381, 8514, 8821, 8871, 9141, 9178, 9246, 9642, 9725, 9776] (53)
[168, 176, 3117, 3990, 5223, 5446, 6170, 6602, 6680, 6716, 7075, 7110, 7606, 8982, 9180] (15)
[244, 450, 852, 1217, 1824, 2725, 3614, 4030, 4546, 4799, 4892, 5169, 5284, 5993, 6113, 6304, 7104, 7780, 7890, 8928] (20)
[842, 1000, 1490, 1651, 2261, 2462, 3041, 3583, 3598, 4340, 4439, 5356, 5513, 5582, 5787, 6369, 6867, 7107, 7394, 7443, 7778, 9224, 9294, 9297] (24)
[186, 300, 460, 2074, 3377, 3675, 3809, 4663, 5039, 5053, 7102, 7108, 8205, 8773, 9353, 9655] (16)
[810, 1059, 1151, 1662, 3258, 3641, 4149, 5556, 5932, 6186, 6379, 7166, 8637, 8685, 9011, 9433] (16)
[552, 1139, 1444, 1826, 2089, 3496, 3876, 4333, 6091, 6914, 7168, 7796, 8032, 8158, 8408, 8479] (16)
[866, 1474, 1658, 4114, 4504, 4775, 5671, 6297, 7169, 7357, 7537, 7585, 7913, 9476, 9589] (15)
[151, 298, 906, 2303, 2463, 2557, 2569, 2586, 3112, 3237, 6672, 7171, 7747, 7834, 7949, 8377, 8867, 9074, 9504, 9525, 9872] (21)
[613, 1223, 1524, 1652, 2014, 2281, 2381, 2470, 2953, 3670, 3782, 3791, 4197, 4369, 4766, 5126, 5835, 5873, 5876, 5881, 6025, 6263, 6473, 6510, 6539, 6770, 7118, 7172, 7307, 7899, 8549, 9069, 9686, 9695] (34)
[189, 1176, 1254, 1801, 2407, 3575, 3729, 4042, 6554, 7234, 7605, 7696, 8085, 8827, 9582] (15)
[1963, 2088, 2520, 2543, 3801, 5464, 5529, 6810, 6994, 7235, 8030, 8300, 8557, 8918, 9574] (15)
[345, 429, 433, 1252, 1264, 2444, 2473, 4045, 4617, 4731, 5086, 6495, 7017, 7151, 7236, 7962, 7966, 9084, 9579] (19)
[703, 744, 1296, 1303, 1493, 1706, 1850, 1867, 1940, 2490, 3093, 3242, 3624, 4047, 4591, 5047, 5990, 6975, 7242, 7319, 7347, 8473, 9369] (23)
[10, 105, 820, 2584, 3647, 4204, 4250, 4521, 6907, 7217, 7220, 7272, 8041, 8814, 8958] (15)
[82, 355, 493, 859, 1866, 2813, 3468, 3937, 4824, 6142, 6363, 7071, 7296, 7922, 8938] (15)
[1113, 3145, 4233, 4554, 4722, 4977, 5065, 5668, 6259, 6859, 7360, 8014, 8047, 8308, 8384] (15)
[723, 2043, 2532, 2844, 3062, 4010, 4069, 4255, 4588, 4616, 5996, 7277, 7424, 7771, 9373] (15)
[895, 1391, 1508, 2109, 3645, 3654, 4310, 6194, 6988, 6996, 7362, 7426, 7670, 7752, 8280, 8968, 9047, 9061] (18)
[30, 1719, 2213, 2990, 3322, 3857, 4041, 4282, 6234, 7318, 7427, 7472, 8453, 8782, 9618] (15)
[1314, 2491, 3106, 4008, 4201, 5076, 5325, 7457, 8107, 8924, 9266, 9561, 9780, 9895, 9906] (15)
[689, 1457, 2253, 3512, 3646, 4140, 4774, 6076, 6236, 6266, 7489, 8506, 8548, 9012, 9969] (15)
[899, 2755, 3018, 3020, 3157, 4693, 4702, 4797, 5192, 5467, 7299, 7552, 7748, 8221, 9036, 9967] (16)
[219, 1650, 1890, 2064, 2597, 2931, 4012, 4507, 4656, 5244, 5348, 5484, 6251, 7141, 7176, 7517, 7553, 8241, 8318, 8440, 8975, 9613, 9671] (23)
[124, 197, 777, 984, 1268, 1401, 1424, 1883, 2153, 2271, 2405, 2545, 3190, 3325, 4164, 4299, 4311, 4473, 4859, 4963, 5084, 5315, 5431, 5448, 5697, 5747, 6084, 6090, 6920, 7145, 7257, 7555, 7896, 8077, 8090, 8426, 8957, 9808, 9826] (39)
[309, 1441, 2019, 2209, 5234, 5557, 6291, 7187, 7617, 8105, 8216, 8386, 8621, 9148, 9257, 9628] (16)
[76, 695, 755, 1098, 1369, 1637, 2933, 5173, 5358, 5732, 5863, 6650, 7510, 7514, 7624, 7908, 9119, 9406, 9954] (19)
[59, 1202, 1373, 1598, 1951, 2159, 2366, 2727, 2735, 4920, 5666, 5994, 6584, 6824, 7152, 7378, 7625, 8783, 8869, 9643, 9706] (21)
[245, 1552, 1680, 2021, 2680, 2835, 3676, 3933, 4367, 4528, 4829, 5855, 6011, 6711, 7680, 8005, 8031] (17)
[307, 464, 575, 1634, 1724, 1752, 2086, 2566, 2888, 3047, 3119, 3206, 4456, 5050, 6453, 6575, 6876, 7681, 8715, 8877, 8994, 9176] (22)
[138, 139, 1375, 1516, 1785, 3069, 3107, 3539, 3562, 4037, 4709, 4948, 6922, 6982, 7358, 7682, 7918, 8027, 8808, 8820, 8948, 9080, 9452] (23)
[50, 72, 1654, 1721, 2175, 2582, 3337, 3591, 3856, 5253, 5909, 6533, 7715, 8628, 9366] (15)
[572, 1104, 1481, 1977, 2276, 3241, 3668, 4453, 4600, 5178, 5359, 5401, 6080, 7667, 7744, 8437, 8484, 9937] (18)
[812, 930, 1038, 1182, 1513, 1827, 1875, 1955, 2708, 2997, 3865, 4304, 5404, 6322, 6576, 7745, 8752, 9010, 9107] (19)
[12, 479, 1541, 1774, 2552, 4610, 4746, 5493, 5722, 6877, 6879, 7776, 8944, 9733, 9863] (15)
[371, 491, 1036, 1402, 1934, 2075, 2343, 2424, 2900, 3168, 3429, 3444, 3517, 4230, 4455, 6120, 6121, 6498, 7037, 7064, 7216, 7415, 7518, 7657, 7808, 8228, 8529, 8625] (28)
[361, 990, 1952, 3082, 3156, 3766, 4295, 4756, 5025, 5628, 5797, 6468, 6488, 7225, 7312, 7636, 7810, 9052, 9640] (19)
[427, 868, 1037, 1762, 1889, 1895, 2361, 3133, 3183, 3352, 4081, 4134, 4384, 4475, 4965, 5309, 5738, 6781, 6832, 6835, 7812, 7816, 7838, 7934, 8039, 8055, 8682, 8822, 9068, 9626, 9717] (31)
[1251, 1670, 1981, 3663, 3724, 3894, 3910, 4424, 4443, 5675, 5814, 6071, 7873, 7881, 8385, 8518, 9694] (17)
[1362, 1574, 1788, 2375, 2519, 3407, 5043, 6456, 6749, 7477, 7721, 7875, 8220, 8354, 8989, 9412, 9669] (17)
[337, 953, 1083, 1192, 1253, 1595, 4918, 5335, 6255, 6892, 7135, 7607, 7877, 8147, 8298, 8509, 9313] (17)
[657, 954, 2711, 2795, 3436, 4022, 4366, 5554, 5678, 5679, 5884, 5955, 6166, 6517, 7305, 7409, 7708, 7936, 8588, 8857, 9109, 9411, 9536] (23)
[1545, 2349, 2475, 2559, 3850, 4589, 5692, 5967, 6093, 7937, 8125, 9215, 9284, 9731, 9781] (15)
[927, 1538, 2028, 2134, 2380, 4171, 4526, 6352, 7805, 7850, 7938, 8724, 8934, 8935, 9244] (15)
[2356, 5069, 5156, 5380, 5771, 6160, 7437, 7497, 7741, 7939, 8081, 8988, 9480, 9535, 9881, 9998] (16)
[752, 1010, 1360, 1372, 1910, 2131, 2761, 3265, 3270, 3366, 3698, 3871, 4165, 4211, 4960, 4973, 5098, 5319, 6814, 7003, 7138, 7291, 7385, 7491, 7634, 7641, 7946, 8538, 8573, 8911, 9081, 9085, 9295, 9318, 9541, 9547, 9676] (37)
[783, 1197, 1548, 1723, 1995, 2342, 4246, 4569, 5812, 6535, 7751, 8002, 8371, 8530, 9326] (15)
[438, 487, 489, 701, 706, 817, 871, 890, 977, 1460, 1482, 1588, 1840, 2417, 2777, 4404, 4801, 4802, 5505, 5543, 5560, 5564, 5808, 5826, 5940, 6275, 6309, 6426, 6462, 6466, 6519, 6525, 6884, 7167, 8064, 8428, 8905, 9136, 9352, 9394, 9400, 9721, 9787, 9958] (44)
[425, 571, 589, 1751, 2032, 3207, 3681, 4710, 4828, 5387, 5575, 5614, 6376, 8065, 8638, 9858] (16)
[246, 588, 1318, 3138, 3317, 4534, 4578, 5508, 7023, 7133, 8097, 8604, 8792, 9641, 9951] (15)
[211, 1205, 2910, 3425, 4509, 5460, 5725, 7150, 7930, 8129, 8382, 8565, 8940, 9848, 9930] (15)
[295, 557, 804, 1189, 1738, 2622, 2773, 3032, 3531, 3812, 4511, 5144, 5683, 5690, 5717, 6455, 6740, 8088, 8134, 8358, 8603, 8670] (22)
[344, 505, 981, 1527, 1561, 1656, 2823, 3449, 4506, 4574, 6899, 7648, 7906, 8192, 9060, 9917] (16)
[435, 987, 1287, 1750, 2037, 2274, 2515, 2794, 3169, 3962, 4300, 4711, 5100, 5258, 6381, 6560, 6622, 7154, 7288, 7423, 7770, 7788, 8193, 8831, 9038, 9298, 9702, 9828] (28)
[331, 1031, 1032, 1060, 1660, 1678, 1946, 2648, 2673, 2847, 3092, 3483, 3609, 3977, 4116, 4330, 6184, 6254, 6946, 7664, 8043, 8197, 8561, 9206, 9766] (25)
[499, 1763, 2440, 3437, 4015, 4195, 4816, 5224, 5516, 5886, 8115, 8224, 9225, 9573, 9587] (15)
[971, 1510, 1705, 1886, 2612, 2970, 3498, 3543, 4635, 4914, 6394, 8225, 8517, 9678, 9803] (15)
[594, 1786, 1945, 2233, 2466, 3697, 4061, 4664, 5943, 7685, 8099, 8252, 8256, 8837, 9516, 9900] (16)
[735, 2223, 3083, 4054, 4825, 5110, 5259, 5329, 6059, 6911, 7927, 7976, 8258, 8293, 8388, 8910] (16)
[583, 667, 740, 951, 1426, 4505, 5486, 5926, 6421, 6974, 7691, 8281, 8466, 9124, 9207] (15)
[116, 1776, 2185, 2344, 2828, 3649, 3737, 4478, 4634, 5130, 6135, 6464, 6562, 6788, 8320, 9744] (16)
[1235, 1430, 2157, 2198, 2541, 5074, 5230, 6085, 6405, 7111, 7714, 8321, 8325, 8402, 9513] (15)
[281, 2191, 2718, 2984, 3704, 3958, 4215, 6491, 8322, 8656, 8951, 9054, 9324, 9460, 9615, 9942, 9997] (17)
[436, 904, 959, 1030, 1324, 1431, 1710, 1800, 4449, 5023, 5924, 6167, 6325, 6633, 7334, 8389, 8605, 8653, 8791, 8830, 9100, 9916, 9934] (23)
[243, 749, 1620, 1789, 2133, 3637, 4990, 5720, 5724, 6115, 6966, 7122, 7411, 7611, 8399, 9912] (16)
[96, 477, 1069, 1825, 2654, 2738, 3115, 3825, 5998, 6520, 6818, 7836, 8196, 8297, 8448, 8920, 8933, 9354] (18)
[185, 339, 758, 1004, 1227, 1396, 1416, 1746, 2611, 2771, 3700, 3789, 3790, 3890, 4438, 4539, 4964, 5231, 5829, 6063, 6086, 6151, 6351, 6367, 6389, 7530, 7665, 7803, 7884, 7994, 8450, 8703, 8941, 9014, 9923, 9960] (36)
[296, 374, 607, 729, 1042, 1949, 2591, 3999, 4060, 6174, 6205, 6240, 6292, 6385, 6548, 6972, 7010, 7969, 7973, 8465, 8723, 9748] (22)
[44, 356, 976, 1162, 1553, 4376, 4396, 5268, 6026, 6685, 8467, 8482, 8599, 8767, 9187] (15)
[829, 1165, 3965, 4016, 4163, 6660, 6696, 7313, 7602, 7701, 7740, 7935, 8323, 8512, 9031, 9083, 9517] (17)
[178, 916, 939, 1713, 1959, 2251, 2283, 3383, 3913, 3982, 4044, 4533, 6024, 6277, 6944, 7960, 8022, 8513, 8769, 9924] (20)
[1135, 2358, 2599, 2846, 2924, 3342, 3691, 4200, 4647, 5238, 6054, 6935, 7061, 8547, 9194] (15)
[1035, 1609, 3323, 3479, 3705, 4100, 4238, 4639, 4873, 4917, 5405, 5762, 6152, 6219, 6903, 6997, 8067, 8576, 9483] (19)
[738, 1741, 1985, 3176, 3339, 3505, 3629, 4752, 4930, 5341, 5707, 8493, 8543, 8577, 9097, 9478] (16)
[206, 420, 668, 2002, 3799, 4487, 5604, 6044, 6168, 7140, 7823, 7907, 8011, 8150, 8265, 8539, 8578, 9230, 9847] (19)
[183, 539, 569, 1320, 1567, 4194, 4425, 5166, 5267, 5587, 5921, 6233, 6329, 6542, 7211, 7461, 7951, 7967, 8580, 8584, 8784, 9115, 9498, 9607, 9890] (25)
[404, 1525, 2534, 5092, 5362, 6001, 6117, 6505, 6904, 7528, 8040, 8160, 8235, 8582, 9070, 9317, 9978] (17)
[26, 422, 710, 985, 2488, 2852, 3597, 4160, 4773, 5020, 5081, 5209, 5615, 6078, 8640, 9123, 9879] (17)
[798, 1332, 2260, 2766, 3004, 3474, 3736, 4273, 4413, 4772, 4923, 5869, 5903, 7194, 7577, 8645, 9043, 9144, 9241, 9657, 9774] (21)
[669, 949, 2722, 3684, 4355, 4732, 4909, 5114, 5142, 5648, 6917, 7418, 8595, 8651, 8704, 9545] (16)
[1206, 2230, 2623, 4028, 4912, 5028, 5159, 6157, 6343, 6423, 6828, 7054, 7920, 8367, 8400, 8705, 9108] (17)
[237, 478, 731, 925, 1529, 1812, 2080, 2092, 3123, 3693, 3822, 3989, 4179, 4479, 4857, 4863, 5269, 5746, 6628, 6898, 6945, 7310, 7388, 7539, 8706, 8809, 9275, 9451, 9575, 9595] (30)
[544, 1204, 1819, 3599, 4156, 4877, 5135, 6038, 6163, 6276, 6550, 7593, 7824, 8096, 8238, 8707, 9481, 9530, 9646] (19)
[262, 360, 872, 1757, 2022, 2514, 2964, 3461, 4207, 4440, 4687, 5063, 5095, 5111, 5137, 5193, 5850, 5972, 6621, 7700, 7757, 7901, 8288, 8347, 8489, 8555, 8708, 9048] (28)
[242, 408, 658, 2359, 2890, 3350, 5014, 5800, 7513, 7598, 8082, 8476, 8741, 8761, 9974] (15)
[1443, 1576, 2221, 3281, 4319, 4510, 4557, 4714, 4765, 5149, 5187, 6245, 8102, 8641, 8660, 8768, 8901, 8903, 9418, 9505, 9521] (21)
[1277, 1852, 2644, 3873, 4141, 4522, 5058, 5271, 5395, 5414, 5704, 5781, 7536, 8491, 8770, 8781, 9494] (17)
[1821, 2290, 3735, 4437, 5375, 5478, 6235, 7063, 7324, 7811, 8227, 8560, 8801, 9229, 9637] (15)
[405, 825, 1289, 1502, 1562, 3625, 4370, 4489, 4688, 6401, 6979, 7201, 7589, 7683, 7690, 8832, 9103] (17)
[3, 1020, 2308, 2414, 2588, 2892, 3300, 3923, 3967, 4063, 4302, 4331, 6460, 6569, 7165, 7608, 8810, 8834] (18)
[574, 838, 1115, 3762, 4020, 7599, 7750, 7879, 7926, 8219, 8376, 8659, 8896, 9155, 9208, 9899] (16)
[191, 1011, 1224, 2517, 3260, 4407, 4564, 4786, 5139, 5712, 7160, 7527, 8772, 8897, 9145, 9592, 9950] (17)
[423, 1292, 1309, 2186, 2993, 3000, 3251, 3838, 4627, 7099, 7712, 7733, 8092, 8899, 9522, 9551, 9876] (17)
[286, 660, 1191, 2210, 2649, 4502, 4648, 5537, 5681, 6573, 6748, 7727, 8915, 9113, 9214, 9248, 9402] (17)
[417, 1016, 1432, 1972, 2457, 2705, 2797, 3752, 3765, 4567, 5386, 5535, 6019, 6414, 6441, 6849, 8449, 8546, 8960, 9091, 9243, 9355] (22)
[453, 655, 1177, 1185, 1279, 1342, 1708, 2379, 3060, 3484, 4219, 4245, 4989, 5311, 6029, 6954, 8444, 8962, 9268] (19)
[91, 639, 1228, 1370, 3414, 3816, 3922, 3928, 4051, 4074, 4457, 4649, 4957, 5079, 5204, 5357, 6396, 6507, 6552, 6806, 6963, 6989, 7381, 7628, 8272, 8307, 8468, 8886, 8978, 9696, 9701, 9976] (32)
[155, 160, 642, 2329, 2562, 2860, 3707, 3964, 4860, 5116, 5129, 5235, 5497, 5769, 6399, 6407, 6558, 6830, 7105, 7174, 8213, 8874, 9025, 9459] (24)
[216, 1462, 2739, 3222, 3602, 3867, 4120, 4529, 4881, 5527, 5922, 7345, 7571, 7813, 9057] (15)
[903, 2143, 3074, 3126, 4515, 4993, 5097, 5183, 5612, 6913, 7156, 7662, 8155, 8190, 8789, 8963, 9088, 9129, 9572] (19)
[966, 1039, 2034, 2205, 2841, 3448, 3718, 3817, 4368, 4740, 4927, 5299, 5526, 7453, 7565, 7931, 8617, 8695, 8865, 8956, 9089, 9855] (22)
[377, 495, 1127, 1571, 2250, 2278, 2467, 3892, 4077, 4135, 5542, 5984, 9090, 9203, 9323, 9871] (16)
[560, 759, 2609, 2789, 3338, 3797, 4127, 4315, 4854, 5119, 5489, 5718, 6536, 9093, 9259] (15)
[9, 811, 2017, 2096, 2785, 3708, 3725, 5624, 7265, 7567, 7856, 8806, 8835, 8922, 9121] (15)
[1691, 2864, 2935, 2965, 3097, 3529, 3866, 4624, 4886, 6930, 7095, 7210, 7568, 7992, 8608, 9154, 9175, 9381, 9404] (19)
[288, 628, 1062, 1208, 1572, 2168, 2336, 2972, 3081, 3086, 3125, 4646, 4652, 4764, 5005, 5536, 5713, 6461, 6625, 9156, 9736] (21)
[1355, 1437, 1884, 2645, 2758, 3177, 3287, 4048, 5735, 7079, 7400, 7506, 8036, 8914, 9157, 9617, 9800] (17)
[614, 2012, 2513, 2918, 5378, 7534, 7695, 7759, 7761, 7790, 7887, 9185, 9611, 9713, 9716] (15)
[119, 260, 790, 1221, 1467, 2111, 2120, 2219, 2800, 3966, 4344, 5021, 5031, 5693, 5834, 5878, 6180, 6256, 7045, 8460, 8581, 8998, 9216, 9364, 9425, 9577] (26)
[24, 39, 393, 1041, 1245, 1808, 1970, 2493, 2509, 2939, 2962, 3105, 3220, 3750, 4151, 4566, 4670, 5162, 5326, 6416, 6800, 8629, 9034, 9217, 9282, 9590] (26)
[67, 1777, 1839, 2027, 2070, 2413, 2831, 3289, 4252, 5626, 5734, 6801, 7550, 9110, 9218, 9986] (16)
[875, 1029, 1645, 1655, 1782, 2659, 2897, 3880, 4832, 5128, 5368, 5517, 5956, 5958, 5977, 6087, 6311, 6361, 7382, 7469, 7558, 8133, 9003, 9219, 9374, 9389, 9612, 9889, 9928] (29)
[1213, 1407, 1488, 2302, 2703, 3770, 3947, 5572, 6706, 7062, 7535, 7980, 8302, 9250, 9661] (15)
[78, 531, 1068, 1138, 1304, 1415, 1683, 4615, 5127, 7213, 7349, 8469, 9234, 9252, 9387] (15)
[51, 52, 142, 391, 659, 2055, 3503, 3719, 5002, 6315, 6664, 6939, 7052, 7343, 8410, 9274, 9280, 9778] (18)
[1533, 1597, 1599, 1803, 2422, 2646, 3185, 3453, 4674, 5123, 5758, 5795, 6140, 6598, 8494, 8744, 9281, 9346] (18)
[506, 1671, 2940, 3741, 4365, 5619, 5900, 6190, 6265, 6833, 7399, 8249, 8754, 8863, 9337, 9648, 9919] (17)
[257, 546, 1381, 1944, 3482, 3713, 4247, 4482, 4666, 5861, 6047, 6132, 7404, 7554, 9344, 9372, 9475] (17)
[787, 1072, 1238, 1630, 1989, 2243, 2570, 3285, 3385, 4129, 4417, 4645, 4874, 4880, 5818, 6838, 7852, 8650, 8893, 9238, 9399, 9408] (22)
[120, 251, 1709, 2340, 2555, 2568, 2638, 2667, 2801, 2926, 2949, 3064, 3298, 3507, 3994, 4499, 5090, 5229, 5367, 5765, 6649, 8961, 9472, 9507, 9770] (25)
[401, 527, 530, 894, 2093, 2317, 3626, 3795, 4679, 5650, 5813, 6036, 6062, 6570, 7448, 8457, 9149, 9473] (18)
[165, 1557, 1764, 1766, 2341, 2539, 2893, 2908, 3231, 3932, 6538, 8794, 9007, 9477, 9567, 9761] (16)
[190, 222, 753, 945, 952, 974, 1001, 1247, 1484, 1847, 1863, 2087, 2687, 2750, 2798, 2932, 3164, 3239, 3501, 3567, 3682, 3788, 4039, 4095, 4137, 4154, 4212, 5208, 5346, 5600, 5601, 5677, 5944, 6260, 6341, 6581, 6631, 6730, 7155, 7647, 7794, 7882, 8174, 8178, 8240, 8295, 9028, 9159, 9510, 9788, 9824] (51)
[1154, 1666, 1877, 3495, 3832, 4492, 5354, 5983, 6284, 6350, 7615, 7889, 7982, 8206, 9125, 9227, 9537, 9751, 9809] (19)
[69, 604, 967, 2154, 2255, 2768, 3327, 3826, 5946, 6114, 6358, 6454, 7476, 8127, 8712, 9358, 9423, 9538, 9654, 9720] (20)
[837, 3050, 3640, 3864, 4275, 4592, 5075, 5480, 6854, 7285, 7660, 8113, 8950, 9046, 9539] (15)
[330, 496, 1761, 1802, 3284, 3313, 3464, 4432, 4879, 7370, 7766, 8007, 8163, 8786, 9285, 9540] (16)
[223, 511, 612, 2363, 2469, 3214, 3653, 4313, 4441, 5598, 7431, 7661, 8149, 8537, 9569] (15)
[259, 1427, 2020, 2664, 3590, 3618, 3630, 3814, 4218, 4249, 5605, 5662, 6143, 6287, 9600, 9630] (16)
[421, 1125, 1451, 2656, 2669, 3445, 3452, 3748, 5383, 5891, 6410, 7005, 8324, 8939, 9601, 9666, 9952] (17)
[566, 1315, 1317, 2691, 2838, 2923, 3895, 3921, 5163, 5585, 6022, 6220, 6723, 7428, 7710, 7818, 8182, 8742, 9233, 9602] (20)
[1581, 1607, 2025, 3256, 3687, 5124, 6578, 7487, 8368, 8662, 8802, 9278, 9385, 9664, 9904] (15)
[167, 279, 399, 889, 1321, 2234, 2434, 3311, 3974, 5109, 5893, 6282, 8611, 9098, 9226, 9380, 9730] (17)
[272, 1261, 1276, 1413, 1953, 1980, 2110, 2989, 3353, 3355, 3431, 4155, 4459, 4468, 4770, 4781, 5644, 6083, 6523, 7022, 7825, 8076, 8119, 8551, 8590, 8632, 8936, 8937, 8971, 9375, 9492, 9732] (32)
[407, 1262, 1398, 1403, 1425, 2676, 2686, 3319, 3511, 3561, 3727, 4178, 4462, 4835, 4847, 5012, 5215, 5360, 5419, 5856, 6368, 6373, 7844, 7947, 8269, 9190, 9737] (27)
[1159, 1173, 2067, 2333, 2607, 2742, 5307, 6106, 6647, 7955, 8490, 9116, 9179, 9688, 9762] (15)
[136, 418, 1796, 1810, 2288, 2577, 4750, 5136, 5281, 5777, 7301, 7876, 8247, 9040, 9384, 9793] (16)
[687, 694, 789, 839, 1418, 1675, 2190, 3367, 3471, 3992, 4629, 4878, 5019, 5279, 5286, 5292, 5435, 5669, 6150, 6164, 6837, 7051, 7221, 7306, 8233, 8471, 8477, 9794, 9902] (29)
[431, 983, 1103, 1226, 1454, 1507, 1615, 1918, 2097, 2248, 2573, 3095, 3130, 3728, 3887, 4058, 4401, 4448, 5056, 5186, 5682, 6053, 6221, 6355, 7088, 7511, 8610, 8943, 9024, 9075, 9563, 9683, 9827, 9832, 9846, 9856, 9948] (37)
[113, 1112, 2105, 2312, 2643, 3210, 3604, 3621, 3916, 3920, 4025, 4665, 5246, 5338, 6392, 6820, 6987, 9745, 9857, 9935, 9956] (21)
[2063, 2587, 2693, 4381, 4931, 5371, 5603, 6636, 7559, 8913, 9018, 9652, 9734, 9859, 9861] (15)
[470, 709, 714, 972, 1633, 2449, 3510, 3679, 4258, 5832, 6440, 6695, 7207, 8106, 8838, 9860] (16)
[455, 1091, 1361, 1578, 2346, 2540, 3378, 3537, 5421, 5935, 6450, 6616, 6763, 7116, 7475, 7984, 8112, 8378, 8396, 9393, 9920] (21)
[532, 1423, 1806, 1956, 2204, 2443, 2465, 2580, 2834, 3346, 3356, 3991, 4524, 5046, 5518, 6066, 6332, 6545, 6724, 6852, 7723, 7730, 8329, 8331, 8973, 8977, 9921, 9999] (28)
[285, 1616, 2536, 3011, 3012, 3944, 5430, 6395, 6719, 6965, 7561, 7999, 8009, 8458, 8803, 8811, 9712, 9922, 9995] (19)
[153, 490, 543, 769, 800, 1312, 1657, 1749, 2195, 2388, 2596, 2822, 2824, 3885, 4375, 5112, 5373, 5637, 5841, 6543, 7077, 7080, 7192, 8796, 8847, 9118, 9334, 9341, 9603, 9984] (30)
[123, 1305, 1534, 2216, 2651, 4133, 4771, 5885, 5892, 6563, 6658, 7033, 7068, 8080, 9985] (15)
[396, 562, 1874, 4144, 4516, 4560, 4642, 4654, 6371, 7444, 7943, 8034, 8411, 8868, 9117, 9263, 9512, 9901, 9990] (19)
