[0, 808, 923, 1218, 1316, 3242, 5130, 5168, 6145, 6397, 6940, 7448, 7813, 8028, 8157] (15)
[2, 359, 496, 499, 2350, 2728, 2784, 3677, 3717, 4103, 4112, 4323, 5363, 5635, 5850, 7101, 7395, 7478, 7539, 8594, 9463] (21)
[3, 310, 598, 1097, 1890, 2635, 2644, 3641, 4681, 5048, 5182, 5433, 6356, 6461, 7067, 9629] (16)
[36, 843, 1124, 3343, 3594, 4556, 5142, 5203, 5458, 5591, 6141, 8135, 8453, 8762, 9212] (15)
[64, 374, 489, 1072, 1278, 1605, 1917, 2216, 2269, 2754, 2939, 3106, 3314, 4066, 4303, 4305, 4540, 5612, 5619, 5703, 6085, 6490, 7209, 7343, 7477, 9149, 9476, 9535] (28)
[128, 255, 794, 1127, 1185, 1375, 1488, 1495, 3237, 4590, 5731, 6611, 6665, 6864, 7927, 8970] (16)
[192, 668, 742, 1276, 1519, 1524, 1897, 1982, 2801, 3091, 3691, 3703, 4085, 5416, 5553, 5991, 7551, 8639, 8852, 9074, 9665] (21)
[194, 207, 209, 2265, 3878, 4140, 4592, 4667, 4711, 5229, 5244, 6106, 6930, 7133, 7514, 7642, 7779, 8265, 9530, 9796, 9907] (21)
[200, 846, 1692, 2212, 2297, 2506, 2907, 5971, 6188, 6307, 6774, 8629, 8865, 9267, 9903, 9908] (16)
[257, 529, 886, 1247, 1489, 1800, 1866, 1886, 2424, 2639, 2761, 2865, 3558, 3666, 4168, 4301, 4566, 4574, 5840, 5879, 6218, 6369, 6600, 7170, 7269, 7902, 8046, 8216, 8534, 8938, 8958, 9590, 9735] (33)
[53, 117, 249, 259, 516, 1710, 2354, 2428, 2967, 4402, 4433, 4494, 4786, 4854, 6684, 7577, 7973, 8122, 8434] (19)
[180, 288, 320, 2205, 3435, 3452, 4146, 5437, 5687, 6485, 6562, 7739, 7791, 9009, 9627] (15)
[321, 1251, 1815, 2402, 3460, 3569, 4657, 4930, 5884, 7612, 7862, 8140, 8636, 8648, 8903, 9834] (16)
[142, 323, 1455, 1713, 1790, 2860, 3481, 3854, 3980, 4606, 4761, 5650, 6138, 6254, 6938, 7856, 8206, 8989, 9593] (19)
[325, 754, 1326, 2163, 2318, 2778, 3172, 5370, 5913, 6288, 7024, 7264, 7526, 7610, 7838, 8315, 8435, 8493, 9310, 9574, 9841] (21)
[158, 385, 589, 1796, 1976, 2114, 2476, 2567, 3405, 3658, 5660, 6224, 7727, 7946, 8717, 8841, 9759] (17)
[253, 387, 626, 1311, 2938, 4816, 4995, 5284, 7547, 7819, 8109, 8330, 8811, 8828, 8991, 9973] (16)
[7, 450, 490, 1525, 1533, 2308, 3653, 3971, 5143, 5300, 5393, 5869, 6260, 6405, 6628, 7147, 7275, 7511, 8208, 8293, 9004, 9502, 9748] (23)
[124, 226, 409, 452, 690, 864, 1420, 1486, 1746, 2997, 3066, 3893, 3921, 5327, 5412, 7054, 7144, 7534, 8661, 8941, 9073, 9143] (22)
[453, 921, 2726, 3118, 4016, 4637, 4712, 5085, 5180, 5798, 6058, 6994, 7463, 7593, 7623, 7969, 8539, 8875] (18)
[454, 678, 1050, 1103, 1966, 2862, 3054, 3483, 3639, 3818, 4054, 4154, 4409, 5098, 5994, 6443, 7066, 7113, 7670, 7898, 7960, 8018, 8103, 9036, 9158, 9370, 9497, 9512] (28)
[460, 502, 1616, 2200, 2685, 3187, 3235, 4197, 4506, 5220, 5981, 6187, 7161, 7414, 7659, 8276, 8912, 9077] (18)
[512, 674, 681, 820, 1600, 1696, 2466, 2604, 3711, 3722, 4273, 4564, 5338, 5730, 6643, 6863, 8559, 9676] (18)
[379, 513, 961, 2004, 2164, 2474, 2585, 3261, 4790, 6009, 6474, 6642, 6791, 7930, 7952, 8191, 8301, 8698, 8751] (19)
[380, 475, 515, 748, 838, 1660, 3178, 3366, 4218, 5029, 5030, 5139, 5197, 5646, 6063, 6687, 6941, 7090, 7658, 7740, 7853, 8722, 9501] (23)
[12, 181, 188, 518, 2456, 2787, 2932, 3630, 4384, 5054, 6903, 7470, 7713, 8419, 8715, 9063, 9190, 9598] (18)
[511, 519, 986, 1726, 2031, 3166, 3373, 3560, 3668, 3798, 4346, 4367, 4605, 4823, 4946, 5307, 5329, 6223, 6240, 6311, 6731, 6874, 6878, 6890, 6921, 6970, 7399, 7591, 7785, 8001, 8317, 9706] (32)
[254, 284, 498, 576, 584, 2055, 2246, 2312, 3125, 3137, 4116, 4386, 4716, 4812, 5252, 5260, 5508, 6256, 7535, 8069, 9134, 9321] (22)
[141, 577, 1444, 1740, 1810, 1953, 2184, 2603, 4111, 4350, 4508, 4938, 5702, 6308, 6565, 6712, 6975, 7364, 8381, 8582, 9263, 9478, 9795] (23)
[578, 1918, 2718, 2851, 3100, 3499, 4035, 4292, 4649, 5547, 6092, 7120, 7721, 8038, 8747, 9030, 9666] (17)
[381, 580, 1137, 2194, 2281, 2290, 3276, 3396, 3817, 4342, 4603, 5357, 5829, 5992, 7374, 9498] (16)
[103, 437, 640, 979, 1024, 1038, 1107, 1111, 1272, 1762, 1878, 1911, 2000, 2505, 7145, 8059, 8597, 9189, 9555] (19)
[363, 641, 689, 1288, 2404, 4190, 4818, 5289, 8106, 8252, 8470, 8551, 8588, 9801, 9930] (15)
[604, 651, 2289, 2790, 2960, 3515, 3600, 4766, 5263, 6027, 7142, 8658, 8703, 8951, 9465, 9466, 9756] (17)
[292, 634, 704, 839, 899, 1607, 2306, 2729, 3651, 3842, 4664, 6843, 7476, 7729, 8225] (15)
[708, 1112, 1378, 1885, 1981, 2005, 2018, 2378, 2979, 4068, 4392, 4403, 4576, 4978, 6569, 8600, 9247, 9771] (18)
[739, 1480, 3162, 3983, 4926, 5310, 5754, 6213, 7351, 8021, 8645, 9455, 9582, 9816, 9854] (15)
[126, 762, 949, 954, 1581, 2103, 2293, 3274, 4243, 4876, 5255, 6558, 7089, 7846, 8952] (15)
[17, 352, 495, 636, 769, 801, 833, 1003, 1282, 2662, 2828, 3121, 4206, 4661, 4989, 5580, 5799, 5866, 5897, 5988, 6520, 6906, 7010, 7531, 8325] (25)
[222, 771, 1657, 1891, 2091, 2545, 2655, 2792, 2982, 3076, 3339, 3421, 3473, 3554, 4475, 4615, 4633, 5741, 7050, 7179, 7239, 7858, 8088, 8557, 8829, 8876, 8979, 9276] (28)
[276, 592, 773, 1203, 1427, 2238, 2834, 3667, 5003, 5132, 5736, 5785, 7122, 7208, 7471, 8966, 9385, 9833] (18)
[224, 510, 595, 775, 1788, 2130, 2263, 3864, 3948, 4048, 4338, 4429, 5456, 5727, 6603, 6873, 6877, 7451, 8283, 8939, 9775] (21)
[559, 675, 780, 1757, 2101, 2454, 2542, 2605, 3733, 5167, 5844, 6963, 7487, 8742, 9070, 9638] (16)
[58, 832, 834, 1735, 1863, 3629, 3762, 4126, 4768, 5235, 5439, 5640, 5932, 5953, 6313, 6484, 6524, 6636, 7799, 9313] (20)
[835, 933, 1739, 3141, 3229, 3810, 3856, 5301, 5497, 5724, 6179, 6463, 7011, 7877, 9265, 9779] (16)
[108, 854, 901, 1382, 1544, 1686, 1754, 2964, 3024, 3671, 4372, 4497, 5073, 5195, 5499, 5968, 6471, 6891, 7037, 7879, 8029, 8346, 8753, 8845, 9815, 9993] (26)
[137, 960, 2847, 3096, 3296, 4850, 4867, 4990, 6462, 6519, 6673, 7391, 8378, 9329, 9923] (15)
[531, 1030, 1174, 1194, 1748, 2057, 2328, 2455, 3291, 3914, 4093, 4565, 5467, 6180, 6792, 7433, 7947, 9085, 9342] (19)
[821, 1088, 1560, 1613, 1829, 3292, 3650, 6479, 7378, 7492, 7698, 7826, 8015, 8476, 9033, 9911] (16)
[587, 1089, 1164, 1260, 1388, 1677, 2379, 2676, 3814, 4036, 4683, 5198, 6997, 7886, 9557] (15)
[94, 120, 1091, 1263, 1390, 2058, 2544, 2921, 3474, 3482, 4465, 5224, 5326, 7796, 7883, 7982, 9901] (17)
[1093, 1424, 1653, 2165, 2423, 2810, 2890, 3035, 4326, 4340, 4713, 4728, 4945, 5118, 5722, 5751, 5812, 6203, 6284, 6893, 6972, 8993, 9559] (23)
[37, 113, 275, 761, 947, 1152, 2360, 3013, 5129, 6067, 6075, 7657, 8217, 8507, 9240, 9739] (16)
[1153, 1756, 2653, 3165, 3284, 4674, 6083, 6909, 8133, 8144, 8447, 8782, 8900, 8917, 9281, 9670] (16)
[395, 646, 927, 1052, 1154, 1161, 1594, 1855, 2267, 2592, 3224, 4396, 5223, 5684, 6974, 9109, 9352, 9737, 9891] (19)
[836, 984, 995, 1155, 1805, 3177, 3942, 3943, 3988, 4294, 4325, 4435, 5011, 5162, 5230, 5438, 5666, 5772, 5911, 5964, 7265, 7881, 8280, 8646, 8783, 8913, 9287] (27)
[151, 756, 869, 1167, 2141, 2148, 4459, 5592, 5887, 6898, 7146, 9195, 9507, 9655, 9846, 9850] (16)
[60, 435, 851, 1216, 1441, 2777, 3437, 3638, 3705, 4070, 4253, 4283, 4659, 5894, 6235, 6996, 7271, 7498, 7757, 7797, 8291, 8333, 8418, 9612, 9680, 9835] (26)
[143, 1220, 2090, 2458, 2970, 3109, 4630, 4718, 5262, 6321, 6355, 6959, 7411, 7701, 7719, 8230, 8337, 8879, 8895, 9503, 9615, 9623] (22)
[341, 1222, 2160, 2910, 3403, 3804, 3812, 4437, 4943, 5226, 5343, 5389, 6031, 6238, 7773, 8653, 9052] (17)
[866, 1273, 1340, 1611, 1642, 1652, 2143, 2904, 4042, 4199, 4458, 4704, 5372, 5689, 6645, 6769, 6887, 7052, 7479, 7634, 7795, 8393, 8660, 8843, 9044, 9203, 9260, 9483, 9566, 9798, 9939] (31)
[11, 1280, 1437, 1543, 3429, 3958, 4461, 4481, 4827, 4830, 6621, 6813, 7001, 7138, 7800, 8436] (16)
[220, 698, 1281, 2744, 4028, 4233, 5560, 5583, 5834, 6368, 7176, 7294, 8079, 8501, 8775, 9334] (16)
[146, 443, 757, 1287, 2185, 2620, 3051, 3413, 4607, 5079, 6248, 6262, 6394, 7559, 8399, 9210, 9991] (17)
[260, 627, 818, 1151, 1344, 1610, 1699, 1845, 2162, 2438, 2870, 3138, 3231, 3252, 4034, 4677, 4746, 4986, 5720, 5769, 6134, 7190, 7754] (23)
[91, 1073, 1213, 1229, 1347, 1348, 1458, 1635, 1706, 2791, 3112, 3260, 3976, 4941, 7099, 7962, 8959, 9275, 9828] (19)
[967, 988, 1380, 1396, 2001, 2537, 2680, 3019, 4479, 4710, 5349, 5862, 6492, 6516, 9722] (15)
[285, 418, 861, 1338, 1408, 1952, 5394, 6555, 7310, 7462, 7690, 8590, 8773, 8859, 9882] (15)
[419, 1409, 2093, 2196, 2611, 3327, 4052, 5014, 5548, 6195, 6697, 7088, 7431, 7564, 7579, 7597, 8202, 8619, 8670, 9857] (20)
[525, 1415, 1719, 3230, 3795, 4598, 6302, 6677, 6748, 7195, 7369, 7645, 8630, 9005, 9165, 9624] (16)
[66, 251, 1043, 1200, 1463, 1768, 1968, 3545, 3827, 4474, 4655, 5163, 7871, 7884, 8743, 8867, 9527, 9884] (18)
[306, 798, 1472, 1850, 1992, 2503, 2702, 3271, 6199, 6983, 7102, 7926, 9538, 9539, 9784, 9805] (16)
[726, 1090, 1473, 2258, 3389, 3900, 5297, 5445, 5716, 6111, 6350, 6374, 7386, 8664, 8819, 9749] (16)
[1258, 1381, 1505, 4811, 5026, 6269, 6760, 7752, 8186, 8188, 8817, 8831, 8840, 9604, 9937] (15)
[184, 556, 1536, 1979, 2849, 3026, 3783, 4656, 5451, 6219, 6434, 6599, 7157, 8614, 9245, 9927] (16)
[982, 1136, 1476, 1537, 4632, 5367, 5686, 6022, 6977, 7308, 7337, 8655, 8855, 9198, 9754] (15)
[80, 178, 422, 527, 1422, 1539, 1569, 1821, 2972, 2984, 4003, 4258, 4669, 4806, 4955, 6108, 6540, 6604, 7314, 8602, 9493, 9731, 9750, 9862] (24)
[233, 472, 972, 1020, 1540, 1720, 1989, 2275, 2909, 3757, 4284, 4787, 5299, 6090, 6109, 6472, 6701, 6736, 6860, 6867, 7222, 7649, 8006, 9215, 9419, 9486, 9529, 9814, 9955] (29)
[95, 455, 809, 1602, 2255, 2365, 3358, 3379, 4446, 5808, 6082, 6227, 6559, 7033, 7440, 8908, 9592] (17)
[312, 796, 1146, 1606, 1684, 2174, 2888, 3122, 3895, 4378, 4893, 5021, 5113, 5309, 5450, 5782, 5962, 7475] (18)
[45, 938, 998, 1215, 1633, 2363, 3704, 5566, 5767, 7238, 8370, 8667, 8891, 9221, 9373] (15)
[1189, 1269, 1433, 1517, 1664, 1913, 2351, 2610, 3079, 4741, 5530, 6007, 6124, 6785, 7032, 7056, 7588] (17)
[1665, 2502, 3540, 3617, 4553, 6036, 6402, 6666, 6990, 7556, 7686, 8039, 8177, 8555, 8587] (15)
[483, 485, 554, 968, 970, 1139, 1520, 1667, 2126, 2225, 3018, 3723, 4192, 4552, 4860, 5465, 5496, 5750, 5985, 6607, 6766, 8264, 8815, 9213, 9446] (25)
[273, 597, 656, 989, 1546, 1668, 2419, 2831, 4212, 4451, 4476, 4719, 4782, 4996, 5208, 5359, 6123, 6404, 6444, 6647, 6711, 6762, 7123, 7465, 7855, 8168, 8665, 8731, 8956, 9069, 9397, 9449, 9459] (33)
[102, 872, 1076, 1456, 1685, 2026, 2039, 4760, 6579, 6705, 6953, 7323, 7336, 7970, 8446, 9450] (16)
[40, 98, 391, 403, 616, 1165, 1183, 1728, 2369, 2983, 3493, 3774, 6454, 7480, 8082, 8740, 9524, 9770] (18)
[25, 50, 494, 1730, 2172, 2750, 3532, 3614, 3846, 4597, 4618, 5623, 7904, 8096, 8171, 8813] (16)
[465, 629, 1731, 2327, 3951, 3993, 5335, 5982, 7515, 7780, 7789, 8517, 8816, 9151, 9180, 9323] (16)
[849, 1462, 1732, 1970, 2722, 3850, 4975, 6026, 6165, 6301, 6984, 7096, 7217, 7985, 8010, 8606, 9525] (17)
[786, 824, 1565, 1736, 2736, 2765, 3626, 5422, 5584, 5618, 6323, 6420, 6425, 6734, 6859, 7211, 7567, 7887, 8126, 9367] (20)
[299, 303, 586, 642, 655, 870, 932, 958, 1184, 1333, 1497, 1755, 1792, 1817, 2030, 2051, 2480, 3519, 3616, 3754, 3784, 4010, 4379, 4405, 4544, 4689, 4707, 4785, 4804, 4898, 5209, 5245, 5288, 6246, 6373, 6512, 6707, 7124, 7585, 7762, 7783, 7907, 8037, 8303, 8350, 8638, 8677, 8945, 8984, 9013, 9358, 9818, 9827] (53)
[263, 300, 1793, 3218, 3370, 3676, 3880, 5023, 5047, 5511, 5512, 5896, 6539, 6726, 7730, 8259, 9614, 9803, 9859, 9866] (20)
[694, 1794, 1880, 1889, 1893, 2118, 4230, 4411, 4445, 5715, 5973, 6004, 7273, 7350, 7397, 7905, 9416] (17)
[182, 199, 280, 417, 433, 1432, 1450, 1856, 2146, 2532, 3534, 3612, 4295, 6596, 6856, 8860] (16)
[1234, 1857, 2326, 2509, 2636, 3145, 3772, 4343, 4547, 4726, 4981, 5914, 6377, 8573, 8890] (15)
[71, 183, 829, 1858, 2576, 2751, 3541, 3597, 4758, 5191, 5563, 6162, 6828, 8234, 8364, 9698] (16)
[581, 737, 1397, 1744, 1860, 1887, 3383, 3391, 4077, 4797, 5305, 5995, 6758, 6993, 8272, 9586] (16)
[441, 812, 1556, 1849, 1874, 2340, 2467, 6197, 6549, 7063, 7723, 7859, 8167, 8995, 9314, 9634] (16)
[643, 770, 1920, 1941, 1983, 3004, 3604, 3872, 4410, 5303, 5402, 5489, 5648, 5655, 8615, 8905, 9223, 9526, 9667] (19)
[135, 1049, 1212, 1672, 1922, 2994, 3365, 4245, 4503, 5013, 6709, 6853, 7450, 8209, 8643, 9093] (16)
[448, 1867, 1984, 2220, 3406, 4002, 4141, 5813, 6692, 7064, 7256, 7718, 8853, 9249, 9926, 9972] (16)
[82, 1084, 1985, 2136, 2450, 2841, 3919, 4250, 4428, 5461, 5470, 5822, 5937, 6102, 6243, 6258, 6730, 7880, 8224, 8720, 9415] (21)
[1563, 1990, 2329, 2460, 2857, 3356, 3431, 3505, 4434, 5902, 6168, 6811, 6854, 7166, 7845, 9935] (16)
[22, 1029, 2048, 2391, 2534, 3578, 4045, 4215, 4412, 4714, 4842, 4853, 4914, 5956, 6781, 7206, 7418, 7744, 7745, 8523, 8579, 9081, 9163, 9191, 9284, 9289, 9308, 9578, 9940, 9958] (30)
[326, 1129, 1206, 1509, 1534, 2049, 3583, 3791, 3969, 4005, 4189, 4221, 4572, 4658, 5466, 6624, 7219, 8486, 8513, 8923] (20)
[114, 583, 740, 952, 2112, 4147, 4150, 4165, 6018, 6992, 7910, 8692, 8847, 9037, 9916] (15)
[330, 423, 707, 1314, 2176, 2856, 2980, 4617, 5018, 5429, 5839, 6866, 7317, 7611, 8238, 9384, 9402, 9404] (18)
[484, 2177, 3835, 3970, 5109, 5159, 5374, 5549, 5603, 6884, 7407, 8074, 8164, 8838, 9371, 9840, 9990] (17)
[666, 764, 1125, 1663, 2179, 2272, 2789, 5062, 5390, 5544, 6245, 6281, 6384, 6933, 8417, 9244, 9355, 9444] (18)
[74, 169, 203, 468, 693, 787, 840, 941, 959, 1068, 1192, 1207, 1398, 1577, 2181, 2230, 2612, 3049, 3270, 3303, 3326, 3362, 3411, 3424, 3739, 3759, 3834, 4118, 4195, 4385, 4587, 4734, 4837, 4856, 4921, 5189, 5269, 5391, 5598, 5779, 5904, 6201, 6452, 6523, 6556, 6738, 6981, 7083, 7361, 7461, 7484, 7715, 7875, 7895, 8008, 8788, 9003, 9258, 9567, 9678] (60)
[1069, 1343, 1351, 2183, 2623, 2775, 2864, 3281, 3933, 4423, 4822, 5557, 5872, 6392, 6954, 7627, 7733, 9685] (18)
[129, 804, 2105, 2208, 3506, 4613, 4645, 4897, 5830, 6831, 7483, 7999, 8244, 8511, 8626] (15)
[888, 1551, 2240, 3566, 3851, 4007, 4487, 5797, 6801, 8487, 8510, 8909, 8998, 9885, 9974] (15)
[730, 2247, 2461, 3624, 3805, 4275, 4793, 4956, 5823, 6200, 7153, 8113, 8372, 8880, 9266, 9577, 9810] (17)
[221, 261, 645, 1895, 2274, 2641, 2846, 3186, 3253, 4595, 7274, 7376, 7565, 7993, 8882] (15)
[23, 688, 1359, 1782, 2102, 2304, 3885, 3939, 5448, 6267, 6509, 7424, 7541, 8404, 8651, 9811, 9946] (17)
[1383, 1716, 1853, 2147, 2305, 2681, 2694, 3546, 3796, 4071, 5600, 5842, 6570, 7639, 8027, 8275] (16)
[939, 1291, 1461, 2073, 2310, 2325, 2384, 3637, 4527, 5795, 6037, 6061, 6714, 6809, 8744, 9518, 9522, 9851] (18)
[806, 810, 1057, 2081, 2135, 2322, 2596, 3350, 3367, 3480, 4270, 4774, 5654, 5865, 6804, 8251] (16)
[827, 1120, 1470, 1670, 1848, 2248, 2368, 3275, 3294, 3643, 4040, 4740, 5127, 5330, 6077, 6522, 6720, 7802, 8287, 8311, 8402, 9282, 9742, 9936] (24)
[107, 2110, 2430, 2771, 2943, 3999, 4178, 5434, 5602, 6689, 6939, 7006, 7242, 7327, 7359, 7655, 8032, 8159, 8174, 9716, 9785] (21)
[1, 262, 272, 685, 1811, 2432, 2637, 2799, 2929, 4079, 4084, 4460, 4942, 5718, 6012, 7809, 8950, 9098, 9712, 9871] (20)
[719, 727, 850, 1879, 2396, 2434, 3146, 3656, 4248, 4813, 6122, 6299, 7116, 7385, 9808, 9942] (16)
[520, 1466, 1553, 2435, 3251, 3574, 3644, 4220, 4238, 4762, 5425, 5717, 5752, 6305, 7318, 7584, 8464, 9396] (18)
[208, 724, 766, 858, 1323, 1330, 1527, 1836, 2439, 2586, 2617, 2654, 2852, 3830, 3839, 4838, 5025, 6476, 6830, 6910, 7504, 8061, 8170, 8442, 8552, 9576, 9959, 9979] (28)
[1308, 2128, 2386, 2496, 2593, 2869, 3285, 3634, 3813, 4297, 4647, 5274, 6183, 6347, 7545, 9643, 9797] (17)
[155, 803, 1765, 2497, 2906, 3214, 4824, 5193, 5691, 7234, 8185, 8296, 8578, 8603, 8625, 9222] (16)
[52, 57, 699, 1723, 2011, 2557, 2615, 3530, 3787, 4563, 5682, 5935, 6575, 6986, 8752, 8931, 9125, 9662] (18)
[1784, 2169, 2560, 3030, 3819, 4693, 5237, 6126, 6251, 7829, 8078, 8584, 8809, 8967, 9328] (15)
[370, 497, 1077, 2256, 2562, 3179, 4074, 5446, 6132, 6737, 6888, 8383, 8425, 8795, 9269] (15)
[401, 672, 913, 2013, 2563, 2699, 3342, 3487, 4015, 4135, 4373, 4534, 4638, 4916, 4917, 5408, 5540, 5806, 6582, 9103, 9648, 9998] (22)
[309, 482, 2564, 2711, 2911, 4361, 4819, 5115, 5959, 6158, 6189, 6367, 7259, 7896, 8033, 8462, 8531] (17)
[1364, 1514, 2044, 2548, 2583, 2624, 2687, 3427, 4729, 4934, 5242, 5587, 5892, 6728, 6871, 6901, 7207, 7267, 7928, 8016, 8036, 8050, 8387, 9694] (24)
[333, 623, 997, 1114, 2394, 2591, 2627, 4246, 4771, 5517, 7528, 7920, 8104, 8187, 8632, 8873, 9597] (17)
[549, 1204, 1942, 2193, 2382, 2628, 2798, 3044, 3093, 3311, 3313, 6014, 6922, 7654, 7944, 8352, 8810, 9494, 9645] (19)
[77, 671, 1232, 1833, 2463, 2631, 3119, 3381, 3956, 5071, 6125, 6802, 6815, 7081, 7186, 8375] (16)
[2602, 2656, 3824, 4024, 4871, 4884, 4974, 5194, 5469, 6303, 6497, 7289, 7869, 8869, 9963] (15)
[1228, 1766, 2660, 3693, 4370, 5072, 5291, 5387, 6391, 7402, 7758, 8735, 9174, 9332, 9951] (15)
[631, 648, 670, 1083, 1535, 1541, 2688, 3223, 5123, 5789, 5805, 5831, 6088, 6655, 7684, 8768] (16)
[487, 608, 948, 1060, 1760, 2405, 2646, 2689, 2768, 2919, 3185, 6015, 6635, 7152, 8047, 8437, 8549] (17)
[154, 792, 2195, 2692, 3080, 3194, 3246, 3324, 3602, 3701, 4110, 4833, 7084, 7199, 7437, 8944] (16)
[270, 1199, 1682, 1697, 2121, 2695, 2697, 3107, 3454, 3607, 3689, 5150, 7193, 8175, 9131, 9360] (16)
[874, 1474, 1579, 2484, 2752, 2900, 3263, 3510, 3750, 4261, 4550, 4682, 5149, 6095, 8887] (15)
[971, 2047, 2587, 2816, 2887, 4113, 4151, 4558, 6174, 6631, 6703, 7230, 8204, 8471, 8512, 9751, 9877] (17)
[751, 1141, 1778, 2071, 2794, 2819, 4109, 4982, 5471, 7459, 8086, 8323, 8335, 8574, 9246, 9516] (16)
[75, 364, 459, 630, 1526, 1561, 2139, 2157, 2362, 2556, 2823, 3061, 3154, 3182, 3527, 3550, 3699, 4299, 4573, 4927, 5514, 5843, 6096, 6118, 6553, 6609, 6616, 7098, 7118, 7607, 8689, 9015, 9563, 9839] (34)
[14, 311, 1092, 1122, 1219, 2109, 2440, 2880, 2896, 2998, 4171, 4654, 6104, 6344, 6915, 8812, 9035, 9133] (18)
[336, 451, 867, 1859, 2429, 2530, 2830, 2882, 3450, 3601, 4560, 5774, 5821, 6127, 6366, 7003, 7026, 7154, 7388, 7393, 7755, 8120, 8294, 9943] (24)
[574, 2367, 2447, 2705, 2883, 2968, 3227, 5427, 5657, 5778, 6068, 6166, 7095, 7358, 7728, 7836, 8466, 8622, 9293, 9381, 9672] (21)
[191, 736, 906, 1266, 1574, 1655, 1835, 2040, 2054, 2944, 5321, 5386, 5409, 5479, 5626, 5744, 5999, 6529, 7065, 7572, 7574, 8179, 8203, 9453, 9475] (25)
[210, 2197, 2546, 2571, 2808, 2945, 2995, 3984, 4242, 4894, 5673, 5803, 7034, 7073, 8316, 8794] (16)
[238, 544, 562, 657, 2946, 3060, 3198, 3476, 3902, 4362, 4488, 5000, 5201, 5639, 6530, 6652, 7536, 7792, 8445, 8620, 9692] (21)
[536, 2291, 2956, 2974, 4256, 5295, 5665, 5847, 5916, 7197, 7200, 7324, 8468, 8953, 8997, 9238, 9531] (17)
[617, 686, 1255, 1445, 2647, 3002, 3102, 3661, 3997, 5111, 5658, 6128, 6459, 7466, 8526] (15)
[160, 283, 601, 885, 889, 1958, 2357, 2719, 2723, 2756, 3008, 5166, 5190, 6225, 8729, 9250] (16)
[1545, 1998, 2388, 3009, 3098, 3211, 3533, 3758, 3874, 3990, 4287, 4748, 5938, 7092, 7226, 7692, 8465, 9178] (18)
[234, 1198, 1987, 2395, 2899, 3041, 3414, 5091, 5236, 5333, 5738, 6982, 7012, 7901, 8308] (15)
[428, 570, 1018, 2352, 3072, 4991, 5020, 5063, 5378, 5793, 5917, 6508, 6718, 6944, 7053, 8062, 8872, 8898, 8978, 9800] (20)
[734, 1355, 2552, 2710, 2797, 3050, 3073, 3152, 3345, 4062, 4095, 4163, 4977, 5212, 5606, 5838, 6359, 6998, 7018, 7086, 7251, 8400, 8529, 8962, 9640, 9976] (26)
[187, 611, 1133, 1363, 1803, 2348, 3136, 3144, 3243, 3354, 3514, 3660, 4158, 4835, 5024, 6087, 6521, 6947, 7458, 7717, 9777] (21)
[500, 746, 1837, 2417, 2489, 2551, 2714, 2875, 3151, 3175, 4217, 5462, 5729, 6121, 6226, 6771, 7404, 7409, 7788, 8180, 8496, 9301, 9855] (23)
[1017, 1267, 1650, 1947, 1948, 2270, 2720, 3063, 3200, 3954, 4092, 4280, 6034, 6514, 7017, 7132, 7204, 7646, 7778, 8231, 8609, 8863, 8919, 9523, 9693] (25)
[883, 1116, 1283, 1435, 1464, 1761, 2273, 2409, 2485, 2824, 2936, 3201, 3305, 3622, 3844, 4980, 5039, 7303, 7938, 8165, 8675, 9461, 9610, 9741] (24)
[965, 1074, 2033, 2757, 3202, 4478, 4698, 6214, 6694, 6755, 7538, 8452, 9080, 9447, 9543] (15)
[5, 1349, 1704, 1951, 2099, 2319, 3203, 3254, 3484, 4394, 4559, 6013, 6548, 6563, 7182, 7454, 8249, 8365, 8458, 9060, 9787] (21)
[567, 1865, 2321, 2700, 2987, 3064, 3204, 4104, 4543, 4663, 5641, 5679, 5927, 6268, 6283, 6622, 6667, 7016, 7342, 8031, 8210, 8506] (22)
[123, 177, 1143, 1160, 2933, 3232, 4538, 5604, 6017, 6261, 7542, 8591, 8974, 9322, 9758] (15)
[235, 431, 1727, 2861, 3129, 3298, 3382, 3404, 3821, 4791, 5928, 7357, 7998, 8763, 9660] (15)
[18, 925, 2229, 3299, 3912, 4156, 4309, 4548, 4918, 5200, 5643, 7335, 8145, 8971, 9392] (15)
[427, 1046, 2917, 3328, 4105, 5122, 5210, 5286, 5480, 5683, 7177, 7619, 8577, 9452, 9774] (15)
[750, 963, 2373, 2634, 2713, 2772, 2805, 3329, 3432, 3528, 4090, 4127, 5032, 6668, 6880, 7150, 7664, 9294, 9895] (19)
[110, 1869, 2140, 3210, 3289, 3334, 3927, 4852, 5104, 5141, 5882, 7117, 8455, 8916, 9684] (15)
[122, 368, 1304, 2190, 3087, 3361, 3392, 3729, 4264, 4483, 5264, 6293, 8003, 8232, 8975, 9982] (16)
[20, 30, 67, 105, 540, 569, 2589, 2613, 3010, 3346, 3393, 4296, 5268, 6291, 6326, 7205, 7375, 7850, 8759, 9008, 9029, 9121, 9952] (23)
[842, 1056, 1943, 2150, 2918, 2951, 3249, 3394, 3683, 4371, 5768, 6259, 6349, 6388, 6625, 7854, 8132, 8541, 9039, 9166, 9568, 9966] (22)
[83, 190, 862, 1223, 1264, 1303, 1868, 2559, 3180, 3395, 3517, 4846, 4932, 4967, 5404, 5533, 5753, 5978, 6253, 7241, 7245, 7519, 8796, 8955, 9540, 9690, 9823] (27)
[153, 165, 728, 805, 1787, 2206, 2464, 2674, 3372, 3398, 3610, 3736, 3742, 3802, 5165, 6708, 9934] (17)
[1797, 1899, 2284, 2285, 2661, 3048, 3300, 3309, 3458, 4593, 5406, 6190, 6511, 8804, 9252] (15)
[32, 1208, 2442, 2588, 2727, 3149, 3461, 4776, 5272, 5287, 5306, 5900, 5944, 6044, 6634, 7097, 8361, 8724, 9057, 9783] (20)
[164, 545, 654, 2462, 2479, 2773, 3520, 5064, 5138, 5757, 6415, 7347, 8215, 8328, 8580, 8972] (16)
[994, 2261, 3543, 4177, 5556, 5871, 5951, 7473, 8146, 9032, 9270, 9278, 9547, 9554, 9804] (15)
[24, 588, 2682, 3123, 3219, 3538, 3552, 3686, 5206, 6198, 6503, 6985, 7501, 8411, 9173] (15)
[474, 638, 1042, 2180, 2254, 2609, 2630, 3584, 4477, 5771, 6010, 6309, 6395, 6664, 7035, 8255] (16)
[315, 700, 1140, 1225, 1339, 1362, 1974, 2192, 2232, 3005, 3059, 3387, 3585, 3690, 3695, 4642, 4963, 5177, 5573, 5878, 5961, 6099, 6653, 7019, 7299, 7520, 7888, 8084, 8547, 8784, 9288, 9424, 9426, 9480, 9553] (35)
[411, 415, 892, 1150, 2069, 2222, 2745, 2835, 3586, 3901, 4252, 4523, 4809, 5498, 5676, 6204, 6590, 6598, 6699, 7119, 7307, 9225, 9492, 9583, 9711, 9992] (26)
[39, 537, 1279, 1715, 3197, 3485, 3589, 4998, 5136, 5265, 5410, 6951, 8072, 8598, 8988, 9341, 9954] (17)
[138, 916, 1023, 1986, 2433, 2510, 3551, 3648, 3918, 4567, 5693, 6279, 6614, 7790, 8409, 8540, 8904] (17)
[868, 1245, 1443, 1934, 2029, 2134, 2219, 2747, 3649, 3749, 4510, 6798, 7057, 7180, 7420, 8292, 8676, 9083, 9327, 9585, 9618] (21)
[156, 289, 575, 865, 1482, 1496, 1826, 2086, 3654, 4377, 4648, 5035, 5328, 6719, 7614, 7843, 8240, 8878, 9202, 9757] (20)
[8, 1678, 1688, 2213, 2667, 3266, 3712, 3719, 4241, 4438, 4588, 4639, 7892, 8396, 8572, 9509] (16)
[514, 887, 909, 1423, 1446, 2210, 2536, 2606, 2818, 3632, 3714, 6220, 6680, 7100, 7284, 7449, 7923, 7972, 8218, 9379, 9631] (21)
[1081, 2276, 2353, 3332, 3347, 3716, 3721, 4058, 4861, 4886, 6896, 7400, 8263, 8826, 9128, 9441] (16)
[620, 676, 1566, 1779, 1844, 2077, 3745, 3987, 4731, 7568, 8214, 8327, 8477, 8495, 8586] (15)
[478, 735, 2028, 2625, 3255, 3776, 4298, 4952, 4965, 5171, 5308, 7621, 8299, 9137, 9217] (15)
[488, 1285, 1312, 3268, 3779, 4717, 5535, 5710, 5873, 7253, 7341, 7368, 7977, 7984, 8499, 9194] (16)
[859, 1014, 1750, 3099, 3250, 3809, 3816, 4624, 5228, 5811, 8020, 8306, 8560, 9091, 9521] (15)
[43, 218, 784, 1175, 1325, 1404, 2902, 3131, 3209, 3433, 3807, 3833, 3840, 4310, 4675, 4900, 4999, 5344, 5415, 6834, 7313, 7672, 7953, 8194, 8385, 8421, 8681, 8750, 9752, 9964] (30)
[506, 607, 760, 1221, 1230, 1246, 2156, 2614, 2677, 3841, 4318, 4612, 4902, 5960, 6504, 7254, 7669, 8282, 9307, 9868] (20)
[471, 1000, 1108, 1501, 2781, 3563, 3845, 3944, 5704, 6413, 7277, 7513, 8697, 8767, 9616] (15)
[2094, 3615, 3852, 3867, 3877, 4308, 5398, 6153, 6446, 6475, 7716, 7760, 8288, 9243, 9292] (15)
[815, 962, 1041, 1186, 1209, 2145, 3486, 3904, 4644, 5221, 5346, 5577, 5920, 6076, 6448, 6672, 6691, 7349, 8488, 9220] (20)
[131, 1368, 1751, 1908, 2355, 3453, 3905, 3941, 4211, 5350, 6110, 6146, 6554, 6723, 8151, 8505, 8830, 8929, 9107, 9594] (20)
[28, 983, 1490, 2027, 2260, 2266, 2908, 3535, 3573, 3580, 3968, 4705, 4929, 6062, 6097, 6385, 6470, 6473, 6644, 7278, 7427, 7622, 7775, 7961, 8833, 9042, 9177, 9442, 9950] (29)
[1622, 1781, 2337, 3731, 3853, 4000, 4399, 4890, 4987, 5980, 6237, 7288, 7696, 7913, 9108] (15)
[41, 100, 625, 1905, 2079, 4031, 4033, 4891, 6426, 6630, 6756, 6852, 6902, 8056, 9776] (15)
[294, 1479, 1745, 1960, 2339, 4025, 4038, 4316, 5164, 6883, 6966, 7857, 8656, 9126, 9393, 9867] (16)
[430, 612, 691, 1592, 2223, 2716, 2737, 3105, 3244, 4041, 4306, 5277, 7074, 7247, 7460, 8100, 8439] (17)
[871, 1442, 2115, 2178, 2528, 2947, 3553, 3932, 4096, 5620, 5732, 6316, 6375, 6498, 8825, 8897, 9218, 9408, 9570, 9700] (20)
[1290, 2191, 2952, 3173, 3301, 3896, 4097, 4204, 4321, 4512, 5364, 6610, 7181, 7702, 8196, 8932, 9012, 9201, 9451, 9695] (20)
[538, 1426, 1785, 2064, 2448, 2833, 3472, 3582, 4098, 4500, 7189, 7600, 8022, 8918, 9099] (15)
[148, 150, 356, 1008, 1385, 4099, 6422, 6517, 6537, 7039, 7140, 7339, 7812, 8546, 8592, 9356, 9702, 9766] (18)
[361, 723, 863, 2925, 3290, 4051, 4107, 4139, 4391, 4462, 4473, 4671, 4701, 4969, 4972, 6247, 9306] (17)
[266, 902, 2579, 3128, 3696, 3707, 3715, 3857, 4013, 4128, 5031, 5313, 8095, 8883, 9994] (15)
[316, 1101, 1210, 1644, 1647, 3416, 4162, 4320, 4756, 5449, 5460, 5898, 6006, 6659, 7009, 7085, 7344, 7500, 7626, 7651, 7652, 7756, 8440, 9162, 9296, 9311, 9514] (27)
[111, 1407, 1680, 2159, 2511, 3069, 3278, 4076, 4080, 4166, 4831, 6287, 6568, 7223, 8081, 9230] (16)
[996, 1405, 2669, 2876, 3562, 3967, 4153, 4167, 4754, 5457, 6252, 7897, 7912, 8057, 8160, 8567, 8760, 8889] (18)
[917, 1019, 3886, 3959, 3972, 4185, 4223, 5017, 5395, 5493, 6440, 8422, 8548, 9047, 9965] (15)
[242, 1937, 2007, 2063, 2527, 3046, 4196, 4345, 4602, 5610, 5645, 6904, 7516, 8457, 9519] (15)
[683, 1224, 1629, 1873, 2690, 3621, 3780, 3803, 4119, 4224, 4266, 5571, 7447, 8617, 9027, 9257, 9464, 9687] (18)
[4, 355, 1131, 1733, 2002, 4086, 4225, 6803, 6851, 7048, 7700, 9045, 9186, 9605, 9734] (15)
[397, 1013, 1295, 1319, 2452, 4226, 4274, 4469, 5233, 5737, 6560, 6936, 8942, 9630, 9733, 9892] (16)
[157, 408, 1946, 2125, 2473, 3088, 3618, 4037, 4228, 4277, 4382, 4883, 5172, 6167, 6807, 9357] (16)
[202, 1595, 1675, 1909, 2257, 2725, 3556, 3596, 3838, 4044, 4231, 5002, 7244, 7252, 7677, 9599] (16)
[72, 205, 215, 585, 1993, 3306, 3410, 3623, 4271, 4289, 4389, 5801, 7647, 7900, 9780, 9947] (16)
[884, 903, 2296, 2470, 3811, 3858, 3963, 4332, 4352, 4444, 4516, 5680, 5775, 7517, 7529, 8289, 8568, 8807, 9858] (19)
[647, 1438, 1637, 2543, 2565, 2957, 2965, 4329, 4353, 4375, 4788, 5096, 5876, 6081, 6163, 6925, 9106, 9495, 9986] (19)
[282, 425, 563, 1901, 1988, 2336, 2706, 3084, 4356, 5022, 5907, 6032, 6172, 6675, 7062, 7822, 9112, 9673, 9932] (19)
[243, 473, 526, 2913, 3288, 3513, 4383, 4416, 5176, 6065, 7847, 7889, 8138, 8734, 9101, 9887] (16)
[327, 458, 1087, 2743, 3598, 3907, 4262, 4418, 5148, 5653, 6424, 7725, 8142, 8412, 8537, 8986, 9487, 9653, 9782] (19)
[1253, 3159, 3216, 3221, 4419, 5539, 5903, 6931, 7452, 7590, 7827, 8221, 8223, 8336, 8355, 9389] (16)
[1058, 1321, 1431, 1914, 2999, 3375, 3751, 4421, 4490, 5559, 5694, 6282, 7499, 8607, 8634, 8990] (16)
[152, 313, 317, 664, 716, 845, 985, 1055, 1163, 2844, 4131, 4480, 5551, 7213, 7833, 8754, 9425] (17)
[287, 375, 461, 602, 741, 877, 1082, 1327, 1590, 1872, 2098, 2372, 2670, 2848, 2881, 2892, 3003, 3150, 3420, 4134, 4202, 4482, 4688, 4857, 6561, 6818, 7279, 7348, 7805, 7911, 8137, 8222, 8242, 8358, 8508, 8543, 9132, 9504, 9596] (39)
[342, 778, 783, 987, 1377, 2264, 2554, 3789, 3909, 4432, 4484, 4631, 4820, 5160, 5325, 5369, 5486, 5781, 5837, 5880, 6545, 6927, 6980, 7496, 7876, 7909, 7956, 8290, 9076, 9167, 9343] (31)
[167, 1022, 1915, 2252, 2491, 2934, 4180, 4485, 4872, 5336, 6969, 8040, 8053, 8089, 9491, 9790] (16)
[343, 680, 956, 1346, 2166, 4514, 4979, 5158, 5784, 6089, 6229, 9159, 9380, 9382, 9387] (15)
[44, 1188, 4018, 4545, 4773, 5520, 5561, 5567, 6544, 8213, 8235, 8239, 8779, 9232, 9663] (15)
[1640, 2449, 2608, 2758, 3062, 3402, 3568, 4549, 4680, 4957, 7115, 7280, 7355, 7533, 8702, 9335, 9791] (17)
[789, 1079, 2056, 2853, 2871, 3737, 3831, 3977, 3994, 4608, 4625, 4763, 4904, 5256, 6337, 6637, 7328, 7959, 8189, 8362, 9400, 9881] (22)
[46, 572, 679, 2119, 2279, 3110, 3488, 4611, 5400, 5699, 5719, 7055, 7215, 7453, 7543, 7609, 7741, 8087, 9264, 9359, 9545, 9626, 9914] (23)
[171, 1053, 1085, 1820, 1846, 3710, 4577, 4640, 4660, 6431, 6469, 8356, 8382, 9028, 9365] (15)
[166, 195, 1096, 1171, 2524, 3897, 4627, 4641, 4752, 5279, 5515, 7975, 8398, 8472, 9141] (15)
[360, 444, 924, 1552, 3021, 3153, 3822, 4441, 4672, 4807, 5855, 6329, 6486, 7372, 8786] (15)
[319, 324, 377, 1587, 2500, 2839, 3081, 4183, 4282, 4673, 4922, 5608, 5833, 6578, 6881, 7522, 9902, 9919] (18)
[1954, 2482, 2981, 3642, 4407, 4676, 5034, 5688, 5692, 7227, 7261, 8102, 8166, 8389, 8745, 8755, 9661, 9897] (18)
[677, 817, 1674, 2693, 3116, 4668, 4736, 4878, 5137, 5424, 6051, 6411, 6838, 8080, 8772] (15)
[446, 703, 974, 2124, 2492, 2735, 2859, 2935, 3685, 4532, 4725, 4737, 6079, 6171, 6333, 6487, 6638, 6751, 8948] (19)
[999, 1004, 1021, 2341, 3564, 4738, 4985, 5006, 5101, 5447, 5483, 6934, 8858, 9613, 9652, 9863] (16)
[695, 841, 975, 991, 1823, 2969, 3168, 4125, 4626, 4800, 5067, 5527, 6050, 6465, 7605, 7704, 8888, 9558] (18)
[665, 977, 1305, 2320, 2850, 3022, 3335, 4376, 4801, 5008, 5388, 6276, 6285, 7334, 7363, 7708, 7712, 7732, 8712, 9127, 9869, 9995] (22)
[442, 697, 752, 2035, 2239, 4580, 4687, 4803, 5094, 5579, 5836, 5942, 7994, 8516, 8522, 8608, 8708, 8907, 9533, 9753, 9772, 9848] (22)
[661, 1191, 1528, 1648, 1775, 2408, 4834, 6449, 7167, 8443, 8678, 8721, 9338, 9621, 9981] (15)
[382, 410, 555, 816, 1679, 1691, 3199, 4106, 4291, 4420, 4759, 4864, 5045, 6310, 6724, 7365, 9142, 9224, 9226] (19)
[1912, 2053, 2407, 4260, 4865, 5296, 5347, 5890, 6370, 6663, 6892, 7291, 7990, 8154, 8935, 9674, 9707] (17)
[265, 2117, 2287, 2495, 2843, 3873, 4866, 4896, 5706, 5712, 5858, 5921, 6100, 6581, 7141, 7262, 8099, 8108, 8357] (19)
[591, 1123, 2441, 3966, 4222, 4431, 4578, 4869, 5128, 5481, 5777, 5975, 6627, 7908, 8850, 8934] (16)
[78, 90, 714, 1134, 1841, 2008, 2074, 2080, 2361, 2370, 2477, 2569, 3477, 3590, 3698, 3720, 3875, 4314, 4845, 4851, 4870, 4936, 5293, 5443, 5538, 5574, 5681, 5721, 5947, 6069, 6335, 6339, 6457, 6501, 6577, 6817, 7493, 7561, 7840, 7949, 8105, 8229, 8368, 8371, 8680, 8977, 9019, 9153, 9403, 9807, 9813, 9825] (52)
[702, 1683, 2633, 2650, 3408, 4928, 5356, 5360, 6436, 6995, 7379, 7665, 8410, 8957, 9437] (15)
[213, 304, 1106, 1583, 1615, 1632, 1843, 2104, 4236, 4254, 4769, 4937, 5285, 5690, 6105, 6488, 9587] (17)
[133, 1135, 2387, 3090, 4583, 4992, 5558, 6296, 6543, 6886, 8456, 8502, 8565, 8814, 9764, 9900] (16)
[232, 937, 1196, 1851, 2207, 2415, 2942, 3609, 4993, 5524, 6135, 6136, 7021, 9135, 9688] (15)
[10, 214, 421, 819, 860, 1002, 1306, 1386, 1434, 1570, 2211, 2302, 2582, 2595, 2788, 2845, 3028, 3448, 4395, 4994, 5275, 5532, 5670, 5969, 6041, 6491, 6641, 7201, 7258, 7457, 7576, 7598, 7620, 9248, 9405, 9642, 9769, 9821, 9957] (39)
[2366, 2508, 3447, 3640, 4088, 4276, 4951, 5057, 6236, 6704, 6710, 8583, 9182, 9336, 9337, 9564] (16)
[914, 1086, 2770, 3336, 3747, 4023, 4515, 5058, 5196, 5919, 5925, 6458, 6740, 6920, 7108, 7383, 8490, 9051, 9428] (19)
[852, 944, 1332, 2518, 4541, 5065, 5807, 5848, 5983, 6629, 7353, 7518, 8946, 9084, 9164, 9192] (16)
[228, 1580, 1641, 1957, 2385, 4027, 4522, 4529, 5120, 5423, 5528, 6300, 6467, 6988, 7377, 8730, 9725] (17)
[1028, 1412, 1825, 2877, 3233, 3764, 3862, 3982, 4535, 4562, 5121, 5910, 6029, 6564, 7942, 9196, 9485] (17)
[26, 3498, 3952, 4440, 4525, 4892, 5012, 5124, 5595, 5854, 6362, 7575, 7933, 9100, 9395, 9436, 9439] (17)
[1162, 1503, 2132, 4101, 4216, 5155, 5491, 6515, 6747, 6768, 6957, 7834, 8273, 8319, 9606] (15)
[346, 1523, 1795, 1870, 2144, 3770, 4455, 5184, 5485, 6841, 7233, 7321, 7878, 8866, 9256, 9669, 9705] (17)
[732, 918, 1095, 1807, 2598, 2988, 5083, 5186, 5273, 5819, 6442, 6932, 7202, 7722, 7955, 9286, 9399, 9888, 9933] (19)
[73, 541, 2324, 3469, 3489, 3501, 3627, 4895, 5192, 5413, 5545, 5923, 6116, 6716, 7573, 8014, 9290] (17)
[204, 2499, 3399, 3871, 3961, 4413, 5216, 5339, 6686, 6857, 8616, 8650, 8757, 9549, 9633] (15)
[501, 504, 825, 1666, 2106, 2541, 5247, 7495, 7861, 7931, 8121, 8374, 8469, 8558, 9118] (15)
[684, 1802, 2138, 2975, 3348, 4081, 4179, 4315, 5106, 5248, 5337, 5352, 5989, 6230, 7765, 9941] (16)
[701, 911, 1353, 2766, 2827, 3115, 3134, 3226, 3587, 3843, 4161, 4634, 5068, 5249, 5818, 6052, 6651, 7060, 7630, 8116, 8212, 8766, 9479, 9490, 9720, 9996] (26)
[600, 1898, 2955, 3800, 4235, 4495, 4600, 5258, 5790, 6071, 8497, 8671, 9510, 9580, 9701, 9997] (16)
[231, 649, 2198, 3989, 4120, 4962, 5251, 5282, 5783, 5835, 6211, 6518, 8044, 8070, 9865] (15)
[55, 1776, 2050, 2083, 2151, 3065, 3439, 3575, 3681, 4117, 4387, 4722, 5009, 5250, 5312, 6024, 6753, 7174, 7266, 7469, 7673, 8324, 8822, 8933, 9229, 9723, 9961] (27)
[2553, 4188, 4643, 5060, 5099, 5314, 5478, 5518, 5934, 6040, 6120, 8228, 8746, 8894, 8920] (15)
[2389, 3029, 3085, 3438, 3725, 3991, 4115, 4561, 5066, 5376, 7835, 7890, 8266, 8823, 9703] (15)
[1098, 1190, 1233, 1342, 2581, 2891, 3353, 4911, 5089, 5179, 5377, 6112, 6209, 6358, 8111, 8899, 9541] (17)
[894, 2836, 2858, 3363, 3592, 3863, 4257, 4585, 4744, 4783, 5298, 5380, 5401, 6131, 6542, 7071, 7583, 7863, 7867, 8107, 8758, 8911, 9297] (23)
[63, 673, 1181, 1298, 3494, 3763, 4247, 5217, 5440, 5832, 7126, 7491, 7978, 8090, 8503, 9022, 9697] (17)
[891, 1277, 1567, 2568, 2954, 3352, 3603, 3738, 4581, 5276, 5379, 5442, 5651, 5770, 6320, 6632, 6661, 7036, 7316, 8207, 9160, 9886] (22)
[109, 229, 1178, 3040, 3042, 3670, 4200, 4502, 4636, 5506, 5755, 6160, 6410, 7008, 7546, 7766, 7866, 8426, 8581, 8610, 8801] (21)
[469, 481, 624, 758, 790, 847, 993, 1005, 1513, 1591, 1883, 1999, 2414, 3247, 3495, 3559, 3960, 4075, 4194, 4709, 4988, 5507, 5597, 5725, 5939, 6020, 6324, 6338, 6453, 6573, 6613, 6991, 7110, 7644, 7781, 7865, 7885, 8199, 8309, 8686, 8736, 9021, 9421, 9443, 9910] (45)
[34, 49, 931, 1094, 1452, 1559, 1705, 3124, 4149, 4380, 5134, 5568, 6059, 6929, 7237, 7382, 7525, 7816, 8359, 9515] (20)
[1831, 2356, 2905, 3287, 4046, 5053, 5459, 5474, 5569, 5590, 6178, 6196, 6382, 7004, 7599] (15)
[953, 1063, 1064, 3655, 3788, 4142, 4454, 4907, 4958, 5366, 5417, 5564, 5570, 5963, 7602, 7604, 9038] (17)
[305, 348, 429, 652, 1320, 1372, 1379, 1549, 1596, 1717, 1818, 2085, 2129, 2189, 2501, 2600, 2683, 2696, 2707, 2973, 3471, 3732, 3755, 3777, 3868, 3898, 3978, 3996, 4259, 4313, 4492, 4507, 4570, 4721, 4879, 5133, 5183, 5302, 5525, 5632, 5924, 5931, 5950, 5972, 5987, 6770, 6911, 7087, 7373, 7738, 8065, 8141, 8349, 8705, 8732, 8832, 9050, 9398, 9602, 9761, 9768] (61)
[212, 1239, 1265, 1786, 1847, 2659, 3924, 4050, 4087, 4619, 5631, 5633, 7606, 7661, 7772, 7817, 8181, 8429, 9714] (19)
[47, 104, 172, 551, 934, 1738, 1822, 2393, 2618, 2800, 3338, 4810, 5634, 5810, 7331, 7509, 8318, 8868, 9053, 9864] (20)
[715, 855, 1009, 1487, 1842, 2003, 2250, 2915, 3184, 3286, 3415, 3836, 4049, 4393, 4555, 4579, 5140, 5637, 6783, 6835, 7212, 7637, 7830, 7976, 8427, 8666, 9496, 9542, 9872] (29)
[882, 2540, 2809, 3095, 3183, 4836, 4920, 5492, 5611, 5638, 5742, 5905, 6399, 6669, 6900, 7013, 7494, 9066, 9086, 9708] (20)
[1538, 2323, 3848, 5157, 5510, 5664, 6154, 6935, 7989, 8201, 8246, 9023, 9513, 9879, 9890] (15)
[19, 546, 920, 980, 1403, 2014, 2227, 3132, 3979, 4012, 4123, 4499, 4620, 4877, 5131, 5697, 6170, 6427, 6536, 6797, 7629, 7653, 8007, 8749, 8870, 9097, 9228, 9372] (28)
[477, 857, 2078, 3043, 4067, 4073, 4840, 5403, 5760, 6234, 7943, 8849, 9438, 9668, 9836] (15)
[136, 1406, 1516, 1521, 1816, 3611, 4772, 5147, 5762, 6143, 7185, 8077, 8688, 8765, 9261, 9746] (16)
[831, 1439, 1584, 1801, 5304, 5763, 7436, 7633, 7801, 7868, 8093, 8334, 9681, 9845, 9875] (15)
[89, 558, 1373, 2749, 3126, 3561, 3801, 5739, 5764, 5877, 5949, 6383, 8183, 8925, 9123, 9324] (16)
[121, 1457, 1871, 2599, 4011, 4029, 4327, 4330, 4397, 4526, 5740, 5796, 6482, 8756, 9175] (15)
[139, 175, 196, 344, 384, 1419, 2065, 2410, 2895, 3117, 3325, 3521, 5472, 5482, 5888, 6113, 6840, 6914, 7523, 8524, 9390] (21)
[799, 1157, 1421, 1491, 2519, 2584, 3355, 4307, 4369, 5521, 5952, 6435, 6441, 6717, 6820, 7131, 7592, 9837] (18)
[399, 621, 1099, 2009, 2507, 3478, 3728, 3769, 5958, 7165, 7295, 7671, 8012, 8262, 8570, 8862] (16)
[618, 1627, 2914, 3297, 3953, 4251, 4847, 5984, 7156, 7191, 7276, 8397, 8467, 9721, 9831] (15)
[373, 416, 445, 662, 936, 1145, 1159, 3052, 3490, 4493, 5261, 5552, 6016, 6926, 7595, 8771, 8902, 8963, 8982] (19)
[250, 507, 895, 2017, 2236, 2597, 5112, 5933, 6025, 6056, 7049, 7325, 7735, 8344, 8700, 9000, 9176] (17)
[118, 659, 875, 1158, 1475, 2286, 2426, 2924, 3565, 4268, 5476, 5758, 6049, 8123, 9710] (15)
[1149, 1949, 2344, 2986, 3318, 3567, 5105, 6053, 6679, 7432, 7852, 8351, 8403, 9018, 9657] (15)
[247, 905, 1394, 2199, 2444, 2782, 4064, 4591, 4767, 6144, 6186, 6571, 6787, 8331, 9273, 9591] (16)
[530, 753, 881, 1044, 1400, 1661, 2108, 2131, 2977, 3108, 3259, 3308, 3860, 4302, 5473, 5700, 6147, 6294, 6510, 6608, 6615, 6696, 6889, 6999, 7384, 7413, 7771, 7842, 7945, 8528, 9299, 9608, 9738, 9822, 9977] (35)
[1888, 2566, 3662, 3916, 3945, 4184, 4805, 5074, 5271, 5652, 5804, 6176, 6777, 7917, 9467] (15)
[1555, 2739, 3267, 3504, 3529, 4408, 4513, 6208, 6451, 6819, 6865, 7720, 8696, 9110, 9718] (15)
[1047, 2516, 2649, 2724, 3647, 4334, 6210, 6715, 7635, 7697, 7703, 8115, 8492, 8662, 8980, 9401] (16)
[33, 307, 637, 1148, 1658, 2715, 2804, 2940, 3196, 3625, 4145, 4335, 4501, 5500, 5675, 6212, 6365] (17)
[635, 722, 2037, 3412, 3426, 3576, 3950, 4443, 4551, 5723, 5759, 5849, 5885, 6215, 7002, 7394] (16)
[245, 476, 767, 990, 1100, 1371, 2517, 2666, 2822, 3071, 4205, 4328, 4430, 6271, 6946, 7640, 7764, 8278, 8589, 8844, 9528, 9550] (22)
[669, 777, 898, 1031, 1643, 1709, 1806, 1834, 2314, 2380, 2838, 2953, 3828, 3995, 4019, 4358, 5355, 5667, 6272, 6297, 6794, 6805, 7175, 7417, 7467, 8049, 8182, 8489, 9087, 9469, 9639] (31)
[1651, 2024, 3104, 3256, 3869, 4244, 4881, 5081, 5922, 6273, 6298, 6447, 6670, 7007, 7020, 8261, 8566, 8994, 9072, 9689, 9696, 9819] (22)
[573, 1515, 1690, 1714, 1940, 2313, 2315, 3082, 4229, 5895, 6140, 6274, 6826, 6858, 7446, 8593, 8623] (17)
[447, 942, 1309, 1932, 2010, 2301, 2742, 3262, 3337, 3876, 4780, 4983, 6149, 6275, 6761, 7148, 9505] (17)
[1034, 1484, 1558, 1649, 1669, 2006, 4021, 5488, 6304, 6908, 7410, 7439, 8030, 8150, 8268] (15)
[206, 1195, 1468, 1711, 3120, 3455, 5069, 5671, 6336, 6371, 6952, 8363, 8521, 8781, 8947, 9315, 9786, 9945] (18)
[9, 1828, 1907, 4533, 4610, 4739, 4868, 5243, 5414, 5487, 6400, 6698, 7305, 8633, 8770] (15)
[539, 964, 1413, 1950, 2561, 2990, 3039, 4511, 5322, 6156, 6182, 6401, 6671, 7569, 7964, 8329] (16)
[978, 1530, 1531, 4456, 4582, 4849, 5317, 6403, 6744, 7557, 7705, 7893, 8013, 8134, 8162, 8727, 8774, 8927, 9548] (19)
[112, 532, 763, 2070, 3606, 6072, 6169, 6423, 6528, 7059, 7798, 7831, 7899, 8713, 9200] (15)
[369, 720, 876, 919, 2120, 2437, 3613, 4198, 4703, 4749, 4887, 6532, 6619, 6836, 7562, 8313] (16)
[420, 802, 1299, 1471, 1876, 1956, 2061, 2381, 2962, 3213, 3467, 3882, 3884, 5644, 6318, 6535, 7135, 7311, 7464, 8155, 8851, 9139, 9898] (23)
[426, 1929, 2201, 2446, 2897, 3097, 3593, 4400, 5780, 6114, 6593, 6943, 8220, 8250, 8996] (15)
[219, 457, 1262, 1389, 2346, 2607, 3531, 3906, 4039, 4651, 5617, 5669, 6332, 6594, 8060, 9727] (16)
[1350, 3163, 3899, 4022, 4333, 5594, 5965, 6148, 6155, 6328, 6595, 7220, 7734, 8023, 8048, 8413] (16)
[87, 290, 1440, 1620, 2262, 2342, 2520, 4537, 4899, 5043, 6315, 6602, 7228, 8881, 9677, 9824] (16)
[793, 1414, 1939, 2383, 3111, 3322, 5076, 5135, 6656, 6824, 7362, 7992, 8353, 9374, 9646] (15)
[6, 774, 2082, 2453, 2958, 3304, 4732, 6064, 6649, 6657, 7172, 7263, 7689, 8339, 8478, 8668, 8683, 9489, 9641] (19)
[201, 463, 1117, 1572, 2558, 3074, 3077, 3445, 3920, 4949, 6357, 6658, 7570, 9169, 9171, 9300] (16)
[99, 227, 605, 1483, 1578, 2515, 2547, 2550, 2746, 3222, 5036, 5095, 6662, 9071, 9197, 9581, 9944] (17)
[610, 1360, 1630, 1928, 1997, 2820, 3188, 3269, 3692, 4691, 5733, 6438, 6721, 8394, 9026] (15)
[21, 170, 1249, 1356, 1724, 1944, 1978, 2155, 2338, 2525, 2712, 2817, 3142, 3310, 3549, 3718, 3935, 4130, 5145, 6139, 6142, 6409, 6784, 6905, 7070, 7786, 8176, 8631] (28)
[1529, 1636, 2282, 2311, 3702, 4452, 4702, 5381, 6745, 6786, 7143, 8025, 8922, 8937, 9931] (15)
[241, 2154, 2233, 3283, 3434, 3946, 3992, 6432, 6788, 6961, 7903, 8791, 9145, 9406, 9724, 9962] (16)
[788, 813, 1297, 1477, 2411, 4089, 4174, 5278, 5788, 5915, 5930, 6789, 7678, 8045, 8198, 8367, 9967] (17)
[1294, 1753, 2786, 4136, 6000, 6030, 6221, 6837, 6848, 6973, 7178, 7770, 8227, 8874, 9043, 9254] (16)
[162, 1176, 1302, 1367, 1510, 2012, 2317, 2675, 3156, 3208, 3407, 3544, 3548, 4337, 4349, 4826, 5033, 5241, 6606, 6648, 6849, 7129, 8184, 8407, 8423, 8544, 8564, 8575, 9456, 9622] (30)
[340, 2640, 4269, 4586, 5108, 5334, 5426, 5856, 6098, 6746, 6850, 6945, 7980, 8149, 8286, 9980] (16)
[745, 940, 955, 1336, 1478, 2045, 2149, 2422, 2740, 2961, 3516, 3892, 4187, 4339, 4953, 5080, 5211, 5331, 6080, 6464, 6912, 7109, 7127, 7742, 7784, 8284, 8652, 9170, 9345, 9579, 9781, 9917] (32)
[15, 134, 603, 922, 1292, 2224, 2465, 3581, 4364, 5707, 5845, 6806, 6913, 7550, 8380, 8969, 9551] (17)
[407, 915, 1177, 1931, 2399, 2638, 4616, 5266, 6277, 6916, 7352, 7814, 8694, 9136, 9740] (15)
[523, 1916, 1964, 3422, 3825, 3849, 4263, 5526, 5749, 5901, 6289, 6418, 6917, 8976, 9208, 9620, 9878] (17)
[88, 267, 1016, 1638, 2642, 3837, 4450, 4839, 5114, 5218, 6396, 6919, 6955, 7632, 8243, 9237, 9873, 9893] (18)
[412, 946, 1168, 1522, 1550, 1676, 1725, 1840, 2036, 2413, 2418, 2814, 2837, 3646, 3986, 4006, 4843, 5239, 6386, 6572, 6799, 6924, 6976, 7750, 7939, 8085, 8300, 8561, 8842, 9124] (30)
[86, 658, 1054, 1078, 1324, 1425, 1991, 2829, 2867, 3277, 3663, 4789, 5311, 5713, 5766, 6159, 6605, 6690, 6978, 7159, 8071, 8253, 9376, 9418, 9913] (25)
[439, 633, 943, 1011, 1557, 2930, 3374, 3794, 4132, 4778, 4901, 5151, 5234, 5318, 6008, 6263, 6979, 8343, 8406, 9369, 9375, 9407] (22)
[96, 125, 404, 413, 1712, 1749, 1759, 3518, 3665, 3673, 5957, 6450, 7040, 7767, 9048] (15)
[236, 1104, 1924, 3319, 3441, 3464, 3659, 4336, 4464, 4743, 7041, 8693, 8785, 8910, 9767, 9922] (16)
[2062, 2349, 2811, 3006, 3866, 5283, 5509, 5946, 6381, 6790, 7042, 7043, 7240, 8112, 8983] (15)
[59, 628, 1337, 2096, 2122, 5502, 6845, 6960, 7046, 7078, 7769, 7988, 8114, 8818, 9649] (15)
[65, 1170, 2572, 3542, 3652, 3741, 4160, 5087, 6989, 7072, 8153, 8604, 9434, 9632, 9644] (15)
[606, 1240, 1721, 2203, 2549, 2668, 3771, 4164, 4390, 4546, 6861, 6971, 7104, 7158, 7371, 8043, 8384, 8459, 9130] (19)
[144, 1059, 1345, 2072, 2894, 3631, 4751, 5028, 6682, 6825, 7105, 7121, 8340, 8538, 9532] (15)
[725, 1121, 1275, 2658, 2873, 3025, 3047, 3075, 5599, 5662, 5870, 6157, 6257, 7106, 8098, 8143, 9095, 9462, 9832] (19)
[69, 225, 274, 1006, 3031, 4844, 5585, 7107, 7983, 8119, 8163, 8433, 8542, 8663, 9034, 9326] (16)
[992, 1274, 1449, 1639, 1742, 3167, 3190, 3571, 4209, 4862, 5501, 5860, 6499, 7162, 7434, 7687, 7782, 8420, 8725, 8726, 8846, 9041, 9896, 9960] (24)
[269, 524, 828, 1211, 1604, 1626, 2803, 3400, 3697, 3922, 4388, 4708, 4923, 4960, 5084, 5624, 6011, 6078, 6500, 6507, 6739, 7000, 7168, 7281, 7387, 8002, 8827, 9148, 9601, 9970] (30)
[116, 744, 1226, 2280, 3595, 3706, 3908, 4859, 4919, 5027, 5075, 6513, 6591, 6894, 7169, 7441, 7882, 8117, 8295, 8585, 9713] (21)
[1110, 1286, 1791, 2231, 3170, 4181, 4312, 5126, 6437, 6574, 6937, 6964, 7171, 7236, 8719, 8761, 9906] (17)
[1128, 1617, 2259, 3157, 3282, 3449, 3823, 5674, 5734, 5748, 7173, 7389, 8011, 8148, 9055] (15)
[61, 721, 1001, 3786, 4695, 4735, 5979, 6249, 6592, 7232, 7806, 8178, 9187, 9285, 9562] (15)
[1764, 1875, 3037, 3635, 4026, 4053, 4055, 4796, 5546, 5940, 6872, 7246, 8824, 9140, 9312, 9637] (16)
[217, 632, 957, 981, 3708, 3826, 4858, 5199, 5586, 5786, 6173, 7268, 8304, 8310, 9715] (15)
[449, 609, 779, 1499, 1562, 3139, 3265, 3425, 4414, 4571, 6084, 6729, 7296, 8924, 9971] (15)
[1071, 1965, 2161, 2188, 5432, 6502, 6576, 6650, 7103, 7297, 7366, 7390, 7759, 8519, 8709, 9011, 9732] (17)
[56, 890, 1118, 2015, 2309, 2704, 3205, 4219, 4528, 4947, 6832, 7061, 7257, 7290, 7298, 8279] (16)
[1593, 2234, 2963, 3007, 3409, 3496, 3572, 3925, 4239, 4828, 4903, 4940, 5323, 5820, 6640, 7306, 8861] (17)
[48, 2333, 2643, 3735, 3883, 4169, 4652, 5070, 5562, 6814, 7329, 7839, 8342, 8514, 9430] (15)
[198, 268, 517, 856, 951, 1995, 2221, 3192, 4122, 4750, 7392, 7694, 8236, 9116, 9474] (15)
[376, 1244, 1508, 1599, 1662, 2142, 3459, 4889, 5332, 7231, 7425, 7558, 7776, 8269, 9156, 9830, 9969] (17)
[1695, 3215, 3507, 5125, 5529, 5656, 6045, 6295, 6551, 6626, 6779, 7428, 8281, 8345, 8714, 8820, 8999, 9508, 9838] (19)
[13, 1365, 1813, 4997, 6364, 7429, 7502, 7625, 8026, 8684, 8926, 9082, 9458, 9595, 9843] (15)
[31, 492, 553, 1387, 1429, 1619, 1631, 1700, 1703, 1718, 1772, 2016, 2088, 2490, 2783, 3092, 3385, 3599, 3605, 3911, 4366, 4442, 4530, 4670, 4678, 4699, 4700, 4775, 4880, 5430, 5490, 5588, 5663, 5672, 5906, 6319, 6360, 6445, 6869, 6962, 7229, 7438, 7566, 7603, 7825, 8019, 8131, 8500, 9014, 9317, 9320, 9762, 9975] (53)
[353, 372, 785, 878, 1080, 1354, 1601, 2684, 2889, 3526, 3740, 3928, 3929, 4279, 4288, 4569, 5428, 6327, 6456, 6763, 7082, 7139, 7488, 7906, 8298, 8943, 9691, 9747, 9820] (29)
[479, 1504, 1935, 2651, 2937, 3466, 5175, 5444, 5484, 5575, 6380, 7489, 7618, 7996, 9654, 9968] (16)
[378, 438, 873, 1410, 2187, 3457, 3955, 5107, 5504, 5735, 7426, 7552, 7608, 7709, 8985] (15)
[2171, 2303, 3430, 3522, 3633, 5605, 5955, 5993, 6093, 6270, 6419, 6780, 7293, 7553, 8058, 8554, 8707, 8806, 9658, 9794] (20)
[147, 814, 1142, 2826, 3891, 4614, 5354, 5589, 5622, 5695, 5756, 6177, 6379, 7045, 7435, 7442, 7554, 8659, 9763, 9956] (20)
[244, 535, 1369, 1882, 2089, 2513, 2672, 3806, 4059, 4950, 5745, 5909, 7260, 7555, 8156, 8414, 9611] (17)
[1065, 1376, 2127, 2330, 2347, 3228, 3657, 3730, 4255, 4841, 6430, 7075, 7320, 7560, 9231, 9880] (16)
[1007, 1358, 1481, 1769, 2335, 2377, 2471, 2732, 2874, 3017, 3103, 4286, 4404, 4466, 4467, 4733, 4910, 5238, 5324, 5857, 5948, 6057, 6489, 6846, 6968, 7025, 7224, 7354, 7580, 7631, 7726, 7731, 8618, 9271, 9423, 9432] (36)
[318, 797, 1227, 2202, 2475, 2629, 3539, 3608, 3664, 3675, 3785, 3888, 4114, 4448, 5173, 5537, 7077, 7112, 7616, 9242] (20)
[594, 1070, 1268, 1393, 1448, 1554, 1597, 1698, 1824, 2879, 3727, 5373, 5396, 5542, 5867, 6054, 6480, 7194, 7624, 7950, 8073, 8312, 9251, 9259, 9717] (25)
[768, 1119, 2060, 2111, 2431, 2948, 3307, 4723, 6317, 6494, 7160, 7396, 7408, 7680, 9049, 9079] (16)
[278, 329, 396, 566, 1451, 2295, 2574, 3401, 5817, 6073, 7044, 7315, 7681, 9157, 9302, 9929] (16)
[560, 1062, 1512, 2034, 2767, 3101, 3206, 3973, 4017, 6001, 7332, 7527, 7682, 7818, 8733] (15)
[542, 823, 1252, 1493, 2701, 3295, 3351, 3926, 4311, 4697, 5097, 5240, 5596, 6038, 6129, 6292, 7047, 7069, 7532, 7683, 7922, 9659] (22)
[1197, 2443, 2457, 2842, 2927, 3279, 3746, 4463, 4954, 5088, 5215, 5494, 6725, 6796, 7685, 8063, 8444, 9304, 9429] (19)
[93, 230, 246, 400, 2038, 2392, 4203, 5874, 6764, 7038, 7688, 8277, 8405, 8432, 8954, 9709, 9778] (17)
[92, 1243, 1774, 2531, 2769, 2931, 2959, 3280, 3344, 3628, 4082, 4964, 4976, 5576, 5841, 5970, 7340, 7370, 7455, 7648, 7748, 7823, 8424, 8562, 8690, 8695] (26)
[1366, 1962, 2486, 3752, 3761, 3832, 4715, 5222, 5464, 5701, 6868, 6950, 7777, 8790, 9682] (15)
[27, 35, 1025, 1318, 1352, 2307, 3479, 3700, 5405, 5889, 6151, 6918, 7808, 8699, 8701, 8921, 9788] (17)
[264, 388, 522, 807, 1214, 2095, 2371, 3236, 3861, 3975, 3985, 4108, 5852, 6345, 7810, 7837, 8376, 8509, 9743] (19)
[186, 1066, 1172, 1494, 1694, 1925, 2209, 2872, 4020, 4210, 5181, 5572, 5705, 5814, 6468, 6688, 7811, 8254, 8635, 9172, 9773, 9904] (22)
[795, 830, 1618, 2657, 2774, 3768, 4272, 4505, 5213, 5351, 6583, 7864, 8764, 8877, 9020, 9506, 9699] (17)
[1804, 2468, 2885, 3497, 3894, 4032, 4720, 5016, 5661, 5791, 6325, 7235, 7872, 8498, 8637, 9031, 9239, 9253] (18)
[1037, 1492, 2436, 2815, 3371, 3870, 4249, 5204, 5294, 6839, 7581, 7743, 7873, 9017, 9061, 9362] (16)
[85, 945, 1585, 2445, 2483, 2488, 2665, 2760, 3169, 3176, 3258, 5627, 5861, 5945, 6526, 7255, 7563, 7650, 7656, 7674, 7874, 8258, 8388, 8535, 8949, 9193, 9874] (27)
[367, 561, 900, 1205, 1780, 2673, 3511, 3713, 6742, 7430, 7891, 7936, 8550, 9319, 9339] (15)
[365, 1270, 1625, 1767, 2903, 4557, 4629, 4863, 5319, 5463, 5516, 6066, 7937, 8430, 8930, 9552, 9987] (17)
[279, 1271, 2066, 2866, 3475, 3847, 4755, 5037, 5418, 5419, 5519, 6417, 6923, 7270, 7940, 9589] (16)
[145, 599, 1322, 1436, 1608, 1702, 2186, 3027, 3446, 4201, 4491, 5868, 7941, 8431, 9460, 9484] (16)
[163, 406, 1048, 1852, 2459, 2985, 3241, 4014, 5046, 5815, 6557, 7250, 7326, 7954, 8369, 8474, 8628] (17)
[193, 2294, 2529, 4355, 4798, 5090, 5593, 5827, 5828, 7058, 7203, 7968, 8438, 9111, 9799] (15)
[509, 1115, 1904, 2573, 3555, 4234, 5270, 6264, 6618, 7030, 7283, 7971, 8314, 8848, 9829] (15)
[174, 706, 2493, 2901, 2989, 3820, 3890, 4047, 4874, 5345, 5550, 5647, 7094, 7151, 7367, 7505, 8000, 8017, 8305, 9912, 9915] (21)
[486, 687, 1428, 1809, 1910, 1961, 2167, 3207, 3964, 4604, 5041, 6387, 7948, 8004, 8326, 8360, 8441, 9481] (18)
[335, 505, 782, 1808, 2032, 2390, 2621, 2796, 2912, 2941, 3034, 3451, 3500, 3734, 4191, 5851, 6733, 7214, 7507, 7530, 7628, 7787, 7794, 8009, 8219, 9295, 9948] (27)
[296, 543, 1919, 2277, 3014, 3388, 3913, 4765, 4905, 5156, 6241, 6956, 7485, 7991, 8064, 8226] (16)
[393, 1182, 1614, 2218, 2594, 4425, 5714, 7751, 7987, 8066, 8271, 8647, 8799, 9625, 9849] (15)
[709, 928, 1708, 1737, 1955, 2235, 2691, 3225, 4100, 4359, 4815, 5358, 5455, 5776, 7309, 8067, 8332] (17)
[394, 1130, 1138, 1173, 1187, 1469, 1906, 1938, 2512, 2878, 3000, 3436, 4170, 4322, 4427, 5259, 5340, 5881, 6005, 6021, 6348, 6584, 6589, 8068, 8125, 9440, 9860] (27)
[308, 337, 1459, 1547, 1681, 3234, 3508, 3687, 3756, 3998, 4694, 4794, 5144, 5685, 5936, 7443, 8075, 8245, 9894] (19)
[81, 271, 297, 713, 2059, 2113, 3341, 3537, 3636, 5454, 6055, 6175, 6681, 8094, 8097] (15)
[1771, 1963, 2041, 2427, 2664, 4143, 4354, 4504, 5505, 5875, 7415, 7666, 8128, 8233, 8595, 8940, 9354, 9671] (18)
[331, 552, 765, 2097, 2678, 3143, 3239, 3323, 3588, 3799, 4770, 5976, 6074, 6192, 7747, 8129, 9411, 9949] (18)
[653, 1930, 3094, 3377, 3384, 3462, 4406, 4906, 5187, 6674, 6810, 7544, 8130, 9006, 9204, 9368] (16)
[16, 84, 383, 1317, 1532, 1903, 2398, 2406, 4063, 5146, 5153, 7508, 8192, 9556, 9883] (15)
[663, 1015, 1169, 1896, 2175, 2821, 2926, 4324, 4344, 5893, 6002, 6278, 7571, 7935, 8193, 9268] (16)
[70, 436, 464, 1105, 1202, 1361, 1506, 1789, 1969, 2214, 2217, 2226, 2331, 2403, 2776, 2898, 2993, 3130, 3536, 4436, 4601, 4685, 4692, 4779, 4799, 4939, 5100, 5116, 5152, 6389, 6455, 6466, 6700, 6942, 7216, 7506, 8211, 8260, 8401, 9188, 9291, 9383, 9470, 9573, 9844] (45)
[149, 338, 390, 1027, 1033, 2092, 2334, 3790, 4144, 4453, 5001, 5809, 5825, 7319, 8256, 8297, 8596, 9002, 9010, 9499, 9544] (21)
[935, 1328, 1623, 2298, 2785, 2868, 2884, 3212, 3962, 5050, 5231, 5315, 5365, 6566, 7210, 7243, 7537, 7643, 7986, 8257, 8533, 8621, 9184, 9520, 9899] (25)
[1502, 2521, 2578, 3032, 3302, 4727, 5536, 6743, 6870, 7093, 7693, 7710, 7921, 8024, 8320, 8685, 8787, 9363, 9686] (19)
[582, 1144, 2375, 2575, 3193, 3330, 3765, 3782, 5522, 5899, 6416, 7302, 8321, 9113, 9351] (15)
[1241, 1250, 1307, 1634, 1671, 2046, 2616, 2652, 3357, 3579, 4341, 6361, 7641, 8354, 9065] (15)
[392, 521, 1180, 1399, 1770, 1814, 1827, 2764, 3056, 3155, 3386, 3724, 4489, 5117, 5773, 5998, 7405, 7679, 7820, 7951, 8386] (21)
[256, 711, 897, 2762, 3390, 3855, 4351, 4365, 5174, 5883, 6958, 7582, 8448, 8454, 9607] (15)
[2401, 2522, 2741, 2916, 3889, 4684, 4777, 4814, 6776, 7472, 7736, 7803, 8449, 8854, 9918] (15)
[119, 339, 619, 791, 969, 1357, 1612, 1646, 1654, 1741, 1758, 2806, 3359, 3674, 3694, 3781, 4331, 4439, 4471, 4542, 4730, 5185, 5214, 5625, 5966, 6107, 6217, 7486, 7510, 7761, 7807, 8460, 8682, 8797, 9333, 9852] (36)
[140, 1839, 2170, 2928, 5746, 5996, 6028, 6103, 6119, 7824, 7828, 8481, 8981, 9092, 9730] (15)
[281, 286, 738, 1315, 1576, 2645, 3512, 4227, 4398, 4666, 6314, 6406, 7695, 7746, 8504] (15)
[97, 639, 692, 729, 1945, 2663, 3086, 3440, 3503, 4817, 5678, 6060, 6161, 6398, 6765, 7967, 8274, 8491, 8518, 8556, 9234] (21)
[179, 189, 240, 277, 811, 822, 848, 973, 1075, 1384, 1465, 2300, 2345, 2535, 2622, 2731, 2976, 3038, 3114, 3171, 3240, 3570, 3744, 4175, 4176, 4415, 4970, 5161, 5816, 5974, 6735, 6816, 7130, 7490, 7596, 7934, 7995, 8241, 8576, 8780, 9016, 9279, 9806] (43)
[132, 402, 491, 904, 1621, 1763, 1923, 2526, 2802, 3468, 4056, 4468, 4908, 4984, 5441, 5513, 6232, 6372, 6408, 6773, 6862, 7815, 7929, 8395, 8640, 8857, 8915, 9318, 9817] (29)
[424, 929, 1236, 2421, 2793, 3775, 3949, 4931, 6206, 6322, 6340, 6949, 7330, 8641, 8777, 9059, 9129, 9412, 9953] (19)
[322, 717, 837, 2242, 2840, 3161, 4155, 4447, 4584, 4696, 6782, 6822, 7346, 7445, 8642, 9138, 9209, 9704] (18)
[371, 976, 1300, 1334, 1734, 1877, 2316, 3174, 3910, 4795, 5202, 6352, 8169, 8644, 9298, 9316] (16)
[650, 1500, 2671, 4319, 4357, 4690, 4781, 5761, 6137, 6885, 7051, 7403, 7615, 7668, 8672] (15)
[718, 1752, 2249, 2648, 2949, 3937, 5581, 5582, 6393, 7423, 7707, 8704, 8778, 9062, 9206] (15)
[893, 1156, 1289, 1603, 2514, 2738, 3147, 3195, 3364, 3773, 4486, 4653, 5368, 5383, 5385, 5534, 5541, 5787, 6428, 6702, 6772, 6987, 8706, 9471] (24)
[470, 1329, 1864, 2400, 2494, 3465, 4531, 5967, 7014, 7196, 7249, 7481, 8247, 8711, 8748, 8789, 8805, 8884, 9007] (19)
[1231, 1235, 3045, 3217, 3470, 4623, 5555, 6023, 6306, 6541, 8041, 8737, 9500, 9870, 9905] (15)
[1564, 1573, 2168, 3859, 5019, 5711, 5943, 6101, 6207, 6228, 6477, 7356, 8237, 8484, 8739] (15)
[328, 414, 456, 1061, 1335, 2123, 2580, 2893, 3368, 4285, 5320, 5918, 6233, 6334, 6567, 7333, 7512, 8390, 8605, 8613, 8769, 9117, 9168, 9211, 9765] (25)
[386, 667, 2863, 3083, 3509, 4521, 4968, 5362, 6433, 6928, 7821, 8322, 8716, 8800, 9826] (15)
[68, 467, 590, 1012, 2374, 3058, 4208, 4568, 6527, 7667, 7763, 7774, 8270, 8802, 9726] (15)
[314, 1454, 1542, 1548, 2364, 3023, 3380, 4747, 4757, 4924, 5411, 5698, 6580, 8834, 8837] (15)
[1589, 2278, 2487, 2632, 2755, 3011, 3181, 3669, 4072, 4622, 4925, 5348, 5614, 5846, 8563, 8835] (16)
[362, 493, 880, 1035, 2182, 2601, 3272, 3797, 4646, 5225, 5392, 5452, 5621, 6250, 6351, 6897, 7312, 7401, 7660, 7894, 7919, 8836, 8839, 8871, 9067] (25)
[1370, 2376, 3743, 3778, 4300, 4885, 4888, 5052, 5649, 7474, 7832, 8738, 8864, 9146, 9236] (15)
[159, 534, 1126, 1147, 1933, 2570, 2748, 2996, 3456, 4304, 4347, 6538, 7380, 8152, 8960, 9546] (16)
[168, 434, 1237, 1568, 2052, 2299, 2721, 2753, 3317, 3340, 4008, 4138, 4873, 5007, 5420, 5421, 5503, 6150, 6280, 6778, 7188, 7714, 7997, 8961, 9114, 9378] (26)
[547, 682, 1238, 1659, 2020, 4374, 4971, 5609, 6035, 6800, 7421, 8973, 9199, 9330, 9366, 9842, 9847] (17)
[1036, 2420, 3033, 4207, 4214, 4848, 4912, 4966, 5232, 6266, 8205, 8416, 8792, 8798, 8992] (15)
[293, 466, 596, 1453, 2271, 3397, 3620, 3829, 4509, 5169, 5800, 6550, 6821, 7965, 8373, 8530, 9024] (17)
[579, 1026, 1395, 1900, 2971, 3333, 3936, 4004, 4368, 4706, 5253, 5642, 5941, 6255, 6505, 7027, 7292, 7416, 7915, 8173, 8302, 8936, 8987, 9025, 9394] (25)
[216, 1401, 1687, 1881, 2244, 2886, 3148, 3709, 5431, 8118, 8520, 8627, 9056, 9388, 9571] (15)
[161, 440, 533, 622, 896, 1313, 2478, 2538, 2709, 2795, 2922, 2978, 3089, 3376, 4278, 4536, 4679, 6660, 7497, 9088, 9183, 9262] (22)
[248, 800, 1854, 3682, 4792, 6829, 6899, 7304, 7419, 8042, 8674, 8728, 8965, 9089, 9422, 9488] (16)
[1254, 2504, 3423, 3678, 3957, 4094, 4457, 5092, 5578, 6091, 7924, 8055, 9090, 9565, 9588, 9745] (16)
[1392, 1575, 1656, 1967, 2068, 2555, 3915, 4470, 4496, 4519, 5475, 5726, 5743, 5986, 5997, 6115, 6193, 6242, 7444, 7578, 7851, 8599, 8928, 9094, 9233, 9235, 9468, 9755] (28)
[907, 1051, 1293, 1832, 1980, 2019, 2228, 2253, 3070, 3349, 3491, 6587, 7164, 7338, 8092, 9064, 9096, 9482, 9876, 9983] (20)
[1259, 1812, 2204, 2283, 3331, 4745, 5207, 5246, 5864, 7248, 7793, 8035, 8710, 9120, 9575] (15)
[1673, 1798, 2472, 5055, 5794, 6533, 6685, 6812, 6895, 7068, 7076, 7149, 7468, 8197, 9152] (15)
[127, 298, 1039, 1417, 1926, 2043, 2075, 2686, 3865, 4742, 4821, 6086, 7749, 9154, 9609] (15)
[301, 710, 826, 1707, 2025, 2237, 2920, 3934, 4173, 5290, 5453, 5863, 6244, 7594, 8821, 8893, 9155] (17)
[432, 731, 926, 1936, 3001, 5267, 5531, 5659, 6003, 6194, 6439, 6754, 6847, 7524, 7841, 8267, 9078, 9161] (18)
[1799, 2268, 3020, 3140, 3444, 4083, 4944, 5382, 5616, 6331, 6354, 7663, 7691, 9185, 9386] (15)
[62, 106, 345, 705, 2619, 3523, 3680, 4159, 4650, 4802, 4832, 5038, 5042, 5219, 7023, 7870, 8110, 8718, 8896, 9216] (20)
[42, 910, 1284, 1959, 3360, 5435, 5477, 6205, 6286, 6601, 8136, 8475, 8515, 8906, 9219, 9636] (16)
[185, 1067, 1310, 3220, 4121, 4621, 5040, 5709, 6047, 6412, 7586, 7706, 9144, 9227, 9511, 9617] (16)
[1179, 1609, 1693, 2137, 2590, 2759, 3748, 3766, 3930, 4057, 4133, 4539, 6823, 6876, 7136, 7360, 8091, 8147, 8392, 8494, 9280, 9420, 9925] (23)
[115, 176, 755, 2730, 2966, 3057, 3793, 3965, 4213, 5280, 5543, 7187, 7301, 7711, 7753, 7860, 8461, 9102, 9115, 9283] (20)
[351, 1109, 1894, 3127, 3442, 3591, 3672, 6683, 6842, 6967, 7079, 7737, 8200, 9305, 9340] (15)
[613, 781, 3015, 3113, 3160, 3684, 3815, 3947, 4061, 4449, 5077, 5601, 5912, 6646, 6875, 7125, 7540, 9344] (18)
[405, 879, 1416, 1586, 1777, 2469, 5154, 5361, 6732, 7300, 7768, 8101, 8127, 8571, 9104, 9346, 9744] (17)
[389, 1257, 1743, 1783, 1862, 2133, 2813, 3068, 3418, 3903, 3938, 4030, 4293, 4599, 4628, 4825, 4913, 4959, 5059, 5384, 5399, 5708, 6216, 6882, 7225, 7503, 7548, 8415, 8428, 8525, 8691, 8901, 9205, 9347, 9656] (35)
[291, 295, 712, 743, 844, 930, 1892, 2708, 4137, 5523, 5668, 6033, 6231, 6552, 6676, 7134, 7587, 9348] (18)
[1132, 1773, 2153, 2245, 3428, 3974, 5375, 6043, 6094, 6534, 7914, 7932, 8051, 8190, 9040, 9349, 9679] (17)
[528, 614, 2733, 3189, 3316, 3931, 4091, 4348, 4829, 5468, 6525, 6793, 7662, 8347, 9179, 9277, 9350, 9433, 9569] (19)
[347, 1256, 1460, 1588, 1971, 2021, 2292, 2358, 2539, 3248, 3293, 3645, 4148, 4424, 4596, 4948, 5436, 5613, 5630, 5696, 5728, 6330, 6363, 6378, 6483, 6695, 7137, 7155, 7398, 7456, 8005, 8776, 9207, 9353, 9391, 9802] (36)
[350, 1571, 2854, 4060, 4186, 5341, 5853, 6039, 6130, 6678, 6752, 7589, 7724, 7963, 8793, 9075, 9364, 9560] (18)
[54, 76, 366, 565, 1040, 2243, 2577, 2992, 5004, 5178, 6585, 7091, 7218, 8886, 9409, 9534, 9736] (17)
[772, 950, 1201, 1972, 2412, 2734, 3078, 3981, 4124, 4498, 4764, 5010, 5078, 6133, 6531, 7916, 7918, 7979, 8054, 8124, 8679, 8723, 9410, 9445, 9650] (25)
[548, 749, 912, 1518, 2807, 4157, 4915, 5119, 6506, 6844, 7029, 7287, 8482, 8654, 8808, 9241, 9377, 9413] (18)
[696, 853, 1830, 2481, 2523, 4009, 4193, 5342, 6191, 6429, 6586, 6693, 8536, 8553, 9150, 9255, 9417] (17)
[252, 593, 759, 2152, 2779, 3312, 3417, 3679, 4855, 4973, 6346, 6376, 6617, 7022, 9431, 9472] (16)
[237, 1645, 3320, 3443, 4102, 4554, 4609, 4724, 4875, 5636, 5886, 6341, 6342, 6390, 7849, 8052, 8687, 9473] (18)
[239, 1010, 1447, 2087, 2359, 2698, 2825, 3321, 3378, 4363, 4472, 4517, 5110, 5565, 5615, 6152, 6164, 6185, 6767, 7005, 7184, 7282, 7601, 9477] (24)
[1838, 3238, 3547, 3881, 4182, 4290, 4417, 4686, 6612, 6620, 6750, 7617, 8391, 8408, 9274, 9536] (16)
[3036, 3753, 5005, 5205, 5765, 6019, 6654, 6775, 7549, 7638, 8479, 8649, 9054, 9457, 9537] (15)
[357, 1331, 1729, 2950, 3012, 3557, 4069, 4078, 4635, 5102, 7272, 7974, 8451, 8611, 8673, 9600] (16)
[197, 1498, 1511, 1819, 1996, 2343, 2991, 3158, 3273, 3369, 3419, 4232, 4426, 5397, 5628, 5859, 6623, 6757, 7381, 7676, 7848, 9603] (22)
[354, 550, 2679, 2923, 3016, 3055, 3577, 3808, 4001, 4043, 4265, 4933, 5254, 5281, 5353, 6808, 6879, 7163, 7285, 8076, 8172, 8527, 8803, 9303, 9325, 9361, 9448, 9664, 9683, 9809] (30)
[1430, 2425, 2533, 3164, 3760, 4065, 4518, 5082, 5292, 6312, 7183, 7406, 8139, 8601, 9272, 9619, 9675, 9812] (18)
[29, 1248, 1261, 1994, 2116, 3067, 5051, 5227, 5495, 5629, 5990, 6239, 6407, 6713, 6855, 6965, 8545, 9046, 9728] (19)
[568, 776, 1102, 1598, 1624, 2023, 2107, 2158, 2173, 2397, 2498, 3767, 3792, 5103, 5929, 6481, 6493, 6496, 6597, 6795, 6907, 7128, 8307, 8379, 8569, 9427, 9435, 9561, 9572, 9628, 9719, 9729, 9789] (33)
[130, 211, 644, 1242, 1296, 1374, 1467, 1507, 3257, 4589, 5747, 5977, 6546, 6759, 9760] (15)
[332, 480, 1217, 1485, 1722, 2042, 2084, 2780, 2812, 3133, 3315, 3688, 4575, 4594, 4753, 5188, 5826, 6202, 6414, 6460, 6495, 7114, 7412, 9309, 9331, 9792, 9978] (27)
[733, 1701, 1973, 2241, 2332, 3524, 3525, 4401, 5908, 6048, 7080, 7322, 8285, 8366, 8624, 9793] (16)
[223, 334, 503, 1166, 1582, 1628, 1689, 1747, 1902, 1921, 2251, 2288, 2626, 3053, 3502, 3923, 4784, 4909, 5044, 5607, 5802, 5824, 5891, 6547, 6706, 7482, 7613, 8034, 8158, 8450, 8532, 8657, 8741, 8914, 9147, 9214, 9414, 9856, 9909, 9938] (40)
[508, 615, 1032, 1418, 2215, 3940, 4882, 5926, 6222, 6353, 6833, 7031, 7111, 7221, 7957, 8348, 9122, 9861] (18)
[38, 51, 79, 660, 1861, 2832, 3264, 3887, 4129, 4422, 5792, 6042, 6741, 7192, 7925, 8161, 8483, 8892, 9635, 9920] (20)
[101, 173, 564, 1411, 1975, 2067, 3135, 4281, 4524, 4961, 5086, 5371, 5954, 6633, 6639, 8669, 8885, 9181, 9647, 9921] (20)
[349, 557, 966, 3245, 4520, 4662, 4935, 5049, 5061, 6070, 6343, 6421, 7699, 8248, 9651, 9889, 9924] (17)
[747, 1113, 1884, 2076, 3191, 3619, 4317, 5407, 6046, 6948, 7958, 7966, 8473, 8480, 8612, 9928] (16)
[258, 302, 462, 1301, 2763, 2855, 3492, 3726, 4152, 5015, 5056, 6722, 6827, 7422, 9517, 9984] (16)
[1045, 1341, 2100, 4172, 4237, 4240, 4665, 5677, 6184, 6588, 7345, 7844, 7981, 8195, 8338, 8341, 8964, 8968, 9105, 9985] (20)
[571, 1193, 1977, 2717, 3463, 3917, 4360, 4808, 5170, 5257, 5316, 6265, 6727, 7198, 8083, 9058, 9988] (17)
[358, 398, 908, 1402, 1927, 2022, 2703, 5093, 6181, 6478, 7028, 7636, 7675, 8463, 9068, 9119, 9454, 9584, 9989] (19)
[1391, 2416, 2451, 3879, 4267, 4381, 5554, 6117, 6290, 6749, 7015, 7286, 7521, 7804, 8377, 8485, 8856, 9001, 9853, 9999] (20)
