[0, 321, 1157, 1922, 3854, 4789, 5005, 5184, 6338, 6409, 6460, 7176, 7426, 8048, 8329, 8399, 8747, 9635] (18)
[1, 171, 577, 911, 1427, 1983, 2164, 2363, 2942, 3268, 4766, 5156, 5486, 5517, 6917, 6922, 7060, 7924, 7952, 7989, 8060, 8429, 9470, 9734, 9896] (25)
[3, 115, 360, 597, 820, 1234, 1572, 1621, 1768, 1783, 2400, 2648, 2782, 3264, 3493, 3912, 3925, 4798, 5033, 5290, 5362, 5586, 5742, 5750, 6331, 6701, 7037, 7335, 7388, 7407, 8061, 8307, 8797, 9020, 9049, 9235, 9288, 9565, 9657] (39)
[7, 890, 1039, 1911, 2148, 2407, 3852, 4845, 4908, 6444, 6495, 6734, 8427, 8535, 8737, 8883, 9078, 9339, 9449, 9512, 9653] (21)
[33, 155, 2515, 2672, 2859, 3486, 4287, 4693, 5416, 7189, 8415, 8774, 9130, 9771, 9918] (15)
[64, 1054, 1111, 1148, 1290, 1357, 2717, 2721, 3348, 4879, 5896, 6402, 7437, 8579, 8784] (15)
[65, 302, 706, 2099, 2246, 3101, 3983, 3993, 6015, 6288, 6480, 6798, 6858, 7390, 7404, 8606, 9232, 9243] (18)
[81, 683, 936, 1065, 1635, 1812, 2098, 2405, 3227, 4257, 5310, 5911, 6702, 6891, 7086, 8508] (16)
[128, 876, 1552, 2071, 2077, 2613, 3965, 4757, 5053, 5661, 6003, 6132, 6311, 7720, 8306, 8879, 9028] (17)
[129, 263, 334, 1818, 2765, 3281, 3999, 4132, 4209, 4229, 4726, 6242, 8141, 8995, 9811] (15)
[36, 51, 130, 496, 1453, 2473, 4932, 5046, 5068, 5181, 6842, 7698, 7746, 7875, 8615, 9039, 9383] (17)
[12, 131, 602, 874, 1503, 2286, 2402, 3245, 4252, 4358, 4452, 4902, 4909, 7955, 8816, 9672] (16)
[144, 932, 1949, 2166, 2330, 3241, 3305, 3687, 6762, 6781, 7516, 7646, 7891, 8018, 8831, 8922, 9683] (17)
[151, 192, 2245, 4830, 4847, 5474, 5801, 5961, 5994, 7542, 8158, 8927, 9341, 9701, 9726] (15)
[101, 193, 485, 710, 1135, 1175, 1623, 2255, 3396, 3476, 3911, 4674, 5245, 5460, 5506, 5983, 7876, 8125, 8134, 8171, 8314, 9751] (22)
[66, 194, 790, 1310, 1510, 1532, 2465, 3172, 3551, 3560, 4240, 5439, 5535, 6220, 7369, 7803, 8143, 9120] (18)
[116, 198, 224, 474, 2066, 2381, 4661, 5398, 6347, 6397, 7034, 7213, 8233, 8779, 9106] (15)
[256, 309, 395, 1304, 3218, 3352, 3390, 3531, 4598, 6006, 6304, 7028, 7934, 8246, 8338, 8376, 8450, 8773] (18)
[257, 716, 2190, 2358, 4135, 4156, 4255, 4490, 5075, 5162, 5919, 6507, 7940, 7968, 9109, 9749, 9865] (17)
[258, 1239, 1279, 1826, 2093, 2152, 2677, 2902, 2974, 3238, 5999, 6062, 6790, 6871, 7631, 7653, 8327, 8539, 8944, 9014, 9237, 9437] (22)
[94, 229, 260, 325, 401, 2005, 2408, 2530, 3029, 3474, 4203, 4563, 5648, 6505, 6674, 7208, 7438, 7699, 9310, 9314] (20)
[261, 486, 736, 995, 1253, 1373, 1648, 2056, 2644, 3105, 3220, 3570, 4092, 4335, 4448, 5213, 6125, 6151, 6389, 6499, 7418, 7910, 7964, 8304, 8956, 9045, 9462] (27)
[317, 320, 1371, 1603, 2284, 2366, 2370, 2496, 3683, 3910, 4708, 5466, 5976, 7385, 7893, 9031] (16)
[330, 686, 1516, 1617, 2337, 3180, 3214, 3626, 3889, 4784, 5667, 5808, 7743, 7841, 8435, 8738] (16)
[384, 1109, 2295, 2338, 2960, 3934, 4453, 4528, 4826, 4863, 5141, 5215, 6109, 6419, 6703, 7538, 7772, 8472, 8930, 9432, 9617, 9704, 9814] (23)
[385, 808, 1673, 2633, 2712, 2956, 3082, 3286, 3977, 4652, 4744, 4931, 5727, 5764, 6945, 7512, 7623, 8909] (18)
[439, 1430, 2299, 2871, 4486, 4905, 4980, 5714, 5864, 6098, 7159, 7406, 7814, 7905, 9155] (15)
[448, 741, 950, 1272, 1559, 1573, 1671, 1714, 2052, 3046, 4210, 4222, 4226, 5511, 6035, 6588, 7096, 7427, 7528, 7779, 7965, 8318, 8425, 8622, 8891] (25)
[450, 1269, 1846, 1912, 2144, 2993, 3100, 3365, 3639, 4286, 4978, 5641, 6506, 6768, 7449, 7650, 8544, 8799, 9395] (19)
[509, 1254, 1644, 3189, 3568, 4667, 5243, 5469, 5483, 5656, 6046, 6250, 7601, 9093, 9482] (15)
[512, 1963, 2035, 4109, 4373, 5534, 5551, 5703, 5867, 6782, 6940, 7136, 7152, 7855, 9467, 9863] (16)
[37, 513, 654, 1384, 1663, 2975, 5006, 5609, 5889, 6668, 6670, 6704, 7682, 8614, 9768, 9851] (16)
[162, 514, 1631, 1680, 1864, 2059, 2548, 3005, 3750, 3804, 3821, 4021, 4236, 5494, 6520, 6939, 7446, 7773, 7831, 9058, 9983] (21)
[515, 673, 767, 1215, 1980, 2290, 2718, 3702, 3752, 4141, 5257, 5293, 6666, 7694, 7695, 7948, 8238, 9137] (18)
[348, 477, 519, 1657, 1780, 1903, 2196, 4211, 4433, 4952, 5404, 5630, 6822, 7716, 7762, 7894, 8077, 8283, 8553, 9177, 9297, 9298, 9750] (23)
[103, 520, 600, 1127, 1255, 2524, 3417, 3419, 4604, 4951, 5967, 6623, 6996, 7137, 7307, 7868, 8500, 9424] (18)
[544, 1084, 1182, 2219, 3437, 3514, 3730, 3864, 4665, 5049, 5306, 6183, 7270, 8131, 8361] (15)
[240, 576, 1338, 1784, 3310, 3740, 4357, 4675, 4853, 5240, 6517, 7398, 8297, 8815, 9206] (15)
[497, 579, 1708, 1836, 1957, 2167, 2889, 3607, 3846, 3848, 4031, 6126, 6164, 6215, 6581, 6910, 7719, 7833, 7856, 8685, 8691, 9374] (22)
[608, 1349, 1496, 3019, 3418, 3929, 4727, 5897, 7256, 7442, 7717, 8424, 8660, 8902, 9596] (15)
[609, 824, 1278, 1738, 1917, 3598, 3919, 4437, 4659, 4738, 5426, 5559, 7153, 7878, 9791] (15)
[640, 928, 1951, 2488, 2590, 3438, 5087, 5611, 5876, 6023, 7558, 7794, 7817, 8202, 9081, 9789] (16)
[316, 641, 1625, 1733, 1961, 2015, 2394, 2600, 2657, 3039, 3796, 4302, 4677, 5158, 5438, 5570, 5813, 6037, 6319, 6821, 7080, 7262, 7291, 7550, 7669, 8028, 8108, 8378, 8513, 8793, 8856, 9644, 9687, 9696, 9769] (35)
[642, 1702, 2761, 3324, 3698, 3706, 3980, 4476, 4487, 6958, 7207, 7410, 8114, 9017, 9388, 9630] (16)
[647, 2068, 2091, 2352, 2728, 3135, 3858, 5839, 6426, 6428, 7278, 7608, 7880, 8085, 8688, 9249, 9516] (17)
[529, 704, 1160, 2072, 2185, 3333, 3662, 4088, 4121, 4157, 4399, 5302, 5417, 6284, 6932, 7316, 7932] (17)
[110, 412, 705, 2757, 3512, 4042, 4075, 5489, 6204, 6340, 7453, 7761, 8135, 8628, 8914, 9935] (16)
[76, 90, 708, 831, 840, 1526, 2136, 2585, 4383, 4946, 6092, 6235, 7368, 7986, 8269] (15)
[721, 812, 2422, 3900, 6305, 6647, 6904, 7134, 7422, 7840, 8442, 9012, 9080, 9495, 9813, 9976] (16)
[768, 929, 1634, 2670, 2929, 3392, 3746, 4610, 4975, 5365, 5410, 5628, 5822, 5883, 5916, 6193, 6872, 7054, 8420, 9095, 9485] (21)
[775, 778, 1874, 2060, 2147, 2264, 2769, 3125, 3663, 4068, 6378, 6998, 7445, 7687, 8096, 8312] (16)
[21, 655, 672, 817, 832, 1321, 1679, 3483, 3979, 4076, 5413, 6604, 7330, 7604, 8224, 8395, 9496] (17)
[326, 833, 1494, 2455, 2513, 3141, 3814, 4411, 4574, 4741, 4812, 4919, 6231, 6626, 8493, 8538, 9707] (17)
[38, 844, 1884, 3411, 3539, 3876, 4699, 5304, 5664, 5693, 5726, 5811, 6055, 7327, 8102, 8819] (16)
[865, 2300, 2461, 3052, 3155, 3266, 4418, 6541, 7586, 7900, 8258, 8519, 9417, 9553, 9733] (15)
[896, 1031, 2316, 2629, 3960, 3996, 4036, 4279, 4751, 5094, 5187, 5957, 8264, 8639, 9169, 9547] (16)
[438, 897, 975, 1083, 1561, 2341, 3620, 4003, 4153, 4381, 4655, 5443, 5895, 8474, 8894, 9200, 9299] (17)
[528, 898, 1003, 1070, 1389, 4336, 4359, 5407, 6171, 6294, 7545, 8636, 9085, 9590, 9765, 9961] (16)
[186, 899, 1578, 1672, 1675, 1931, 2087, 2466, 3204, 5144, 5278, 6178, 6325, 7143, 7574, 8211, 9139] (17)
[152, 805, 960, 1431, 2001, 2571, 2935, 3378, 3763, 5347, 5625, 6693, 6952, 7857, 7906, 8341, 9253, 9259] (18)
[961, 1596, 2226, 2328, 2591, 3336, 3604, 4244, 4268, 4920, 5709, 5946, 6025, 7182, 7322, 7475, 9354] (17)
[199, 295, 482, 963, 2134, 2270, 2492, 4419, 4676, 4807, 5298, 5589, 6117, 8245, 8573, 9712] (16)
[357, 750, 994, 1274, 1432, 3851, 4701, 4824, 6925, 7001, 7541, 8694, 9051, 9352, 9641] (15)
[429, 1024, 1808, 1868, 1965, 2333, 2346, 3089, 4392, 4637, 4717, 5056, 5287, 5379, 5767, 5806, 6199, 6268, 6433, 8455, 8830, 9633] (22)
[595, 1025, 1474, 1475, 1519, 1761, 1810, 2791, 3207, 4037, 4718, 5275, 6094, 6120, 7896, 8389, 8480, 8667, 9016, 9040, 9569, 9927] (22)
[1026, 1032, 1701, 1718, 1830, 2691, 2711, 3054, 4113, 4214, 4415, 4577, 5519, 6909, 8184, 8580, 9810] (17)
[759, 969, 1028, 1376, 2104, 2293, 2298, 2651, 3062, 4189, 4808, 5394, 5728, 5739, 5878, 5973, 6214, 6438, 7162, 8287, 8543, 8759, 9279, 9559] (24)
[324, 372, 752, 1033, 1251, 1618, 1966, 2292, 2514, 2630, 2643, 2730, 2924, 3108, 3299, 4082, 4147, 4196, 4308, 4457, 5079, 6069, 6332, 6437, 6707, 6867, 7488, 7524, 8122, 8928, 9136, 9166, 9567] (33)
[114, 623, 851, 879, 1088, 1221, 1775, 2546, 2584, 3278, 3775, 4597, 5566, 6476, 7117, 8019, 8286, 8460, 8525, 9059, 9686] (21)
[368, 857, 1090, 1130, 1753, 2655, 4077, 5392, 5591, 5845, 6128, 6177, 6285, 6615, 7088, 7269, 7672, 8933] (18)
[303, 318, 947, 1068, 1098, 1569, 1956, 2228, 4285, 5269, 5284, 5951, 6739, 7865, 9001, 9785] (16)
[1152, 2827, 3328, 3719, 3895, 4110, 4134, 4868, 5655, 5785, 6578, 6829, 7693, 8223, 9430] (15)
[729, 1154, 1377, 1778, 1905, 2002, 2379, 2386, 3332, 4716, 4724, 5608, 6605, 6970, 7630, 7641, 8676, 8725, 8792, 9112, 9125, 9179, 9443] (23)
[15, 551, 904, 1155, 1693, 1695, 1697, 1712, 3088, 3106, 3213, 3470, 3543, 3608, 3646, 3839, 3877, 3899, 4056, 4174, 4514, 4546, 4882, 5043, 5689, 5691, 5745, 6716, 6805, 6866, 7423, 8253, 8365, 8497, 8590, 8842, 8999, 9222, 9651, 9682] (40)
[627, 1080, 1156, 1426, 1941, 2102, 2173, 2773, 2776, 3146, 3930, 5069, 5212, 5725, 6607, 6747, 6758, 7008, 7091, 7340, 8024, 8057, 8167, 8406, 8802, 8824, 8946, 9947, 9957] (29)
[85, 1168, 1306, 1820, 2722, 3098, 3868, 5140, 5292, 5779, 6714, 7069, 7722, 8339, 8600, 8764, 9883] (17)
[4, 264, 314, 354, 1185, 1410, 1656, 3049, 4010, 4217, 4524, 4709, 4966, 6385, 9746] (15)
[83, 137, 589, 594, 843, 1008, 1216, 2638, 2665, 3003, 3030, 3555, 5851, 5966, 6083, 6115, 6271, 6465, 7663, 8687, 8826] (21)
[44, 539, 1198, 1217, 1295, 2484, 2517, 2857, 3460, 3588, 5324, 6931, 7108, 7205, 7245, 7452, 7689, 8198, 8867, 9094, 9488] (21)
[210, 1132, 1209, 1220, 1249, 1936, 2618, 2751, 3279, 4678, 4834, 4911, 6203, 6669, 6885, 7338, 9183] (17)
[1086, 1228, 1840, 1939, 1968, 2202, 2482, 4265, 4765, 5150, 5307, 5533, 6287, 6567, 8013, 8081, 8740, 9509] (18)
[645, 1280, 1898, 2609, 2793, 3815, 4035, 4094, 4913, 5396, 5640, 6122, 7553, 9699, 9764, 9990] (16)
[1281, 2145, 3762, 3936, 4397, 4456, 4900, 5937, 6309, 6894, 7277, 7284, 7448, 7913, 7961, 8014, 8486, 8805, 8970, 9572] (20)
[1282, 1507, 1555, 2154, 3272, 3823, 4064, 6111, 6738, 6911, 7247, 7493, 7755, 8563, 9412, 9451] (16)
[136, 534, 1283, 2016, 2631, 2704, 3697, 4079, 4223, 5128, 5262, 5833, 6253, 6258, 6404, 7140, 7378, 7788, 8394, 8595, 8790, 9100, 9833] (23)
[245, 783, 1042, 1284, 3454, 3856, 4616, 4785, 5281, 5288, 5662, 7015, 7549, 8040, 8392, 8715, 9060, 9143, 9332, 9744] (20)
[872, 1010, 1159, 1344, 1597, 1970, 2045, 3805, 3945, 5834, 6339, 7114, 7133, 7781, 8370, 8825, 9829] (17)
[1346, 2572, 3210, 3508, 3923, 4365, 4491, 5528, 5531, 5944, 6156, 6558, 7321, 7820, 8464] (15)
[62, 294, 1374, 1858, 4126, 5477, 5887, 6484, 6831, 7597, 8101, 8775, 8871, 8989, 9285] (15)
[1043, 1379, 2661, 2668, 3480, 4241, 4380, 4838, 4842, 5063, 5259, 6148, 7283, 7705, 8179] (15)
[80, 1271, 1408, 1684, 1705, 2710, 2780, 2952, 2966, 3171, 3495, 3506, 3600, 3995, 4200, 4436, 4468, 4787, 5266, 5409, 5526, 5582, 5820, 5831, 6051, 6417, 6966, 7125, 7206, 7329, 7376, 8161, 8263, 8477, 8624, 8666, 9007, 9065, 9289, 9521, 9760, 9905, 9939] (43)
[492, 1398, 1411, 2074, 2745, 3364, 3707, 3838, 3957, 4647, 5034, 5124, 5901, 7536, 7584, 7970, 9997] (17)
[331, 1394, 1413, 1763, 1847, 2129, 2861, 3711, 5299, 5445, 5478, 5557, 5755, 5784, 5866, 8812, 9159, 9907] (18)
[223, 433, 462, 481, 506, 1473, 1773, 1933, 2128, 2579, 3048, 3164, 3300, 3303, 3938, 5047, 6928, 7939, 8851, 9732] (20)
[1477, 2934, 3145, 3147, 3237, 3548, 4216, 4445, 4841, 5255, 5673, 6225, 6652, 6989, 7267, 7273, 7949, 9319, 9845] (19)
[109, 181, 693, 1479, 1533, 1919, 4821, 5616, 5738, 6118, 6462, 6756, 6975, 7030, 8417, 8849] (16)
[196, 270, 527, 1244, 1536, 3835, 4047, 4201, 5055, 5246, 5339, 6656, 7555, 7633, 8205] (15)
[543, 618, 1448, 1574, 2204, 3387, 3987, 4894, 8082, 8126, 8876, 8904, 9010, 9162, 9544] (15)
[99, 1062, 1600, 1622, 2645, 3885, 4434, 4687, 5048, 5285, 5541, 5680, 6047, 7093, 7222, 7655, 8603, 9117, 9708] (19)
[920, 955, 1664, 1767, 1876, 2231, 2301, 2376, 3679, 3800, 3914, 4328, 4345, 4679, 4955, 5167, 5236, 5972, 6483, 6496, 7061, 7499, 7757, 7800, 8896, 8950, 9543, 9612, 9715, 9788] (30)
[1320, 1665, 1918, 1987, 2825, 2920, 3044, 3221, 4626, 5882, 6479, 6667, 7266, 7311, 7529, 8169, 9113, 9450, 9700] (19)
[446, 586, 823, 1414, 1415, 1632, 1666, 1848, 1895, 2418, 2874, 3011, 3095, 3414, 3554, 3674, 5579, 5751, 5818, 5925, 6330, 6914, 8022, 8380, 8781, 9448, 9795] (27)
[97, 1082, 1481, 1700, 1728, 2281, 2597, 2604, 2855, 2866, 3026, 3559, 4033, 4292, 5319, 5975, 6599, 7518, 7525, 8228] (20)
[626, 742, 962, 1421, 1515, 1729, 1786, 2064, 2743, 3000, 3251, 4513, 5260, 5549, 5736, 5904, 6390, 6713, 6761, 7847, 7985, 8074, 8207, 8374] (24)
[561, 563, 580, 1091, 1094, 1191, 1730, 4970, 5157, 5175, 5676, 6056, 7098, 8053, 8582, 9405, 9638] (17)
[336, 442, 445, 1197, 1760, 2143, 2750, 4006, 4743, 4926, 5817, 7002, 7161, 7548, 8664] (15)
[601, 651, 787, 1792, 2421, 3478, 3972, 5030, 6134, 8111, 8518, 8608, 8839, 8973, 9593] (15)
[291, 572, 1449, 1793, 3259, 4017, 4055, 4770, 6449, 7925, 8479, 8939, 8986, 9584, 9868] (15)
[157, 341, 1676, 1796, 1958, 2354, 3232, 3754, 3798, 4262, 4389, 6110, 6974, 8860, 9226, 9861] (16)
[56, 476, 694, 1798, 2006, 2027, 2269, 4039, 5791, 7483, 7615, 7777, 8284, 8529, 8753, 8767, 8908] (17)
[243, 569, 1069, 1319, 1807, 1829, 2686, 2968, 3066, 3386, 3446, 3783, 3857, 3859, 4019, 4636, 6072, 6241, 6516, 6571, 6907, 7325, 7342, 7764, 7889, 7918, 8095, 8242, 8471, 8551, 9208, 9366, 9519, 9847] (34)
[951, 1045, 1238, 1601, 1856, 1869, 3986, 4901, 5545, 5855, 6665, 6950, 7317, 7355, 7769, 7863] (16)
[585, 985, 1004, 1493, 1859, 4168, 4442, 4447, 4805, 5273, 6369, 6396, 6458, 7384, 8387, 8837, 9469, 9784, 9816, 9822] (20)
[174, 1469, 1682, 1861, 2097, 2141, 2266, 2840, 4057, 4158, 4243, 5012, 6260, 6726, 7471, 7742, 7767, 8220, 9723] (19)
[880, 968, 1888, 2636, 2805, 3234, 3302, 3455, 3844, 5072, 5182, 5790, 7647, 7966, 8010] (15)
[1318, 1351, 1890, 2384, 2549, 2762, 3632, 3862, 4396, 5052, 6131, 6878, 7995, 8623, 9131] (15)
[53, 1273, 1686, 1699, 1920, 3165, 3589, 5804, 5826, 6066, 6257, 8071, 8243, 8533, 9556, 9646] (16)
[254, 365, 735, 864, 1276, 1926, 2288, 2395, 2410, 3023, 3276, 3564, 3615, 5070, 5405, 6282, 6353, 6386, 6809, 6863, 6880, 7904, 9054, 9178, 9294] (25)
[582, 661, 1347, 1929, 2485, 2774, 2860, 2967, 3269, 3320, 3356, 3485, 3578, 3696, 3822, 4089, 4329, 4542, 4564, 4954, 5009, 5042, 5612, 5837, 6312, 6826, 6888, 7115, 7393, 7957, 8218, 8384, 8489, 8592, 8654, 8731, 8941, 9056, 9620, 9648, 9725, 9906] (42)
[234, 842, 1085, 1334, 1843, 1984, 2058, 2312, 2806, 3130, 3374, 3422, 3654, 3760, 4155, 4906, 5037, 5442, 5798, 6318, 7009, 7461, 7734, 8254, 8528, 9331, 9551] (27)
[282, 1845, 1985, 2181, 2566, 2838, 3484, 3978, 4412, 4462, 4622, 6746, 7441, 7703, 7737, 8583, 8847, 8852] (18)
[268, 766, 836, 1128, 1986, 2426, 2913, 3175, 3186, 3297, 3563, 3577, 4106, 4586, 5073, 5363, 5771, 6099, 6606, 7505, 7783, 9203, 9274, 9464] (24)
[2048, 2282, 2419, 2958, 3087, 3603, 4183, 4918, 5152, 5355, 6753, 7678, 7815, 8091, 8412, 8554, 8785, 8996, 9508, 9563, 9608, 9747] (22)
[9, 797, 1044, 1790, 2049, 2697, 3131, 3704, 4792, 4981, 5361, 5678, 6920, 8124, 9089, 9099] (16)
[169, 427, 1174, 1828, 2051, 2086, 2327, 2595, 4915, 5418, 5902, 5995, 6675, 7945, 8325, 9522] (16)
[293, 1172, 2053, 2094, 2248, 2373, 2957, 3892, 4431, 6002, 6192, 6218, 6935, 8713, 8855, 8972] (16)
[180, 986, 1016, 1345, 1471, 1609, 1821, 2055, 2207, 3231, 3421, 3769, 4170, 4263, 4531, 4602, 5118, 5590, 5610, 5955, 6190, 6336, 6371, 6561, 6744, 7397, 8160, 8421, 8530, 8861, 8863, 8864, 9213, 9426, 9560, 9658, 9900] (37)
[1073, 2082, 2995, 4348, 5151, 5508, 6010, 6191, 7212, 7954, 8092, 8866, 9219, 9498, 9902] (15)
[782, 956, 1117, 1144, 1246, 2112, 3667, 3794, 4401, 4972, 5340, 5606, 5836, 7260, 7768, 7967, 8059, 9185, 9282] (19)
[178, 306, 965, 1207, 1945, 2113, 2976, 3502, 3860, 4129, 5031, 5411, 5908, 7884, 8251, 8418, 8532, 9780] (18)
[119, 633, 1835, 2114, 2864, 2894, 3027, 3076, 3382, 3477, 3689, 3735, 4122, 4702, 5707, 5835, 7619, 8216, 8349, 8567, 8821, 8934, 9072, 9276, 9541] (25)
[451, 1030, 2101, 2177, 2336, 3021, 4310, 4440, 6093, 7122, 7138, 7231, 7373, 7503, 8796, 9092, 9168, 9322, 9721] (19)
[794, 1466, 2178, 3037, 3722, 4910, 5045, 5428, 6052, 6063, 6844, 7688, 8372, 8727, 8841, 9141, 9936] (17)
[27, 217, 625, 1017, 2183, 2444, 2520, 2570, 4572, 4971, 4989, 5161, 5618, 6238, 6864, 6868, 7025, 7185, 7531, 8393, 8798] (21)
[587, 1036, 1190, 1716, 2187, 2875, 3022, 3090, 3629, 3773, 4555, 5400, 6802, 7184, 7229, 7349, 7469, 7579, 8038, 8484, 9775] (21)
[23, 220, 281, 1447, 1538, 2208, 3308, 4294, 4374, 5780, 7084, 7477, 8350, 8383, 8591] (15)
[296, 749, 878, 924, 1862, 1904, 2240, 2799, 2977, 3641, 4114, 4721, 5143, 5360, 5435, 5918, 6895, 7721, 8423, 8689, 9873] (21)
[68, 2039, 2241, 2783, 2819, 4321, 7127, 9034, 9147, 9165, 9291, 9548, 9737, 9787, 9943] (15)
[156, 630, 1620, 2044, 2159, 2304, 2662, 3380, 6280, 7121, 7661, 7953, 8558, 8669, 8705, 8833, 8951, 8953] (18)
[367, 548, 549, 636, 2309, 2470, 2589, 2611, 4592, 4877, 5643, 6377, 6408, 6632, 7279, 7290, 9351] (17)
[59, 1252, 1261, 1355, 1766, 2046, 2165, 2368, 2626, 3257, 3457, 3571, 4099, 4470, 4731, 5569, 5687, 5723, 7348, 7408, 7662, 8183, 8716, 8993, 9262, 9414, 9919] (27)
[1211, 1366, 2335, 2372, 2998, 3990, 4239, 5007, 5083, 5968, 6036, 6439, 7079, 7457, 7728, 8468, 9215, 9655, 9872] (19)
[680, 713, 1303, 1387, 1636, 2403, 2811, 2927, 3295, 3813, 4685, 5064, 5325, 8021, 8356] (15)
[590, 818, 2432, 2680, 2869, 3094, 3122, 5126, 5263, 5718, 6124, 6222, 6620, 7128, 7374, 7515, 8653, 8943, 9573, 9615, 9719] (21)
[299, 643, 1187, 1270, 2433, 2964, 3464, 3744, 3994, 4745, 5626, 6525, 6655, 7632, 7917, 8706, 9229, 9643] (18)
[423, 699, 1265, 1425, 1642, 2332, 2435, 4506, 6430, 7589, 7665, 7916, 8414, 9062, 9603] (15)
[8, 1504, 1901, 2278, 2439, 3235, 3301, 3430, 4194, 4553, 4937, 6138, 6157, 6497, 7474, 7928, 8041, 8827] (18)
[432, 1115, 2036, 2401, 2450, 3357, 3874, 4199, 5244, 5432, 5476, 6372, 7010, 7012, 8182, 8475, 9555, 9897] (18)
[611, 1570, 1881, 2497, 2771, 3795, 4619, 4833, 4986, 5205, 5342, 5406, 5677, 6001, 6172, 6322, 6709, 8545, 8707] (19)
[19, 113, 621, 1011, 1950, 2279, 2560, 3361, 3997, 4227, 6136, 7109, 7656, 8978, 9606] (15)
[908, 1123, 2561, 3345, 3634, 3791, 4128, 4494, 4871, 5165, 5850, 5931, 7194, 7263, 7375, 9114, 9530] (17)
[503, 628, 884, 1188, 1653, 1723, 1979, 2562, 2603, 2682, 3140, 3199, 3579, 4662, 4802, 5706, 6564, 6687, 6705, 7166, 7534, 7849, 8222, 8963, 9730] (25)
[747, 1108, 1611, 1677, 2563, 2692, 3828, 4435, 4875, 5816, 5879, 6789, 6811, 9337, 9357] (15)
[380, 1317, 1342, 1402, 1930, 2161, 2565, 2663, 3353, 3435, 3471, 4025, 5424, 5598, 6682, 7658] (16)
[1824, 2289, 2349, 2592, 2610, 2851, 2985, 5815, 6565, 7496, 7919, 9269, 9618, 9799, 9894] (15)
[244, 574, 893, 1551, 2169, 2624, 2822, 3959, 4635, 4723, 5177, 6547, 6662, 6795, 6830, 7860, 8858, 9009] (18)
[42, 61, 142, 1018, 1050, 2479, 2625, 2671, 2834, 3341, 3955, 4083, 4777, 5688, 5890, 6248, 6772, 6873, 7013, 7209, 7460, 8462, 9074, 9090, 9621, 9817] (26)
[216, 221, 737, 1399, 1885, 2531, 2542, 2627, 2732, 2911, 3317, 3497, 3725, 5385, 5803, 7195, 7988, 8778, 8964] (19)
[55, 634, 1628, 1944, 2150, 2415, 2522, 2684, 2688, 3050, 3079, 3448, 3688, 4052, 4363, 4593, 5782, 5978, 6197, 6269, 6593, 6774, 6915, 7111, 7911, 8084, 8695, 8795, 9457, 9613, 9670, 9684, 9735] (33)
[772, 1333, 2095, 2689, 3075, 3834, 4145, 4405, 6291, 6794, 7180, 7303, 7564, 7837, 9356] (15)
[283, 1439, 1692, 1720, 2720, 2892, 4305, 4382, 4893, 5295, 6697, 7752, 7851, 8491, 9978] (15)
[604, 2749, 2916, 3261, 3314, 3338, 3897, 3989, 4154, 4234, 5491, 6243, 6459, 7014, 7509, 7740, 7944, 8280, 8692, 9144, 9236, 9270] (22)
[30, 46, 1629, 2057, 2752, 2961, 3246, 5629, 6123, 6796, 7230, 7337, 8515, 9189, 9245, 9727] (16)
[761, 1202, 1650, 2008, 2759, 3922, 4258, 4690, 4815, 5095, 6327, 6549, 7372, 8176, 8296, 8979, 9244] (17)
[541, 1145, 2180, 2816, 3410, 3845, 3926, 4888, 4957, 6232, 8044, 8655, 9061, 9460, 9802] (15)
[1289, 1579, 2534, 2817, 3590, 4367, 4458, 5512, 5607, 6150, 6351, 6373, 6884, 7396, 7569, 7977, 8578, 8872] (18)
[498, 875, 1099, 1134, 1725, 1759, 1960, 1971, 1988, 2090, 2124, 2137, 2714, 2818, 2850, 2865, 3097, 3519, 3745, 4004, 4061, 4205, 4256, 4522, 4797, 4887, 4959, 5568, 5842, 5869, 5894, 5907, 5943, 5990, 6174, 6300, 6370, 6413, 6509, 6804, 6882, 7724, 7726, 8138, 8230, 8859, 9187, 9248, 9326, 9375, 9915] (51)
[2100, 2340, 2823, 3228, 4242, 4298, 4732, 5230, 5272, 5425, 7533, 7609, 7835, 8555, 9121, 9753, 9781] (17)
[1046, 1809, 2880, 2991, 3841, 3891, 4355, 4493, 7145, 7590, 8196, 8584, 8854, 9691, 9849] (15)
[1245, 1584, 2232, 2350, 2881, 3280, 3347, 3491, 4511, 5956, 6070, 6073, 6168, 6631, 7723, 8112, 8886] (17)
[440, 779, 1741, 2096, 2883, 3917, 3952, 4430, 4585, 4998, 5485, 7089, 7869, 9305, 9830] (15)
[557, 1038, 1167, 1865, 2886, 3134, 3538, 3665, 3753, 4112, 4985, 5256, 6028, 6141, 7599, 7676] (16)
[532, 1462, 1745, 1959, 2080, 2895, 3262, 4087, 4508, 5054, 5090, 6577, 7067, 7587, 8948, 8980, 9199] (17)
[1194, 1615, 2268, 2399, 2863, 2944, 3318, 3367, 4095, 4162, 4590, 5711, 6182, 6840, 7039, 7864, 8104, 8295, 8541, 9127, 9471, 9819] (22)
[297, 868, 1485, 2174, 2200, 2779, 2946, 4191, 4323, 7003, 7302, 7504, 7933, 8063, 8947, 9302] (16)
[803, 1298, 1586, 1710, 1880, 2452, 2587, 2614, 2846, 2951, 3118, 3211, 5436, 5516, 5776, 6229, 6315, 6566, 7575, 8206, 8237, 8931, 9359, 9520] (24)
[319, 711, 2110, 2313, 2699, 2979, 3009, 3057, 3552, 5008, 5692, 6084, 6314, 6422, 6820, 6930, 7347, 7481, 8363, 8840, 9407] (21)
[2607, 2781, 3040, 3528, 4817, 5113, 5239, 5841, 6613, 6654, 7044, 7400, 7943, 9598, 9722] (15)
[278, 408, 1468, 1560, 3072, 3463, 4375, 4427, 5026, 5282, 6034, 6800, 7987, 8076, 8093] (15)
[1149, 1363, 1423, 2233, 3073, 3447, 4005, 5335, 5717, 5737, 5778, 6270, 6834, 6947, 7636, 8148, 8598, 9228, 9916] (19)
[813, 910, 1887, 3077, 3678, 4301, 4319, 4950, 5081, 5130, 5580, 7240, 7673, 7829, 7839, 9806] (16)
[286, 404, 517, 776, 1472, 1641, 1932, 2555, 2795, 2987, 3104, 3692, 3973, 4069, 8762] (15)
[456, 1392, 1565, 1649, 1825, 3136, 4204, 4612, 5027, 5741, 6262, 6609, 6618, 8073, 9586, 9783] (16)
[72, 78, 415, 1591, 1593, 2586, 3139, 3741, 4997, 5556, 6149, 6926, 8712, 9022, 9275, 9391, 9483, 9740] (18)
[92, 204, 207, 538, 1020, 1035, 2344, 2690, 3200, 3630, 4177, 4505, 5254, 5796, 6224, 6902, 8047, 8156, 8411, 9195, 9754] (21)
[147, 1023, 1451, 2740, 3201, 3963, 4306, 4346, 5017, 5378, 5789, 5898, 6649, 6968, 7292, 8051, 8758, 9385, 9981] (19)
[393, 522, 859, 1550, 1612, 2054, 2832, 3202, 3224, 3522, 4557, 4650, 5675, 5838, 6024, 6929, 9497, 9757] (18)
[22, 719, 1544, 1934, 3203, 3407, 4883, 5023, 5253, 7016, 8299, 8699, 8881, 9468, 9739] (15)
[2502, 2700, 3205, 4327, 4351, 5672, 5830, 5920, 6005, 7654, 7692, 8035, 8461, 8683, 8730, 8820] (16)
[2, 1381, 1465, 2674, 2772, 3260, 3265, 3953, 3954, 4825, 5963, 8150, 8272, 8396, 9266, 9866] (16)
[1498, 1580, 1670, 3267, 3500, 3676, 4233, 4274, 4530, 4762, 5003, 5227, 5450, 5906, 6154, 6587, 7073, 7101, 7551, 7567, 7996, 8381, 8877, 8987, 9233, 9372, 9481, 9888] (28)
[491, 599, 1183, 1313, 2038, 3287, 5235, 5495, 5604, 5849, 5982, 7076, 8940, 9307, 9592, 9779] (16)
[402, 638, 902, 1201, 1637, 2030, 2237, 2519, 3329, 4084, 6394, 6673, 7312, 8049, 9146, 9157, 9446, 9698] (18)
[1299, 2457, 3208, 3313, 3330, 4584, 4763, 5104, 6733, 6923, 7435, 8030, 8137, 8226, 8439, 9202, 9848] (17)
[277, 344, 1491, 2427, 3331, 4187, 4261, 5652, 5899, 6383, 6597, 7000, 7563, 8521, 9493, 9937] (16)
[98, 770, 2451, 3360, 3786, 4870, 5455, 6568, 7139, 8152, 8514, 9037, 9212, 9542, 9677] (15)
[273, 346, 369, 726, 1401, 1996, 2442, 2533, 2559, 2808, 3393, 3406, 3597, 3766, 3906, 4180, 4583, 4839, 4927, 5218, 5234, 6357, 6845, 7921, 8328, 8703, 9301, 9318, 9416, 9570, 9594] (31)
[789, 1416, 2411, 2628, 2928, 2962, 3394, 4339, 5434, 5828, 6004, 6815, 7066, 7130, 8811, 9963, 9966] (17)
[1178, 1576, 2841, 2879, 3024, 3398, 4148, 4297, 4519, 5179, 5909, 7059, 7581, 8597, 9380, 9501, 9887, 9911] (18)
[598, 866, 906, 1214, 1511, 2844, 3456, 4804, 6018, 7095, 7809, 7898, 8036, 8334, 8723, 8923, 9667, 9980] (18)
[233, 1434, 2256, 2448, 3051, 3458, 4710, 5370, 6380, 6535, 7480, 7494, 7951, 8992, 9242, 9973] (16)
[1107, 1120, 1140, 2511, 2848, 3316, 3461, 3468, 3807, 3826, 4886, 5496, 5708, 6105, 6580, 7399, 8330, 8633, 8975, 9295, 9552] (21)
[43, 285, 430, 657, 1078, 1356, 2364, 2965, 3494, 4463, 5329, 6960, 7852, 9338, 9631] (15)
[311, 788, 1386, 2122, 2213, 2392, 2505, 2900, 3226, 3377, 3397, 3452, 3511, 3517, 4040, 4231, 5238, 6345, 6850, 7085, 7126, 7193, 8739, 8741, 9524, 9899] (26)
[944, 1575, 2723, 2843, 2896, 3014, 3154, 3524, 3882, 4567, 4643, 4656, 4895, 5330, 5462, 7200, 7582, 9627] (18)
[26, 505, 725, 999, 1153, 1660, 1748, 2201, 3424, 3584, 6519, 7259, 7282, 7774, 8403, 8581, 9991] (17)
[274, 301, 733, 913, 2596, 3586, 3685, 4467, 4562, 5446, 6251, 7366, 7629, 8732, 9378, 9527] (16)
[231, 659, 2917, 3293, 3601, 3616, 6245, 6267, 7261, 7391, 7420, 7451, 7671, 8025, 8346, 8988, 9874, 9959] (18)
[179, 816, 1064, 1195, 1259, 1706, 1910, 1991, 2107, 2357, 2367, 2918, 3376, 3436, 3621, 3668, 3802, 4184, 4518, 4668, 4855, 5101, 5420, 5932, 6249, 6445, 6591, 6641, 6708, 7163, 7289, 7514, 7763, 7982, 8004, 8121, 8149, 9317, 9517, 9639] (40)
[5, 416, 526, 3459, 3712, 3966, 4046, 5286, 5422, 5862, 5892, 5927, 6442, 8969, 9629, 9745] (16)
[24, 1150, 1916, 2011, 3163, 3713, 4026, 4111, 4393, 4409, 4791, 6140, 6671, 7467, 9362] (15)
[158, 389, 1053, 1454, 2428, 3334, 3572, 3709, 3716, 4108, 4388, 6303, 6916, 7055, 7668, 7727, 8483, 8700] (18)
[161, 501, 786, 1380, 1654, 1891, 2359, 2940, 3718, 3836, 4350, 4502, 5792, 5797, 5949, 7077, 7131, 7150, 7272, 7635, 9355, 9507, 9767] (23)
[1179, 1492, 1531, 3028, 3536, 3747, 3928, 4152, 4603, 6363, 6630, 8443, 9170, 9892, 9949] (15)
[1420, 1488, 2012, 2868, 3776, 5092, 5153, 5521, 5800, 6624, 6640, 8463, 8910, 9444, 9695] (15)
[1595, 2139, 2303, 2491, 2541, 2862, 3431, 3777, 4408, 5183, 6323, 6562, 6715, 7784, 7901, 8550] (16)
[362, 1771, 1942, 1999, 3465, 3779, 3950, 4325, 4982, 4999, 5503, 5971, 6039, 6189, 7908] (15)
[882, 1005, 1100, 1105, 1528, 2500, 3840, 4163, 5740, 5913, 6981, 7405, 8324, 8560, 8729, 9642] (16)
[624, 671, 1019, 2802, 3440, 3742, 3842, 4008, 4207, 4515, 4884, 5671, 6289, 6526, 7178, 7377, 8776, 9882] (18)
[63, 75, 88, 573, 921, 1332, 2184, 3843, 4343, 4756, 5032, 5552, 6180, 6823, 7033, 8265, 8348, 8958, 9619, 9909] (20)
[74, 312, 665, 799, 892, 1938, 2247, 2385, 3156, 3253, 3774, 3847, 4051, 5276, 6446, 6711, 7454, 7576, 8337, 8862] (20)
[347, 861, 1633, 1822, 1879, 2915, 3223, 3853, 3883, 3981, 4582, 5209, 6255, 7036, 7909, 8163, 8853, 9316, 9823] (19)
[143, 255, 387, 1146, 1779, 1953, 2495, 3074, 3284, 3442, 3904, 4545, 5214, 6530, 6841, 7135, 7353, 8467, 8516, 8710, 9138, 9427, 9855] (23)
[149, 889, 1523, 2437, 3733, 3939, 4696, 5220, 5599, 6042, 7790, 8157, 9491, 9535, 9637] (15)
[953, 1341, 1913, 2510, 2882, 3337, 3585, 3968, 6749, 6750, 7364, 7617, 7962, 9070, 9257, 9281, 9710] (17)
[11, 14, 815, 1506, 1998, 2155, 3197, 3969, 4489, 4968, 5627, 5716, 5840, 6256, 6393, 6544, 6861, 7476, 8037, 8147, 8181, 8273, 8300, 9680] (24)
[201, 3006, 3309, 3970, 4852, 5110, 5547, 5605, 5998, 6121, 7484, 7697, 7792, 8404, 8509] (15)
[991, 1013, 1275, 3567, 4000, 4406, 4549, 5734, 6354, 6791, 7637, 8682, 9110, 9420, 9804] (15)
[10, 292, 378, 2356, 2558, 2734, 4032, 4230, 4330, 4617, 5109, 6161, 6997, 9156, 9668] (15)
[200, 610, 1746, 2404, 3530, 4034, 4284, 5224, 5710, 6102, 6582, 6862, 6999, 7511, 8119, 8882] (16)
[35, 327, 1994, 2741, 3110, 3153, 4038, 4266, 4773, 5452, 5536, 5938, 6463, 7861, 7980, 9150] (16)
[2478, 3335, 3956, 4016, 4096, 4712, 4801, 5028, 5371, 5812, 6067, 6764, 7110, 7744, 8473, 9256, 9716] (17)
[679, 1382, 1486, 1973, 3290, 3708, 4160, 4312, 4568, 4573, 5117, 5699, 6263, 6350, 7275, 7756, 7801, 8625, 8631, 9005, 9021, 9033, 9438, 9564, 9850] (25)
[925, 1139, 2527, 3064, 3503, 4161, 4224, 4272, 5786, 6049, 7156, 7799, 8413, 8752, 9834] (15)
[695, 1997, 2186, 2393, 2744, 2872, 3174, 3849, 3896, 4225, 4385, 5704, 7022, 7486, 7508, 7607, 7915, 8310, 9790] (19)
[391, 2194, 2545, 2706, 2739, 3743, 4228, 4376, 5291, 5520, 7561, 8813, 8893, 8918, 9104] (15)
[620, 722, 930, 1268, 1709, 1915, 2215, 2854, 3117, 3404, 3751, 3757, 3770, 3948, 4124, 4202, 4249, 4848, 5035, 5191, 5332, 6082, 6186, 6320, 6742, 6757, 7712, 8818, 8926, 9526, 9540, 9776, 9838, 9920] (34)
[166, 323, 1181, 1296, 1955, 2272, 2729, 3129, 4009, 4288, 5539, 6424, 7713, 7760, 9268, 9679] (16)
[86, 632, 822, 1655, 1940, 3768, 4133, 4289, 5058, 5242, 6837, 6985, 7132, 7320, 7332, 8221] (16)
[663, 2436, 3085, 3091, 3354, 3984, 4280, 4291, 4507, 5690, 6166, 6579, 7973, 8601, 9528, 9977] (16)
[2003, 2321, 3723, 4352, 4876, 5021, 5106, 5320, 5905, 6297, 6310, 6527, 7850, 8746, 9762] (15)
[284, 400, 1438, 1502, 1688, 2602, 4127, 4356, 4569, 5701, 6672, 8103, 8340, 8593, 9238, 9350] (16)
[226, 351, 353, 723, 1694, 2162, 3342, 3792, 4416, 4629, 5225, 5226, 5228, 7124, 7238, 8772, 8787] (17)
[675, 922, 2317, 2615, 3368, 3381, 4417, 5163, 7112, 7175, 7187, 7300, 7605, 8089, 8335, 8632, 9271] (17)
[457, 1417, 2660, 3176, 3285, 3613, 3784, 4206, 4480, 4671, 5454, 5482, 5501, 6313, 6364, 6973, 7019, 7959, 8001, 8066, 8791, 9241, 9758] (23)
[692, 1943, 2583, 3061, 3569, 3809, 4344, 4483, 6379, 6964, 7667, 7950, 8023, 8680, 9251, 9824] (16)
[211, 405, 570, 2707, 3069, 3432, 4062, 4520, 5532, 5619, 5653, 6447, 7382, 8540, 9913] (15)
[764, 990, 1305, 1458, 2423, 3254, 3439, 3915, 4130, 4608, 5194, 7042, 7241, 8094, 8501] (15)
[205, 483, 1606, 1707, 1924, 2127, 2471, 2480, 3372, 4341, 4609, 4651, 4790, 5679, 6727, 7981] (16)
[322, 653, 1681, 2622, 3636, 4464, 4640, 4803, 6493, 6730, 6759, 6984, 7501, 7745, 9717] (15)
[203, 349, 547, 791, 1588, 2023, 3618, 3767, 4641, 5683, 6195, 7846, 7956, 9133, 9153] (15)
[731, 773, 1476, 2926, 3521, 4548, 4672, 5322, 5987, 7293, 7903, 7969, 9067, 9434, 9561, 9821] (16)
[1204, 1406, 1418, 1815, 2271, 2347, 2453, 2617, 4043, 4633, 4673, 4878, 5447, 6698, 7565, 8090, 8153, 9293, 9514] (19)
[127, 605, 863, 939, 1314, 3047, 3113, 3534, 3732, 4045, 4190, 4681, 4691, 6510, 7217, 7394, 7818, 8556, 8721] (19)
[811, 971, 1072, 1227, 2766, 3137, 4041, 4295, 4403, 4533, 4682, 4694, 4736, 4914, 5223, 6095, 6352, 6469, 6797, 6846, 7652, 7679, 8520, 8627, 8742, 9246, 9255, 9336, 9948] (29)
[1369, 1823, 2315, 2901, 3426, 4422, 4737, 4979, 5359, 5408, 5868, 6512, 6531, 6545, 8478, 9041, 9557] (17)
[714, 1308, 1599, 1605, 1842, 1947, 2083, 2126, 2499, 4739, 4779, 5180, 7215, 8506, 8675, 8750, 9038] (17)
[935, 1193, 1325, 1459, 2252, 2601, 3941, 4769, 5077, 5321, 5928, 6813, 7670, 9126, 9175] (15)
[982, 1614, 1863, 2116, 2532, 2620, 2647, 3789, 4796, 5326, 5463, 5603, 6366, 6661, 7754, 7806, 8760, 9273, 9714] (19)
[949, 1326, 1750, 2931, 3504, 4307, 4536, 4800, 4917, 4929, 4993, 5772, 6602, 8301, 8440, 8780] (16)
[39, 428, 703, 871, 943, 1040, 1897, 1982, 2727, 4324, 4496, 4864, 5348, 6050, 6165, 6272, 6362, 6488, 7401, 9066, 9367, 9409, 9694, 9736] (24)
[1189, 1563, 2263, 2319, 2516, 3092, 3277, 4259, 4527, 4621, 4686, 4748, 4865, 5350, 6540, 6543, 7612, 7834, 9650] (19)
[1196, 1608, 2742, 3126, 4188, 4538, 4867, 5076, 5099, 5148, 5219, 5471, 5647, 5774, 6091, 6724, 7485, 7677, 7870, 8899, 9529, 9688] (22)
[60, 2078, 2512, 2588, 3111, 3219, 3525, 4535, 4832, 4930, 6103, 6585, 7090, 7613, 7990, 8755, 9000] (17)
[839, 1514, 2000, 4992, 5733, 5974, 6019, 6471, 6748, 6889, 7038, 8276, 9044, 9346, 9743] (15)
[87, 100, 1659, 2458, 2525, 3427, 3595, 3825, 4102, 4159, 4781, 4995, 5389, 6553, 6838, 7113, 8416, 8436, 8620, 9456, 9879, 9901] (22)
[396, 715, 1328, 2170, 3060, 3358, 3492, 3612, 3902, 4424, 4596, 5025, 5057, 5147, 6699, 7050, 7334, 7793, 7902, 9071, 9096, 9479, 9800] (23)
[182, 197, 484, 575, 1240, 2115, 2249, 2409, 2508, 2667, 3322, 3664, 3933, 4349, 5059, 5231, 5752, 6965, 8259, 8547, 9308, 9566, 9663, 9941] (24)
[107, 689, 1171, 1316, 1769, 2020, 2922, 3296, 5120, 5646, 6691, 6877, 7648, 7700, 8029, 8430, 8604, 9087] (18)
[370, 1006, 1256, 1640, 1841, 2151, 2326, 3469, 4371, 5022, 5121, 5377, 5624, 5964, 6011, 6198, 6536, 6642, 7914, 8219, 8441, 9843] (22)
[13, 765, 1630, 1755, 2168, 2577, 2867, 4611, 4692, 5122, 6302, 6503, 6770, 7031, 7386, 7984, 8531, 9312] (18)
[414, 490, 493, 806, 1685, 1839, 2641, 2963, 3071, 4015, 4065, 5137, 5877, 6501, 7099, 7444, 7651, 8352, 8537, 9455, 9778] (21)
[112, 289, 558, 792, 795, 1097, 1262, 1361, 1568, 1832, 1838, 2119, 2220, 2360, 2652, 3038, 3168, 3384, 3870, 3894, 3907, 4137, 4632, 4704, 5142, 5349, 5488, 5997, 6467, 6719, 7107, 7513, 7776, 8002, 8511, 9140, 9625, 9832] (38)
[1509, 2481, 2876, 2897, 4663, 4818, 5185, 5583, 5635, 5914, 6097, 6559, 6736, 7912, 8761] (15)
[751, 834, 1047, 1236, 1359, 1661, 3068, 3196, 3653, 3693, 5186, 5261, 6071, 6639, 6890, 9575] (16)
[121, 687, 997, 1804, 2792, 3053, 5013, 5248, 5719, 6775, 8437, 8588, 8644, 8672, 9190, 9877, 9878, 9993] (18)
[560, 700, 1613, 1645, 1722, 2425, 3389, 3501, 3887, 4322, 4820, 4916, 5249, 5613, 5992, 6576, 6982, 8007, 9397] (19)
[918, 2149, 2468, 3138, 3566, 3700, 3855, 3947, 4182, 5250, 5587, 5615, 5986, 6403, 7029, 7844, 8990, 9839, 9846] (19)
[124, 487, 552, 583, 926, 1081, 1480, 1499, 2243, 2345, 2770, 2891, 2898, 3008, 3124, 3507, 4013, 4221, 4601, 4646, 4794, 4837, 5265, 5337, 5665, 5681, 6308, 6522, 6594, 6898, 7220, 7287, 7828, 8162, 8313, 8351, 8878, 9003, 9043, 9660] (40)
[170, 358, 2291, 2297, 2804, 3103, 3985, 4969, 5279, 6457, 6987, 8078, 8358, 8726, 8733] (15)
[40, 275, 1037, 2306, 2989, 3645, 4776, 4939, 5280, 5753, 6160, 6533, 7434, 7492, 7976] (15)
[225, 983, 992, 1806, 2013, 2061, 2163, 2171, 2698, 3523, 3649, 3797, 4368, 5313, 5585, 5874, 5977, 6088, 6212, 6324, 6723, 7219, 8409, 8534, 8800, 8915, 9149, 9922] (28)
[28, 927, 2121, 2982, 4500, 4658, 5315, 5940, 6421, 6839, 7174, 7470, 8373, 8857, 9277] (15)
[472, 998, 3161, 4173, 4469, 4566, 5202, 5343, 5487, 5694, 6412, 8991, 9363, 9442, 9772] (15)
[175, 510, 900, 1571, 1647, 1669, 2554, 3703, 5164, 5188, 5376, 8305, 8487, 8817, 9989] (15)
[964, 1368, 1990, 2142, 2753, 3780, 4421, 5440, 5698, 6857, 7387, 7741, 9645, 9675, 9895] (15)
[49, 52, 444, 1055, 1446, 2221, 3677, 3967, 5441, 5917, 6869, 7614, 8673, 8884, 9502] (15)
[533, 668, 718, 1350, 2490, 2715, 3096, 3240, 3321, 4022, 4101, 5444, 5592, 7751, 8260, 8504, 9365] (17)
[535, 1300, 1542, 3093, 4260, 5475, 7309, 7333, 7960, 8751, 9042, 9098, 9135, 9163, 9447] (15)
[473, 524, 850, 2176, 2778, 3416, 3617, 4705, 4974, 5461, 5504, 7119, 8577, 9069, 9361, 9837] (16)
[421, 1158, 1264, 2311, 2930, 3903, 3962, 4849, 5134, 5170, 5505, 6636, 6688, 6803, 8452, 8728, 9132, 9369] (18)
[2118, 2398, 2462, 2653, 4962, 5507, 5622, 6265, 6415, 7072, 7160, 8708, 9435, 9459, 9545, 9971] (16)
[82, 189, 1186, 1450, 1522, 1577, 2789, 4537, 4782, 5427, 5562, 6187, 6200, 6202, 6718, 6766, 9330, 9724] (18)
[50, 185, 313, 1928, 2130, 2160, 2254, 2623, 2990, 3041, 3638, 4450, 4768, 5553, 5571, 5682, 5881, 6057, 8234, 9439] (20)
[145, 1948, 2447, 2970, 3976, 4072, 4501, 5414, 5573, 6570, 6684, 6710, 7179, 8611, 9247, 9263, 9562] (17)
[20, 504, 584, 903, 1781, 2216, 2768, 3729, 4449, 4571, 5204, 5574, 5781, 6676, 7265, 7358, 7998, 9207, 9628] (19)
[168, 676, 691, 916, 948, 1324, 1827, 3637, 3643, 3886, 4579, 5575, 5923, 6942, 7824, 8231, 8743] (17)
[1307, 1370, 1899, 2193, 2695, 3169, 4364, 4814, 5617, 5632, 5915, 6130, 6523, 9536, 9992] (15)
[17, 852, 1500, 1844, 2238, 2362, 2390, 3142, 3898, 4338, 4539, 5036, 5065, 5132, 5198, 5633, 5712, 6453, 6725, 6771, 7787, 7883, 9048, 9154, 9689, 9840] (26)
[1524, 2018, 2224, 3542, 4264, 4455, 5089, 5123, 5597, 5614, 5634, 6053, 6358, 6407, 6429, 6552, 7392, 8208, 8247, 8379, 9532, 9945] (22)
[239, 664, 1860, 2637, 3114, 3961, 5636, 5748, 6059, 6162, 6194, 6534, 6948, 7007, 7141, 7147, 7177, 7807, 8482, 8619, 8677, 9334, 9458] (23)
[133, 425, 1816, 2111, 2971, 5540, 5637, 6648, 6694, 6808, 6903, 6959, 7539, 7725, 9250, 9399, 9705, 9801] (18)
[1203, 1340, 2746, 2997, 3385, 5333, 5668, 6089, 6717, 6760, 7735, 8681, 8907, 9032, 9134] (15)
[47, 394, 1834, 2835, 5654, 5696, 6461, 6584, 6810, 6937, 6963, 7165, 7930, 8438, 9342] (15)
[919, 1805, 2017, 2172, 3369, 3640, 4475, 4540, 4649, 5697, 7544, 8011, 8605, 9731, 9858] (15)
[1061, 1375, 2456, 3177, 3592, 4390, 4861, 5192, 5732, 5768, 5783, 6299, 8151, 8974, 9198] (15)
[1092, 1395, 1436, 1557, 1754, 2138, 2949, 3449, 4734, 5602, 5756, 6835, 6988, 9047, 9503] (15)
[266, 361, 518, 1029, 1114, 3714, 3893, 4461, 5760, 6116, 7523, 7562, 8459, 8814, 9974] (15)
[1015, 2858, 2908, 3400, 3829, 4703, 4948, 5761, 5843, 6901, 7251, 7379, 9075, 9296, 9690] (15)
[858, 1556, 1567, 1704, 2696, 4165, 4432, 5762, 6918, 7078, 7106, 8213, 8355, 8453, 9230] (15)
[392, 1222, 1460, 1721, 3035, 3669, 3758, 4293, 4299, 4510, 4760, 4799, 5763, 6777, 6856, 8058, 9370, 9511, 9681] (19)
[235, 377, 553, 639, 1385, 1497, 2156, 3063, 3144, 3184, 3413, 3605, 3875, 3913, 5765, 5859, 6472, 6677, 6892, 6986, 7196, 7421, 8173, 8175, 8546, 8786, 8801, 9128, 9192, 9360, 9805] (31)
[71, 479, 1095, 1199, 2069, 2192, 2713, 3070, 3247, 3379, 3694, 4185, 4253, 4290, 4318, 4394, 4504, 4576, 5403, 5437, 5499, 5561, 5773, 5821, 5929, 5930, 6296, 6301, 7214, 7592, 7644, 7702, 7887, 8354, 8848, 8955, 8997, 9283, 9284, 9803] (40)
[117, 2261, 3102, 3143, 3323, 3547, 3587, 3619, 3749, 3869, 4759, 5794, 5886, 8668, 9160] (15)
[915, 1059, 2938, 3660, 4600, 5824, 5857, 6044, 6333, 6555, 7602, 7827, 7942, 8083, 8262, 8362, 8575, 9272] (18)
[907, 1378, 2218, 2564, 2678, 2925, 3490, 3827, 5100, 5825, 6317, 6817, 7308, 7706, 8684, 9115, 9500] (17)
[191, 825, 1292, 1457, 2331, 2887, 3242, 3355, 3405, 4150, 4251, 4827, 5829, 7324, 7711, 7843, 8229, 8498, 9176, 9510, 9546] (21)
[409, 562, 1582, 1814, 2203, 2955, 3513, 4014, 4543, 5888, 6551, 7235, 7559, 9881, 9921] (15)
[774, 996, 2679, 2693, 2794, 3080, 3631, 4670, 4850, 4892, 5103, 5891, 6143, 6504, 8298] (15)
[102, 272, 508, 2725, 3558, 4554, 4835, 5318, 5577, 5952, 5970, 7497, 9807, 9890, 9932] (15)
[125, 381, 835, 888, 1101, 2821, 2884, 3031, 3623, 5357, 5953, 6213, 7611, 8510, 9972] (15)
[214, 259, 516, 810, 1534, 2089, 2223, 2567, 3115, 3488, 5538, 5954, 6477, 7081, 7419, 8120, 9306, 9534, 9610] (19)
[208, 252, 923, 1287, 1626, 2191, 2314, 2483, 2632, 3666, 5431, 5631, 5958, 6388, 6557, 6728, 8026, 8651] (18)
[525, 546, 853, 1257, 3083, 6016, 6167, 6316, 6399, 6685, 7218, 7281, 8055, 8875, 9400, 9595] (16)
[974, 1495, 3575, 3652, 4078, 4093, 5251, 5639, 6017, 6237, 6617, 6722, 7923, 8921, 9440, 9591] (16)
[667, 972, 1165, 1226, 2509, 2575, 2701, 3684, 3991, 4030, 4270, 4300, 5965, 6020, 7186, 7310, 7455, 7749, 7958, 8913, 9880] (21)
[18, 413, 1678, 1740, 2981, 3350, 4123, 5749, 6021, 6569, 6645, 8189, 8503, 9006, 9182] (15)
[1213, 1403, 1404, 1853, 2463, 2878, 3250, 3473, 3533, 5317, 6048, 7935, 8850, 9286, 9770] (15)
[57, 134, 150, 556, 732, 2760, 3294, 3510, 3580, 4627, 4924, 5169, 5178, 5856, 6080, 6946, 7733, 8449, 9116, 9558, 9923] (21)
[449, 453, 2014, 3537, 4023, 4387, 4896, 4912, 4922, 5372, 5638, 6081, 6919, 7144, 7268, 7983, 8360, 8613, 9525] (19)
[1009, 1992, 2909, 3545, 4707, 4935, 5211, 5233, 5814, 6106, 8557, 8589, 9018, 9347, 9659] (15)
[1143, 1247, 1831, 1921, 2179, 2912, 4354, 4990, 5004, 5991, 6112, 6573, 7979, 9476, 9604] (15)
[860, 3399, 3527, 4495, 4509, 4735, 5190, 5584, 6144, 6486, 6612, 6690, 7304, 8052, 8754] (15)
[746, 867, 891, 1892, 2073, 3151, 3282, 3573, 3681, 3790, 4377, 5885, 6145, 7638, 9956] (15)
[141, 649, 1229, 1713, 1972, 2454, 2947, 4100, 5338, 5666, 6146, 6454, 7052, 7223, 7315, 8451, 8835, 8977] (18)
[93, 202, 228, 568, 845, 1583, 3811, 3905, 4874, 5066, 5139, 5823, 6208, 6466, 8236] (15)
[213, 1079, 1989, 2105, 2528, 2538, 2676, 2764, 3013, 3121, 3428, 3937, 4070, 6209, 6500, 6828, 7116, 7276, 8569, 9011, 9463, 9835, 9924] (23)
[215, 219, 606, 1914, 2042, 2708, 3935, 5129, 5136, 6210, 6590, 6706, 8281, 8507, 8659, 9371] (16)
[1147, 1529, 2539, 2557, 3032, 3924, 3932, 5038, 6119, 6211, 6743, 8166, 8174, 8200, 8561, 8662] (16)
[148, 470, 1444, 1619, 2065, 2265, 2449, 2569, 3349, 4313, 4899, 5309, 5935, 6216, 7577, 7881, 9107, 9425, 9904] (19)
[232, 480, 644, 1001, 1166, 1407, 2310, 2460, 2705, 2849, 3810, 4282, 4620, 5366, 5747, 5884, 6239, 6273, 6546, 6635, 7097, 7517, 8822, 9953, 9982] (25)
[249, 658, 905, 1549, 2047, 2424, 3283, 3561, 4131, 4503, 4973, 5397, 5799, 6159, 6274, 6700, 6906, 7411, 7657, 7683, 8469, 8957] (22)
[502, 3274, 3717, 3772, 4271, 4446, 4607, 4733, 5274, 5670, 6012, 6170, 6275, 7802, 8829] (15)
[190, 1331, 1463, 3764, 4438, 4521, 5067, 5500, 6045, 6356, 6368, 7227, 8240, 9171, 9589] (15)
[222, 571, 578, 771, 1776, 1851, 2294, 2371, 3067, 3423, 4140, 4332, 4560, 4657, 5193, 5203, 6400, 6574, 6633, 7621, 7645, 8016, 8367, 8804, 9046, 9518, 9931] (27)
[54, 941, 1206, 1219, 2416, 3012, 3181, 4053, 4454, 6355, 6401, 6972, 7129, 7560, 8678] (15)
[2067, 2687, 2828, 2907, 4029, 4885, 6382, 6405, 6622, 7594, 7897, 8100, 8343, 8494, 8807, 9188, 9211, 9964] (18)
[410, 690, 1136, 1978, 2280, 2342, 2813, 3058, 3167, 3425, 4347, 4774, 4891, 5208, 5358, 5746, 6406, 6949, 7412, 7753] (20)
[894, 1352, 1651, 2800, 2933, 3351, 3363, 3705, 5941, 6432, 6865, 7659, 7709, 9191, 9196] (15)
[727, 2225, 2239, 3288, 6152, 6435, 6765, 7836, 8042, 8177, 8359, 8959, 9349, 9382, 9609] (15)
[777, 1235, 2251, 2387, 2649, 2754, 2919, 3193, 3326, 3553, 3594, 3992, 4103, 4742, 5498, 6464, 6644, 7192, 7786, 8309, 8846, 8925, 9661, 9706, 9718, 9862, 9958] (27)
[188, 970, 2108, 3402, 3520, 4851, 5050, 5595, 6240, 6528, 7257, 7739, 8542, 9418, 9580] (15)
[2890, 2903, 3206, 3672, 4208, 4213, 4451, 4466, 5674, 6529, 6787, 6992, 8146, 9323, 9912] (15)
[265, 333, 581, 685, 798, 987, 1076, 2199, 3526, 3609, 6575, 6592, 6887, 7048, 8235, 8696, 9105, 9415, 9571, 9774, 9898] (21)
[2025, 3192, 4558, 5171, 5433, 5515, 5702, 6298, 6537, 6596, 7027, 7221, 8873, 8998, 9068] (15)
[250, 793, 1419, 2032, 2787, 2815, 3737, 3830, 4337, 4725, 5449, 5744, 6030, 6277, 6335, 6418, 6508, 6657, 7546, 8845, 9103, 9466, 9903] (23)
[183, 616, 1250, 2608, 3388, 3710, 3799, 4104, 4806, 4831, 6384, 6658, 7183, 7255, 9164, 9406, 9531] (17)
[1200, 2085, 2476, 3541, 3627, 3755, 4420, 4654, 5060, 5168, 5311, 5550, 6659, 7204, 7498, 7642, 9669] (17)
[1232, 1545, 1581, 2996, 3927, 4813, 5558, 6068, 6155, 6328, 6451, 6660, 7466, 7596, 7606, 7895, 8248, 9786] (18)
[247, 1110, 2429, 2893, 2939, 3036, 3686, 4303, 4477, 4547, 4873, 6065, 6487, 6720, 7624, 8901, 9404, 9908] (18)
[411, 748, 856, 937, 1058, 1074, 1548, 1908, 3472, 4532, 4860, 5522, 5658, 6721, 7058, 8215, 9239, 9328, 9759, 9995] (20)
[218, 688, 753, 940, 993, 1871, 2153, 2738, 3982, 4578, 5173, 5565, 6290, 6492, 6780, 7738, 8252, 8647, 9161, 9402] (20)
[140, 290, 809, 837, 1173, 1205, 2037, 2307, 2640, 2666, 4118, 6784, 6900, 6908, 7862, 8170, 9218, 9587] (18)
[1267, 2469, 3020, 3659, 4858, 4933, 5189, 6375, 6785, 6990, 7432, 9025, 9278, 9429, 9577] (15)
[1286, 1554, 2092, 3726, 4105, 4372, 4829, 5529, 5546, 5721, 6788, 6843, 7620, 8159, 8618, 8652, 9423, 9489] (18)
[343, 619, 870, 1610, 3162, 3806, 4091, 4580, 5390, 6646, 6792, 7674, 8398, 8911, 9036, 9304, 9311, 9946] (18)
[407, 914, 1789, 2847, 3362, 4391, 4653, 5135, 5514, 6793, 6971, 7057, 7225, 7782, 9376, 9494, 9752] (17)
[1294, 1424, 2040, 2353, 2814, 3611, 3837, 4090, 4482, 4689, 4746, 5922, 6610, 6848, 6938, 7298, 7585, 7626, 8086, 8536, 9108, 9252, 9477] (23)
[310, 615, 869, 1734, 3275, 3412, 4281, 5480, 5563, 6849, 7216, 7858, 8270, 8646, 9004] (15)
[1137, 2287, 3975, 4054, 4362, 4465, 4605, 5084, 5473, 5502, 5846, 5872, 6114, 6473, 6611, 6627, 6767, 6851, 7047, 7666, 8548] (21)
[1337, 2790, 3128, 3255, 3644, 3888, 4116, 4772, 5018, 5216, 5926, 6074, 6732, 6852, 6933, 7083, 8788, 8983, 9523] (19)
[707, 743, 1731, 4081, 4283, 4928, 5114, 5206, 5331, 5354, 5819, 6912, 7173, 7731, 8164, 9492, 9685] (17)
[419, 1309, 1585, 1604, 1797, 2041, 5328, 6678, 6913, 7568, 8190, 8637, 9084, 9461, 9676] (15)
[564, 650, 785, 901, 2242, 2988, 4404, 4881, 5264, 6491, 6944, 8017, 8118, 8488, 8717] (15)
[267, 337, 954, 1177, 1237, 2639, 2747, 2950, 3015, 3119, 3690, 4120, 4512, 4722, 5119, 6060, 6583, 6976, 7280, 7305, 7362, 7458, 8109, 8357, 8522, 8661, 9210, 9441, 9928] (29)
[69, 763, 1364, 1562, 2235, 3596, 4484, 6978, 7271, 7758, 8107, 8571, 8869, 9221, 9585] (15)
[656, 801, 1093, 1400, 2267, 2576, 3034, 3225, 3682, 4245, 4943, 5085, 5412, 6441, 6695, 6967, 6979, 7570, 8496, 9119, 9145, 9240] (22)
[1184, 1795, 2043, 2459, 2735, 3109, 3583, 4085, 4473, 4529, 5001, 6281, 6783, 7040, 7041, 7357, 8115, 8587, 8607] (19)
[593, 1390, 2777, 3059, 3195, 3401, 3801, 3808, 4197, 4625, 5352, 5893, 6086, 6100, 6502, 6752, 6819, 7043, 7519, 8433, 9578] (21)
[253, 745, 1335, 1521, 1937, 2506, 2994, 3562, 4478, 4664, 7046, 7715, 8317, 8431, 8719, 9452, 9756] (17)
[376, 1803, 3289, 4695, 4700, 5078, 5809, 5903, 6129, 7011, 7049, 7094, 8274, 9358, 9693, 9950, 9994] (17)
[89, 329, 1192, 1513, 1817, 1952, 2227, 2731, 2888, 3042, 3159, 3291, 3793, 4250, 4898, 5312, 5364, 5601, 6196, 7053, 7197, 7465, 7598, 7771, 8020, 8290, 8481, 8982, 8985, 9083, 9384, 9504, 9649, 9884, 9944] (35)
[434, 475, 828, 1602, 1974, 2507, 3081, 3408, 4414, 5000, 5578, 6226, 7105, 8885, 9148, 9419, 9954] (17)
[1121, 2870, 2978, 3160, 4238, 6043, 6814, 7168, 7472, 7527, 7625, 8364, 8671, 8735, 9487] (15)
[1811, 3343, 4086, 4138, 4218, 4481, 5391, 5695, 7169, 8105, 8127, 8642, 9386, 9616, 9885] (15)
[305, 1501, 2205, 2788, 4198, 4309, 4379, 5086, 5373, 5722, 6556, 7171, 7417, 7580, 7775, 8034, 8347, 9313, 9579] (19)
[48, 646, 720, 1126, 1142, 1774, 2635, 5415, 6205, 7172, 7346, 7867, 8117, 8457, 8559, 8562] (16)
[187, 356, 2182, 2339, 2440, 2837, 2943, 3078, 3728, 4599, 5805, 6038, 7004, 7203, 7572] (15)
[328, 340, 1113, 2031, 2157, 2980, 3065, 3532, 4066, 4714, 4965, 5802, 7233, 7248, 8565, 9955] (16)
[308, 350, 443, 565, 1075, 2756, 3148, 3557, 3803, 4018, 4149, 5459, 6470, 6832, 6962, 7234, 7301, 9925] (18)
[135, 701, 1007, 1717, 1739, 1900, 2945, 5097, 5490, 5984, 6135, 6276, 6416, 6440, 7286, 7296, 7443, 8268, 9782] (19)
[120, 315, 567, 873, 1248, 1277, 2873, 3252, 4028, 5062, 6349, 7092, 7297, 7356, 8410, 9484, 9798, 9930] (18)
[989, 1034, 1435, 2123, 3150, 3736, 4991, 5016, 5651, 6663, 7299, 7660, 8566, 9809, 9852] (15)
[596, 2308, 2634, 3371, 3593, 4097, 4275, 4729, 6142, 6326, 6927, 7360, 8617, 8648, 9387] (15)
[559, 1443, 2109, 2120, 2472, 2852, 3112, 3498, 3781, 4395, 4526, 6827, 6853, 7336, 7361] (15)
[2296, 2830, 3871, 4400, 5544, 6009, 6139, 6801, 7365, 7691, 7822, 7830, 9422, 9513, 9766] (15)
[1087, 1223, 2413, 3191, 3340, 4854, 4938, 5199, 5947, 6219, 6346, 7367, 7381, 7999, 8919, 9324] (16)
[1041, 1353, 1433, 1484, 3016, 3056, 3691, 3920, 5356, 5448, 5576, 6361, 6751, 7395, 9576] (15)
[355, 463, 1116, 1742, 1857, 3158, 3546, 3788, 3909, 4175, 4315, 4575, 4624, 4923, 5112, 5138, 5327, 5453, 5596, 7416, 7704, 8267, 8419, 8693, 8789, 9475] (26)
[1089, 1163, 2578, 2839, 3756, 3958, 4254, 5620, 5880, 6696, 7424, 7502, 7812, 7937, 8225, 8368, 8657, 9607] (18)
[153, 674, 841, 1976, 2211, 2258, 3120, 3249, 3599, 4107, 4296, 4370, 4903, 5011, 5195, 6518, 7425, 7588, 7628, 8485, 8890, 9231] (22)
[184, 304, 469, 666, 734, 1103, 1854, 2140, 2378, 2842, 3239, 3516, 3648, 3721, 3759, 3816, 3833, 3878, 3884, 4115, 4235, 4246, 4248, 4588, 4730, 4925, 5572, 5621, 5758, 5787, 5921, 6244, 6414, 6521, 6638, 6881, 7051, 7326, 7328, 7429, 7439, 7507, 7537, 7838, 8344, 8887, 9201, 9265, 9267, 9773, 9951, 9952] (52)
[77, 1330, 1360, 2763, 2801, 3179, 3256, 4181, 5197, 5754, 6957, 7430, 8142, 8665, 9151, 9827] (16)
[364, 629, 744, 1102, 1231, 1616, 1658, 1715, 3444, 4304, 5116, 6008, 6956, 7431, 9335] (15)
[945, 1210, 1212, 1850, 2351, 2685, 2986, 3133, 3403, 3409, 3942, 4063, 6022, 6079, 6513, 7158, 7436, 7490, 8110] (19)
[230, 1589, 1598, 2675, 4630, 4890, 5229, 5388, 6860, 6953, 7006, 7064, 7294, 7495, 7922, 9622] (16)
[146, 531, 849, 1690, 1819, 2103, 2369, 2529, 3866, 4410, 5296, 6147, 6410, 7250, 7552, 8643, 9421] (17)
[1564, 1777, 1782, 1925, 2431, 3916, 4459, 5039, 5827, 6221, 6614, 7021, 7554, 8663, 8711] (15)
[126, 237, 530, 637, 1397, 1530, 1756, 1882, 1889, 2396, 2477, 3315, 4169, 6026, 6158, 6395, 7023, 7556, 7770, 7931, 8214, 8331] (22)
[108, 1057, 1164, 2673, 4360, 6175, 7463, 7616, 7997, 8008, 8079, 8311, 8353, 9364, 9624] (15)
[1478, 1527, 2391, 2669, 3445, 4559, 5019, 6367, 6651, 6745, 7639, 8123, 8277, 8315, 9929] (15)
[1311, 2343, 2664, 3185, 3194, 4747, 4843, 5200, 5305, 5336, 6481, 7680, 7974, 8446, 8942] (15)
[339, 507, 603, 1422, 1508, 1683, 2019, 2475, 3017, 3084, 3306, 3441, 4048, 4614, 5131, 5221, 6108, 6474, 6729, 7664, 7684, 8031, 8178, 9315, 9969] (25)
[95, 298, 709, 814, 988, 1241, 1770, 1894, 2214, 2798, 3173, 3738, 3988, 4237, 4984, 5111, 5524, 5542, 5865, 6769, 7211, 7228, 7685, 8981, 9605] (25)
[966, 2210, 3116, 3606, 4186, 5201, 5464, 6824, 7747, 7879, 7963, 8490, 8763, 9030, 9393, 9967] (16)
[542, 677, 1071, 1312, 2329, 3540, 4119, 4783, 4816, 5271, 5795, 7450, 7610, 7748, 8476, 8495, 9260] (17)
[461, 973, 980, 1119, 1138, 1367, 2905, 3699, 3831, 4176, 4836, 5429, 6905, 7530, 7675, 7765, 7808, 8674, 8917, 9220, 9224] (21)
[511, 1639, 2417, 2703, 2809, 3610, 3715, 3724, 4215, 5548, 6173, 6893, 7810, 8912, 9614, 9761] (16)
[165, 1837, 2467, 2810, 3453, 3642, 4728, 5102, 5294, 5384, 5523, 6007, 7063, 7318, 7796, 7816, 8188, 8302, 8690, 9053, 9124] (21)
[406, 1437, 1482, 1487, 1801, 2487, 2824, 4429, 4587, 5155, 5381, 6680, 7118, 7873, 8129, 8326, 8714, 8967, 9396] (19)
[464, 1553, 1590, 1964, 2131, 2414, 2932, 3007, 3178, 3209, 3908, 4143, 4311, 4684, 4810, 4844, 4869, 4983, 5642, 6087, 7120, 7151, 7155, 7371, 7874, 8144, 8203, 8838, 9599, 9671, 9926] (31)
[1002, 1066, 1176, 1470, 1757, 2547, 2972, 4172, 4561, 5713, 5848, 7100, 7323, 7566, 7877, 7899, 8291, 8401, 9333, 9815] (20)
[588, 652, 1208, 1975, 2135, 2257, 2285, 2642, 3434, 4556, 4949, 5217, 5810, 5870, 5962, 6064, 6621, 6741, 7191, 7242, 7344, 7413, 7526, 7634, 7805, 7882, 8445, 9309, 9428] (29)
[388, 1412, 1461, 2923, 4996, 6799, 6993, 7018, 7123, 7643, 7907, 8965, 9181, 9209, 9343] (15)
[540, 881, 895, 1348, 1409, 1467, 1539, 2050, 2550, 2580, 4125, 4498, 5015, 5268, 6683, 6983, 7409, 7920, 7936, 8432, 8621, 8888, 9086, 9373] (24)
[206, 754, 1627, 2474, 2486, 3045, 4407, 4589, 4715, 6468, 6485, 6589, 7341, 7938, 9258] (15)
[717, 1428, 2658, 2733, 6434, 6539, 6550, 7087, 7991, 8000, 8006, 8333, 8900, 9064, 9999] (15)
[96, 441, 454, 465, 622, 1517, 1772, 2914, 3298, 3565, 3701, 5176, 5341, 5700, 6077, 6855, 8003, 8054, 8405, 8686, 8924, 9123, 9193, 9662] (24)
[403, 933, 2568, 2836, 4002, 4073, 4074, 4859, 4897, 4947, 5166, 5369, 7383, 8005, 8720, 9623] (16)
[466, 1104, 1266, 1358, 1902, 2573, 3867, 4326, 4945, 6278, 6279, 8032, 8136, 8932, 9076] (15)
[58, 2504, 4439, 4688, 5793, 5945, 6188, 6321, 6836, 6875, 8064, 8239, 8783, 9111, 9379, 9886] (16)
[662, 1711, 1737, 1906, 2222, 2334, 2556, 2796, 3244, 5766, 5875, 6359, 6692, 6943, 7994, 8065, 8199, 8285, 8371, 9742] (20)
[276, 591, 2807, 3215, 3450, 3731, 4007, 4479, 4904, 4987, 5096, 5125, 5232, 5401, 5684, 7071, 7813, 7854, 8067, 8261, 8718, 9480] (22)
[241, 739, 1131, 2021, 2146, 2206, 2253, 2709, 3025, 3149, 3482, 4333, 4497, 5419, 5645, 5724, 6392, 7026, 7804, 8068, 8241, 8616, 9433, 9445, 9934] (25)
[352, 781, 1301, 1339, 2217, 3198, 3628, 4136, 4166, 4269, 4570, 4828, 4889, 5020, 8069, 9023, 9996] (17)
[447, 796, 829, 855, 1060, 1736, 1993, 2076, 2133, 2259, 2523, 2594, 2646, 3182, 3270, 3614, 4027, 4171, 4544, 4775, 5040, 5107, 5465, 5657, 6040, 6494, 7591, 7732, 8087, 8345, 8634, 8984, 9079, 9574, 9652, 9842] (36)
[2348, 2536, 2616, 3001, 3010, 4823, 5133, 6572, 7345, 7978, 8128, 8139, 8649, 8892, 9122, 9891] (16)
[307, 614, 684, 1724, 1800, 2984, 3243, 3550, 3680, 4443, 5382, 6398, 7253, 7274, 8132, 8492, 9353] (17)
[31, 338, 607, 1129, 1520, 1638, 2323, 3190, 3850, 5775, 6000, 7068, 7927, 8133, 8810] (15)
[251, 846, 1230, 1362, 2026, 2106, 2619, 3002, 3152, 3624, 4413, 4683, 4809, 7237, 7491, 7766, 8192, 9539] (18)
[1122, 1535, 1546, 1667, 1946, 2009, 2361, 3818, 4499, 5847, 6234, 6292, 7005, 7433, 8193, 9656, 9818, 9836, 9962] (19)
[390, 826, 883, 1233, 2694, 2921, 3292, 3420, 3650, 5303, 5353, 5493, 5685, 5686, 5934, 6058, 6107, 6137, 6266, 6478, 6731, 8194, 8244, 8698, 9002, 9180, 9321, 9713, 9820, 9979] (30)
[459, 1133, 1668, 2197, 2552, 2581, 2737, 2803, 2829, 3771, 4366, 4880, 5423, 5871, 5985, 6029, 8075, 8195, 9082, 9340, 9597] (21)
[242, 397, 458, 848, 934, 1022, 1049, 1051, 1354, 1388, 1445, 2551, 2702, 2784, 3656, 3812, 4012, 4645, 4706, 4754, 4778, 4872, 5160, 5375, 5715, 6207, 6360, 6515, 6628, 7198, 7478, 7690, 8015, 8197, 9303, 9515, 9938] (37)
[2582, 3311, 3443, 4749, 4958, 5041, 5207, 5300, 5948, 6896, 7789, 8275, 8320, 9454, 9825] (15)
[105, 854, 1067, 1225, 1967, 2028, 2275, 2388, 2397, 3518, 3591, 3819, 4049, 4098, 4276, 4277, 4551, 5323, 5458, 5470, 5660, 5731, 5942, 6348, 6600, 7730, 7947, 8012, 8321, 8397, 8517, 8679, 9554] (33)
[383, 494, 536, 550, 1151, 1260, 1329, 1907, 2029, 2885, 3720, 3734, 5649, 6456, 7627, 7686, 7929, 8039, 8322, 8843] (20)
[288, 555, 917, 1224, 2383, 3018, 3881, 4164, 6603, 6969, 7473, 7547, 7993, 8323, 8523, 9634] (16)
[460, 981, 1124, 1327, 1870, 2406, 3509, 4631, 4642, 4862, 5082, 7142, 7649, 7890, 8033, 8278, 8332, 8594, 9186] (19)
[79, 1440, 1541, 1732, 2117, 2244, 2758, 3505, 3879, 3918, 4780, 4822, 5314, 5669, 6185, 7243, 8385, 8701, 8757, 8868] (20)
[1118, 1751, 1981, 2062, 2775, 3258, 7306, 7826, 8391, 8408, 8938, 9008, 9290, 9453, 9940] (15)
[91, 163, 436, 523, 967, 1014, 1021, 1263, 1875, 1962, 2084, 2209, 2212, 2260, 2273, 2954, 2983, 3304, 3312, 3535, 3544, 3921, 3943, 3944, 4472, 4666, 4669, 4921, 5623, 5981, 6041, 6201, 6283, 7254, 7540, 7701, 7785, 7972, 7975, 8257, 8448, 8456, 8574, 8844, 9292, 9390, 9505, 9568, 9965] (49)
[1106, 1687, 2797, 3107, 4232, 5044, 5108, 5308, 5844, 5980, 6176, 6755, 6897, 7708, 8454, 9893] (16)
[280, 730, 738, 2175, 2189, 4941, 5421, 6184, 7062, 7414, 7500, 7819, 8098, 8249, 8458, 9632] (16)
[73, 437, 500, 2543, 2755, 2992, 3515, 3651, 4316, 4423, 4523, 4956, 5283, 5759, 6306, 6601, 6653, 6664, 6778, 7164, 7759, 7795, 8375, 8400, 8512, 8626, 8744, 9377, 9854, 9917] (30)
[635, 769, 1537, 2434, 2605, 4425, 4525, 4761, 4767, 5399, 6650, 8465, 8576, 9077, 9158] (15)
[804, 1162, 1243, 4195, 5088, 5873, 5900, 7181, 7750, 7971, 8027, 8080, 8293, 8640, 9052, 9227, 9871, 9875] (18)
[246, 545, 566, 2537, 3647, 3998, 4267, 5091, 5910, 6259, 6387, 6637, 6833, 7351, 7402, 7468, 8641, 9709, 9968] (19)
[374, 1483, 1512, 1624, 1872, 3633, 4060, 4314, 4942, 5149, 6261, 6754, 7249, 7370, 7640, 8645, 8756, 9325, 9582, 9697, 9720] (21)
[386, 977, 2198, 4471, 4698, 4719, 4720, 5074, 5344, 5735, 5863, 6452, 7832, 8070, 8154, 8704, 8734, 8745, 8971, 9320, 9703] (21)
[248, 417, 471, 478, 1297, 1489, 1643, 1799, 4444, 5383, 5468, 5852, 6033, 7710, 8292, 8308, 8709, 8806, 9204] (19)
[2230, 2324, 3346, 3481, 3861, 4613, 5146, 5513, 6431, 6806, 6818, 7842, 7866, 8316, 8736] (15)
[435, 819, 1464, 1727, 2276, 3429, 3602, 3673, 3824, 3901, 4492, 6076, 6847, 7024, 8279, 8294, 8388, 8765, 9063, 9998] (20)
[1112, 1288, 1689, 3383, 3433, 4050, 4193, 5554, 5959, 7224, 7482, 7736, 8768, 9013, 9027, 9841] (16)
[499, 2446, 3216, 4139, 4334, 4441, 5014, 6341, 6423, 6554, 7403, 7707, 8769, 9702, 9738] (15)
[173, 631, 957, 2503, 3099, 5105, 5527, 6181, 6448, 6560, 7065, 7464, 8596, 8770, 8777, 9142] (16)
[70, 431, 1764, 3248, 3635, 4534, 5430, 6227, 6598, 6735, 6924, 7190, 7239, 8116, 8771, 9401, 9678] (17)
[1012, 1833, 1867, 2022, 2521, 2724, 3370, 3817, 5002, 5258, 5484, 6994, 8145, 8803, 8949] (15)
[537, 660, 1161, 3086, 3157, 4994, 5853, 6101, 6450, 6511, 6779, 7146, 8552, 8832, 8836, 9389] (16)
[236, 1027, 1365, 4247, 4552, 5061, 5457, 5988, 5993, 6252, 7510, 8250, 8407, 8809, 8834, 9436] (16)
[678, 1852, 2812, 4378, 5334, 6223, 6954, 7595, 7941, 8342, 8865, 8895, 9413, 9499, 9636] (15)
[84, 681, 1794, 1893, 2024, 3661, 3671, 3832, 3951, 4934, 5115, 5145, 6031, 6334, 6595, 7252, 7780, 8130, 8434, 8526, 8670, 8897, 8945, 9194, 9368] (25)
[2445, 3787, 5080, 5588, 5720, 6619, 6879, 7148, 7313, 7859, 8140, 8610, 8724, 8749, 8898, 8903, 9174] (17)
[1258, 1429, 1802, 1935, 2007, 2430, 2526, 3574, 4594, 4786, 4976, 5093, 5159, 7729, 7845, 8960] (16)
[167, 762, 2621, 3359, 3863, 4340, 4384, 4398, 5368, 5950, 6921, 7380, 7603, 8072, 8210, 8227, 8823, 8961] (18)
[195, 212, 1594, 2125, 3033, 5581, 7210, 7825, 7848, 8447, 8766, 8906, 8962, 9748, 9975] (15)
[6, 359, 382, 613, 698, 1547, 1787, 1866, 2158, 2785, 6246, 7199, 7339, 7521, 8303, 8880, 8966, 9960] (18)
[1302, 1558, 1747, 2075, 2262, 4044, 4750, 5154, 5960, 6427, 6643, 6876, 7440, 7926, 8905, 8968, 9057, 9264, 9506] (19)
[132, 521, 1540, 1765, 1896, 2274, 2654, 2736, 3820, 4595, 4711, 5402, 5861, 6807, 6812, 7331, 7791, 8165, 9024, 9711, 9828] (21)
[976, 1441, 1587, 1726, 3375, 3873, 4067, 4697, 4960, 5543, 5989, 6230, 6342, 6686, 6776, 7017, 7032, 7226, 7714, 8232, 9026, 9794] (22)
[45, 426, 2250, 2325, 3271, 3529, 3739, 4402, 4541, 4758, 5386, 5650, 6163, 7479, 7992, 9029, 9225] (17)
[25, 422, 756, 760, 1442, 2574, 2910, 4623, 5010, 5374, 5730, 6586, 8629, 8702, 8937, 9088, 9129] (17)
[885, 887, 1813, 1923, 2443, 2716, 2936, 3273, 4317, 4581, 4628, 4788, 5098, 5241, 5743, 6133, 6961, 7035, 7244, 7389, 7506, 7871, 7892, 8050, 8920, 8976, 9035, 9091, 9172, 9327, 9626, 9812] (32)
[227, 942, 1744, 1909, 2683, 4219, 4752, 4840, 6563, 7821, 8782, 9097, 9152, 9549, 9588, 9692] (16)
[345, 371, 3212, 4369, 4550, 4591, 4846, 4940, 6054, 6337, 6859, 7201, 8045, 8572, 9184] (15)
[16, 209, 592, 712, 1607, 1652, 2132, 2382, 2420, 3055, 3581, 4811, 6228, 6236, 6786, 6899, 7149, 7154, 8266, 8609, 8794, 9216] (22)
[287, 800, 984, 1315, 2493, 3339, 3466, 3475, 5644, 5659, 6436, 6951, 7456, 8527, 9217, 9490] (16)
[238, 912, 2079, 2820, 4474, 4866, 5024, 5029, 6032, 7462, 7573, 8386, 8564, 9101, 9223, 9280, 9411] (17)
[420, 830, 1056, 1096, 1954, 2088, 2969, 3366, 3622, 4565, 4634, 5270, 5456, 5537, 5969, 6090, 7295, 8402, 8650, 9287, 9611, 9741, 9910] (23)
[159, 2833, 3217, 3229, 3319, 4331, 4740, 4907, 5530, 5933, 6027, 7202, 7352, 8062, 8444, 8748, 9344] (17)
[697, 1886, 2322, 2412, 3395, 3467, 3872, 3931, 4428, 4819, 4988, 5854, 7170, 7778, 7888, 9050, 9345] (17)
[271, 648, 2726, 2937, 3183, 3187, 4144, 4342, 4361, 5387, 5807, 6153, 8180, 8187, 9348] (15)
[728, 758, 1218, 1490, 2004, 2010, 2877, 3188, 3263, 3549, 3727, 4178, 5912, 6233, 6514, 6634, 6681, 6955, 6980, 7236, 7681, 8212, 9073, 9205, 9408, 9831] (26)
[1505, 1703, 1995, 2374, 2380, 2656, 4212, 4618, 4936, 4961, 5196, 6538, 7285, 7618, 7797, 7946, 9410, 9755, 9797] (19)
[279, 467, 495, 959, 1141, 1518, 1735, 1969, 1977, 2540, 2906, 3765, 4020, 4059, 4278, 5222, 5479, 5860, 6014, 6078, 6475, 7487, 7885, 8377, 8828, 8929, 9392, 9465] (28)
[1180, 2063, 3451, 3865, 3880, 4142, 5770, 6061, 7314, 7319, 7428, 8097, 8185, 8209, 8630, 9472, 9654, 9796] (18)
[366, 373, 757, 1242, 1758, 2831, 2904, 4071, 4615, 5252, 5492, 5996, 6247, 6286, 6365, 6532, 7045, 7535, 8056, 8505, 8586, 9214, 9473] (23)
[696, 1343, 1566, 1674, 1696, 1762, 2438, 2553, 3325, 3391, 3576, 3582, 3748, 3949, 4117, 4485, 4488, 4516, 4753, 6773, 8336, 8570, 9474, 9876] (24)
[398, 784, 958, 979, 1048, 1543, 2188, 3479, 4638, 5380, 6934, 8201, 8612, 8722, 9537, 9640, 9647] (17)
[67, 1646, 1698, 2365, 2464, 3675, 3964, 5051, 5316, 5593, 6455, 8549, 8635, 9019, 9538, 9550, 9933] (17)
[262, 1063, 1372, 2305, 2999, 3236, 3499, 4353, 4648, 4755, 5509, 6425, 6689, 6737, 7246, 7571, 8255, 8470, 8656, 9600] (20)
[172, 335, 342, 455, 468, 617, 740, 978, 1592, 2355, 2375, 2489, 2593, 3625, 4771, 4944, 5289, 5564, 5757, 6344, 6870, 6977, 7074, 7258, 7459, 7593, 7853, 7872, 8009, 8256, 8382, 8870, 9329, 9394, 9601, 9763] (36)
[32, 111, 138, 177, 755, 2612, 3230, 3657, 3778, 4080, 4460, 5367, 6443, 6883, 7167, 7415, 8369, 8602, 9602] (19)
[154, 300, 802, 821, 1077, 1322, 1525, 2599, 2941, 3127, 3132, 5936, 6179, 7823, 8568, 9664] (16)
[332, 670, 702, 1849, 2659, 3655, 3785, 4953, 4967, 5247, 5467, 5555, 6096, 6113, 6524, 7157, 7264, 7489, 8288, 8889, 9015, 9197, 9478, 9665, 9914, 9942, 9970] (27)
[452, 827, 1396, 1752, 1878, 3166, 3344, 3670, 5351, 5451, 5705, 6206, 6874, 7288, 7886, 8046, 8319, 8874, 8916, 9666, 9808, 9826] (22)
[363, 1052, 1405, 2302, 2494, 3170, 3222, 3971, 5346, 5393, 6293, 6542, 7343, 7543, 8289, 9728] (16)
[122, 1000, 2033, 4167, 4660, 4857, 5939, 5979, 6608, 7070, 7522, 8172, 9167, 9300, 9729, 9869] (16)
[34, 612, 952, 1455, 2853, 2953, 3890, 4639, 5174, 5481, 5777, 6307, 6548, 7232, 9792] (15)
[176, 1883, 2229, 2544, 2856, 4273, 4426, 4713, 4964, 5301, 5924, 6329, 7363, 7520, 7622, 8106, 8168, 9793] (18)
[160, 1456, 1855, 1927, 2236, 2377, 2598, 2826, 3946, 4644, 6740, 6825, 7718, 8088, 9856] (15)
[41, 424, 862, 1452, 2786, 3556, 4001, 5237, 5560, 6127, 6625, 7056, 7082, 8191, 8422, 8466, 9118, 9857] (18)
[375, 909, 1170, 1285, 1291, 1293, 2195, 2441, 2606, 2719, 2973, 3487, 4058, 4320, 5127, 5497, 6264, 7811, 8499, 9853, 9859] (21)
[2389, 2518, 2535, 2845, 3415, 3695, 3782, 3940, 4192, 5071, 5600, 5832, 6381, 6616, 6854, 8808, 9234, 9844, 9860] (19)
[164, 877, 946, 1383, 1691, 1749, 1788, 1877, 2283, 4179, 4606, 4977, 5525, 5594, 6254, 6374, 6498, 6936, 6941, 8204, 8994, 9431, 9864] (23)
[418, 554, 669, 780, 838, 847, 886, 1743, 2070, 2234, 2498, 2501, 2650, 2959, 3327, 3489, 3496, 3658, 4146, 4764, 4793, 5172, 5277, 5345, 5395, 5858, 6217, 7103, 7350, 7447, 7696, 7798, 8099, 8155, 8186, 8217, 8271, 8366, 8428, 8697, 8936, 9055, 9261, 9486, 9533, 9867] (46)
[118, 488, 724, 807, 1393, 2034, 3004, 3761, 4011, 4220, 4386, 4680, 4795, 4856, 4963, 5267, 5663, 6085, 6104, 6376, 6489, 6629, 6816, 6886, 6991, 7104, 8043, 8113, 8390, 9173, 9381, 9403, 9581, 9674, 9870] (35)
[29, 269, 938, 2081, 3123, 4024, 4151, 4517, 5567, 6343, 6712, 7075, 7532, 7578, 9889] (15)
[139, 489, 931, 1873, 2767, 3373, 3462, 6420, 6995, 7188, 8282, 8426, 8585, 8638, 9102, 9984] (16)
[106, 1169, 1336, 2318, 2320, 3233, 5510, 5729, 5769, 6013, 6411, 6679, 7102, 7600, 8658, 9673, 9985] (17)
[104, 379, 1391, 2681, 2948, 6075, 6169, 6490, 7020, 7583, 8502, 8935, 8952, 9777, 9986] (15)
[682, 1662, 1719, 2277, 2899, 5210, 6391, 6482, 6763, 7354, 7359, 7557, 8524, 8954, 9987] (15)
[123, 399, 1125, 1323, 1785, 1791, 2748, 3043, 3307, 3974, 5297, 5472, 5518, 5788, 6295, 8599, 9254, 9398, 9583, 9988] (20)
