[1, 164, 357, 1639, 2283, 3084, 3189, 3237, 3550, 3719, 4577, 4878, 4971, 5373, 6190, 6539, 6774, 7667, 8842] (19)
[5, 104, 685, 919, 1236, 1345, 1484, 1518, 1760, 1905, 2115, 2154, 2222, 3325, 3453, 3825, 3874, 4379, 4444, 4565, 4680, 4929, 5019, 5482, 5654, 5682, 5690, 5805, 6170, 6173, 6307, 6311, 6487, 6610, 6673, 6697, 6800, 7383, 7841, 7848, 7990, 8131, 8366, 8473, 8611, 8763, 8979, 9248, 9323, 9712, 9716] (51)
[6, 470, 981, 1777, 2386, 2426, 2447, 3752, 4758, 5015, 5722, 6226, 7390, 7412, 7904, 8346, 8790, 9066] (18)
[12, 497, 1061, 1196, 1234, 1256, 1478, 1853, 2608, 2753, 3130, 3303, 3503, 3772, 4222, 4271, 4275, 4328, 4396, 4649, 5242, 6126, 6361, 7143, 7206, 7397, 7638, 8481, 8526, 8745, 8782, 9022, 9391, 9925] (34)
[64, 204, 514, 1147, 1150, 1259, 2410, 2789, 4415, 7700, 7899, 8169, 8262, 8663, 9427] (15)
[65, 953, 1829, 2602, 2604, 2711, 4813, 4917, 5060, 5426, 5701, 7372, 7852, 8748, 9960] (15)
[68, 405, 418, 419, 2399, 4258, 4369, 4759, 4880, 5009, 5401, 7836, 8490, 8789, 8976, 9101, 9447, 9534] (18)
[70, 2870, 3220, 3428, 4661, 4703, 5310, 5615, 7478, 7544, 7910, 8209, 8622, 9383, 9450, 9979] (16)
[89, 371, 2254, 2521, 3341, 4112, 4515, 6475, 6788, 7755, 8157, 8532, 8670, 8818, 9363] (15)
[128, 334, 391, 689, 1029, 1139, 1595, 1775, 2153, 2417, 3573, 3667, 4195, 4570, 4700, 4809, 5724, 5861, 6038, 7675, 8301, 8395, 8517, 8830, 9269, 9585, 9608, 9667, 9821] (29)
[129, 238, 252, 800, 818, 1085, 1204, 2979, 3980, 4676, 4939, 5156, 6149, 6285, 6789, 7012, 7309, 7825, 8087, 8352, 8948, 9286] (22)
[131, 1223, 2095, 2400, 2523, 2575, 2588, 5081, 6979, 7120, 7419, 7513, 8133, 8319, 9033, 9165, 9321] (17)
[132, 1279, 1779, 2208, 2471, 3078, 3206, 4113, 4523, 4642, 5264, 5745, 5893, 6663, 7049, 7687, 7693, 7835, 8560, 9461] (20)
[135, 140, 754, 931, 1645, 1752, 2288, 2339, 3218, 4769, 5499, 6123, 6494, 6955, 7631, 9431, 9486] (17)
[193, 1762, 1897, 2024, 2455, 2737, 2851, 2920, 4255, 4893, 5144, 5241, 6185, 6289, 6303, 6731, 7414, 8083, 9336] (19)
[226, 1146, 2420, 2605, 3315, 3418, 4046, 4063, 4202, 5292, 7005, 7346, 7519, 7887, 8868] (15)
[256, 1132, 1908, 1978, 2000, 2121, 4068, 4493, 5201, 5759, 5960, 6586, 9048, 9505, 9852] (15)
[258, 572, 682, 751, 809, 811, 869, 980, 983, 2477, 2499, 2545, 2798, 3138, 3247, 3317, 3631, 3653, 4073, 4833, 4936, 5058, 5732, 5839, 6341, 7091, 7247, 7585, 8236, 8266, 8416, 8505, 8651, 8876, 8951, 9151] (36)
[271, 320, 1364, 2990, 3605, 4238, 4488, 4916, 5136, 5165, 5934, 6162, 6411, 7204, 7312, 8470, 8742, 9176, 9857] (19)
[321, 813, 834, 1589, 2888, 3437, 3755, 3838, 4521, 5134, 5206, 5300, 6836, 7311, 8196, 9439] (16)
[8, 51, 384, 731, 903, 961, 1479, 2056, 6081, 6370, 6584, 6983, 8141, 8271, 9687] (15)
[73, 385, 1211, 1788, 1953, 2393, 3168, 4659, 5193, 5274, 5640, 5787, 6343, 6461, 6577, 6942, 7601, 8179, 8691, 9617] (20)
[387, 396, 2414, 3178, 3352, 3642, 4141, 4490, 5073, 6156, 6765, 7400, 7790, 8183, 8829] (15)
[388, 956, 1209, 1288, 1583, 1676, 1903, 2358, 3664, 3889, 4182, 5749, 6318, 8965, 9045, 9605] (16)
[389, 2201, 3377, 3622, 4022, 4390, 4648, 5135, 5803, 6999, 7181, 7249, 7315, 7576, 7710, 8475, 8795, 8970, 9566, 9655] (20)
[33, 42, 45, 244, 390, 713, 822, 2229, 3467, 3729, 4108, 4529, 4772, 6053, 6808, 7482, 7972, 8318, 8327, 8632, 8722, 9123, 9274, 9626, 9845, 9910] (26)
[53, 86, 448, 551, 1443, 1868, 2262, 3002, 3051, 4421, 4432, 4662, 5497, 5959, 5970, 6737, 6961, 7163, 8928, 9135, 9202, 9633, 9956, 9957] (24)
[449, 716, 1327, 1477, 2636, 3645, 4822, 5866, 5904, 6051, 6224, 6338, 6354, 6721, 7504, 9164, 9721] (17)
[326, 452, 1520, 1894, 2682, 3319, 3412, 3934, 4159, 5404, 5845, 8012, 8777, 9547, 9862] (15)
[454, 615, 627, 857, 1686, 1800, 3280, 3665, 5588, 7125, 8393, 8553, 9276, 9298, 9836] (15)
[480, 1003, 1294, 2747, 3217, 3963, 4568, 5341, 5867, 6012, 6967, 7402, 8171, 8796, 8947] (15)
[277, 515, 934, 1330, 1356, 1569, 1871, 2252, 3219, 4839, 4855, 5097, 5268, 5406, 6231, 7661, 8667] (17)
[352, 576, 858, 1041, 3262, 3422, 3765, 5111, 5213, 5402, 5767, 6463, 6474, 6609, 8182, 8190, 8791, 9001, 9345, 9613] (20)
[324, 578, 584, 2232, 2501, 5063, 5197, 5262, 6267, 6503, 6591, 6969, 7014, 7031, 9552] (15)
[600, 640, 1095, 2633, 2760, 2876, 3016, 4081, 4804, 6717, 7043, 8164, 8719, 9179, 9416, 9739] (16)
[26, 642, 870, 2161, 2281, 2754, 2768, 3004, 3097, 3301, 4790, 5332, 5935, 6357, 6834, 6863, 7118, 8221, 8344, 8420, 9444, 9476] (22)
[643, 1250, 2409, 3040, 3207, 3575, 3866, 4093, 5278, 5460, 6366, 6432, 7251, 8215, 9426, 9700, 9761] (17)
[638, 647, 1377, 2012, 2759, 2875, 3592, 4487, 5219, 5774, 6312, 6319, 6753, 7440, 8051, 8086, 8848, 8973, 9871, 9935] (20)
[660, 3068, 3312, 3959, 4286, 4345, 4519, 5489, 5742, 5982, 5999, 6129, 6372, 7146, 7421, 7452, 7588, 8678, 9183] (19)
[153, 401, 705, 1451, 2592, 3105, 3511, 3710, 3711, 4058, 4753, 4780, 5434, 5668, 5993, 6176, 6727, 8104, 8414, 9318, 9395, 9710] (22)
[708, 1438, 1739, 2285, 3027, 4014, 4311, 4469, 4920, 5337, 5874, 6513, 6845, 6966, 7079, 7634, 8252, 8685, 9004] (19)
[737, 2089, 3895, 4402, 4414, 5308, 5607, 5686, 6756, 6833, 6956, 7375, 7475, 9779, 9948] (15)
[88, 762, 1574, 2133, 2554, 2860, 3007, 3117, 4178, 4240, 5785, 6928, 7580, 7729, 9670] (15)
[85, 768, 1601, 1768, 3092, 3172, 3265, 3389, 4089, 4303, 5958, 7062, 7235, 7543, 7702, 7875, 8702, 9283, 9309, 9411, 9549, 9763, 9815, 9921] (24)
[620, 769, 839, 1043, 1552, 1803, 3079, 4954, 5792, 6415, 6949, 7021, 8047, 8204, 8233, 9084, 9370, 9964] (18)
[770, 1633, 2224, 3551, 3848, 4351, 4492, 4615, 6926, 7443, 7476, 7722, 8250, 8723, 9292, 9737, 9745, 9752] (18)
[374, 517, 832, 1017, 1160, 1261, 2377, 2669, 3741, 3843, 4310, 4846, 5919, 6900, 7145, 7338, 8024] (17)
[212, 345, 661, 744, 838, 2065, 2666, 2697, 3545, 3792, 4103, 5477, 5583, 8881, 9062, 9206] (16)
[154, 524, 896, 1221, 1349, 1604, 2060, 2322, 2513, 2862, 3015, 4428, 4617, 5267, 5329, 5345, 7213, 7565, 8201, 8302, 8342, 8826, 9213, 9307, 9688] (25)
[120, 897, 1266, 1338, 1660, 1797, 1911, 2270, 2341, 3046, 3229, 4071, 4528, 4666, 5022, 5389, 5851, 5984, 6773, 6778, 7450, 7642, 8924, 8972, 9106, 9375, 9653] (27)
[898, 1870, 2062, 2326, 3171, 3638, 3795, 4171, 5077, 5130, 6297, 7888, 7890, 8138, 9058, 9940] (16)
[901, 912, 2520, 2694, 3410, 4989, 5626, 5734, 6220, 6715, 7241, 7889, 8010, 8487, 9555] (15)
[382, 913, 929, 1807, 2091, 2644, 3058, 3221, 4248, 5773, 6451, 7566, 8689, 8986, 9145] (15)
[102, 960, 1608, 2772, 3950, 4069, 4588, 5559, 5689, 5973, 5981, 7633, 7644, 8163, 8191] (15)
[28, 720, 968, 1214, 1456, 2162, 2401, 2800, 2938, 2977, 3212, 3555, 4377, 4425, 4571, 5457, 5466, 5560, 6094, 6652, 6884, 7485, 7933, 9197] (24)
[610, 1019, 1682, 1685, 1835, 2191, 3192, 3433, 4283, 4754, 5002, 5222, 5275, 5331, 5942, 6049, 6153, 6294, 6522, 6741, 6892, 7509, 7658, 9003] (24)
[1024, 1105, 1353, 1383, 2040, 3170, 3671, 5643, 6296, 7488, 7615, 7810, 7896, 8649, 8935, 9678, 9814, 9946] (18)
[386, 1025, 1804, 3478, 3518, 4620, 5316, 5683, 5909, 6026, 6344, 6433, 7173, 8452, 8494, 8727, 9143, 9244, 9418, 9629] (20)
[490, 573, 1026, 1833, 2019, 3082, 3161, 3443, 3646, 3898, 5630, 7408, 8443, 9047, 9475] (15)
[295, 567, 862, 1091, 1832, 1844, 4582, 5801, 5980, 6746, 6889, 7108, 7532, 8810, 9075] (15)
[918, 1093, 1141, 2190, 2383, 2535, 2961, 3309, 4478, 5204, 7438, 8533, 8925, 9174, 9587, 9765] (16)
[281, 939, 994, 1094, 1126, 1689, 2457, 2858, 2969, 3101, 5169, 5579, 7219, 8160, 8739, 9389, 9945] (17)
[474, 958, 1088, 1151, 1531, 1662, 1769, 1874, 1907, 3523, 3532, 3930, 4154, 4979, 5119, 5859, 6074, 7030, 7157, 7851, 8111, 8519, 8561, 8621, 8646, 9193, 9449, 9528, 9701, 9722, 9777, 9906] (32)
[11, 24, 1152, 2294, 2587, 2872, 3063, 3486, 3609, 4247, 5122, 5648, 6144, 6540, 6562, 7180, 7185, 8235, 8362, 8604, 9597] (21)
[560, 837, 865, 1065, 1068, 1153, 2235, 3528, 4933, 5699, 6105, 6508, 7102, 8680, 9166, 9329] (16)
[1154, 1509, 3366, 4561, 4584, 4867, 5133, 5444, 5476, 6523, 6670, 6747, 7141, 9284, 9978] (15)
[540, 1155, 1285, 2213, 2565, 2566, 2699, 2971, 3088, 3973, 5051, 5467, 5620, 5725, 7053, 7469, 8391, 9493, 9503, 9612] (20)
[318, 1217, 1423, 1525, 2543, 2581, 3885, 4000, 5069, 5107, 6631, 6686, 6925, 6936, 7752, 8434, 8703, 8846, 9575] (19)
[1226, 1772, 2424, 2643, 2650, 2807, 2908, 3383, 4189, 4197, 4797, 4921, 5140, 5261, 5627, 5837, 6377, 7807, 7960, 8552, 8890, 9049, 9885] (23)
[99, 1200, 1280, 1919, 1998, 2504, 2896, 3191, 3687, 4946, 5442, 5695, 5800, 5883, 7137, 8556, 8899] (17)
[304, 773, 801, 1187, 1281, 1842, 2864, 2959, 3537, 4251, 4539, 4918, 4925, 7434, 7681, 8253, 9396, 9893] (18)
[165, 166, 408, 1157, 1220, 1282, 1603, 1952, 3474, 3852, 4104, 4618, 4874, 5495, 5508, 7029, 7422, 7724, 7895, 8084, 9007, 9480] (22)
[184, 282, 542, 1010, 1305, 2343, 2846, 3104, 4201, 4220, 4926, 5230, 5240, 5293, 6826, 8548, 8808, 8930] (18)
[174, 230, 1316, 1529, 1580, 1642, 1893, 3782, 5095, 5360, 6199, 6515, 6998, 7518, 9339] (15)
[253, 851, 962, 1062, 1344, 2242, 2912, 4290, 6246, 6310, 6867, 7473, 7866, 7868, 8029, 9175, 9704] (17)
[564, 676, 808, 824, 1346, 1880, 2020, 2258, 4394, 4518, 4826, 5692, 5812, 5943, 7512, 8570, 8773, 9696, 9775, 9952] (20)
[703, 1347, 2116, 3745, 4842, 4857, 4941, 5536, 5978, 7717, 7789, 7892, 7893, 8040, 8286, 8338, 8525, 8527, 8918, 9109, 9685] (21)
[208, 1348, 1416, 2721, 3241, 3529, 3940, 4342, 4601, 5399, 5595, 5830, 6013, 6134, 7970, 8267, 8612, 9233, 9682] (19)
[1408, 2590, 2626, 3331, 3966, 4850, 5359, 5807, 6223, 7065, 7318, 7845, 8090, 8698, 9223, 9360] (16)
[241, 279, 1472, 1591, 1965, 1988, 3094, 3818, 3879, 4090, 4537, 4655, 4883, 5545, 5619, 5703, 5735, 6458, 7542, 7863, 7869, 7905, 8154, 9660, 9727, 9780] (26)
[1071, 1210, 1473, 1723, 2013, 2286, 3246, 3469, 4646, 4719, 5037, 5368, 5509, 5802, 6237, 6667, 7355, 7405, 8011, 9364, 9425, 9434] (22)
[199, 752, 884, 1475, 2017, 2111, 3916, 4036, 4172, 4264, 4725, 5398, 5810, 5831, 6031, 6037, 6174, 6249, 6802, 6987, 7690, 9799] (22)
[657, 1174, 1208, 1496, 2539, 2993, 3893, 5145, 5813, 6007, 6417, 8020, 8270, 9116, 9303] (15)
[812, 1034, 1430, 1527, 1679, 3314, 3477, 3604, 3731, 4278, 4420, 4852, 5431, 7162, 7821, 9706] (16)
[1101, 1453, 1470, 1536, 1670, 2425, 3365, 3450, 3500, 4109, 5054, 6839, 7814, 8098, 8172, 9074, 9962] (17)
[668, 1538, 1970, 2310, 3871, 4114, 4177, 4229, 5129, 5796, 5806, 6914, 6953, 7071, 7299, 8359, 8523, 8603, 8724, 8743, 9917] (21)
[215, 601, 607, 976, 1539, 3680, 4077, 4350, 4750, 5026, 5086, 5375, 5841, 6239, 6526, 8539, 8824, 9560] (18)
[500, 709, 828, 1540, 2935, 3036, 3080, 3919, 5207, 5234, 6300, 6473, 7015, 7955, 8421, 9947] (16)
[1546, 1708, 1914, 2038, 2984, 3294, 4299, 4958, 5202, 5920, 6552, 7528, 8412, 8919, 9703, 9932] (16)
[296, 669, 804, 1425, 1522, 1553, 1555, 2078, 2214, 2469, 2814, 2967, 3240, 3244, 3346, 3353, 3417, 3865, 4277, 4381, 4587, 5178, 5276, 5540, 5818, 6295, 6683, 6995, 7028, 7337, 7342, 7507, 8465, 8633, 9676] (35)
[32, 634, 878, 1177, 1238, 1600, 1939, 2168, 2519, 2678, 2781, 3976, 4709, 4869, 5239, 5473, 5696, 5906, 6096, 6529, 6684, 6881, 7075, 9809, 9816] (25)
[92, 314, 1222, 1605, 2246, 3049, 3324, 4552, 4983, 5078, 5154, 6242, 6629, 7250, 7396, 7625, 7898, 8370, 8379, 9287, 9741] (21)
[375, 485, 764, 827, 1612, 2263, 3839, 3948, 4031, 4050, 4400, 4558, 4778, 5271, 5465, 7474, 7791, 8509, 9065] (19)
[548, 1073, 1275, 1664, 1761, 2027, 2306, 2460, 2623, 3967, 5220, 5938, 7330, 7521, 7872, 8607, 8801, 8931, 9091, 9830] (20)
[19, 407, 417, 520, 527, 777, 1156, 1176, 1599, 1665, 2058, 2508, 2717, 2857, 6583, 6678, 8449, 9347, 9801] (19)
[149, 667, 792, 1108, 1666, 2735, 3364, 4001, 4363, 5283, 5388, 6277, 7073, 7442, 7508, 9413, 9900] (17)
[16, 260, 510, 1524, 1567, 1696, 2345, 3271, 3408, 3502, 4628, 7455, 8229, 8275, 9260] (15)
[997, 1079, 1697, 2094, 2812, 2987, 4442, 4815, 7002, 8558, 8673, 8805, 9173, 9337, 9456] (15)
[156, 255, 1006, 1367, 1449, 1641, 1728, 3131, 4749, 5266, 5413, 7401, 7957, 8650, 8731, 9081, 9736, 9772] (18)
[30, 1729, 2260, 4124, 4354, 4823, 4965, 6058, 6546, 6581, 6859, 7356, 7374, 8644, 8958, 9977] (16)
[690, 1448, 1792, 2635, 3259, 3384, 3856, 4037, 4361, 4882, 5825, 5910, 6549, 6793, 7229, 7459, 8598, 8843, 8995, 9215] (20)
[1257, 1793, 2317, 3060, 3334, 3424, 4334, 5306, 6847, 7381, 7746, 8006, 8139, 9187, 9231, 9404] (16)
[9, 365, 841, 1794, 3021, 3310, 5043, 5311, 5346, 5429, 5815, 6073, 6154, 7388, 8444, 8655, 8885, 8898, 9138, 9723] (20)
[425, 1798, 2292, 2297, 3441, 4844, 4974, 5011, 5245, 5985, 6371, 6693, 6694, 7515, 7674, 8162, 9325] (17)
[62, 350, 1856, 2030, 2256, 2569, 2945, 3957, 4005, 4344, 4451, 4987, 7082, 8306, 8625, 9420] (16)
[366, 523, 529, 1378, 1922, 2795, 2861, 2976, 3308, 3597, 4003, 4176, 5177, 6563, 6630, 7284, 9133, 9509] (18)
[1924, 2029, 2203, 3257, 3608, 3983, 5125, 5769, 5976, 6571, 6575, 6671, 7769, 8394, 8469, 8609, 9243, 9652, 9991] (19)
[530, 1925, 2086, 2366, 2770, 3289, 6213, 7295, 7404, 7856, 8199, 8308, 8432, 8605, 9113, 9222, 9592, 9895] (18)
[641, 971, 1080, 1235, 1245, 1984, 2526, 3125, 3773, 4424, 4678, 5203, 5323, 7490, 7545, 8462] (16)
[1357, 1986, 2070, 2206, 2215, 3370, 4139, 5008, 5411, 6008, 6691, 6988, 7175, 7587, 8627, 9436] (16)
[214, 1084, 1987, 1995, 2014, 2104, 2144, 2147, 4470, 4550, 4690, 4927, 5157, 5371, 7316, 8823, 8871, 9071] (18)
[928, 1983, 1989, 2216, 2231, 2922, 4455, 4495, 5676, 5713, 7123, 8144, 8844, 9576, 9598, 9606, 9872] (17)
[739, 1513, 1695, 1746, 1991, 2767, 3482, 3753, 4242, 5520, 6010, 6766, 7692, 7732, 7945, 8911] (16)
[735, 845, 852, 1692, 2048, 2594, 2981, 4865, 6217, 6434, 7770, 8200, 8640, 9115, 9781] (15)
[609, 1391, 1755, 2049, 3099, 4167, 4347, 5071, 5967, 6218, 6782, 6869, 7081, 7727, 8387] (15)
[355, 496, 1514, 2051, 3305, 4500, 4794, 4902, 5642, 7144, 7222, 7282, 8214, 8572, 8811] (15)
[944, 1241, 1382, 1594, 1808, 1810, 2059, 2727, 2965, 3126, 5209, 5529, 5551, 6032, 6122, 6359, 6439, 6713, 7078, 7253, 7956, 8093, 8158, 8363, 8674, 8760, 8993, 9121, 9299, 9430, 9679, 9806, 9902] (33)
[40, 694, 786, 883, 888, 1955, 1996, 2080, 2572, 3356, 5645, 6063, 6131, 7331, 8839] (15)
[406, 577, 707, 1544, 1638, 2001, 2112, 2362, 2769, 3019, 4198, 4553, 5325, 5407, 6455, 6771, 7555, 7641, 7768, 8056, 8471, 9580, 9627, 9807, 9877, 9968] (26)
[595, 664, 680, 1568, 1864, 2113, 2234, 3431, 3483, 4039, 4681, 4684, 5194, 5419, 5468, 5594, 6061, 6305, 7200, 7457, 7573, 8859, 9220] (23)
[14, 434, 1031, 1290, 1964, 2174, 2176, 2517, 3173, 3857, 4143, 4877, 4984, 5250, 5479, 5780, 6178, 6498, 6786, 6822, 7176, 7277, 7671, 7865, 7902, 8347, 8485, 8547, 9149, 9212, 9354, 9827, 9850] (33)
[422, 1050, 1066, 1074, 2177, 2464, 2708, 3400, 3735, 3827, 5955, 6520, 6779, 7195, 8208, 8664, 9504, 9647] (18)
[167, 558, 629, 1195, 1415, 1570, 2178, 2960, 3195, 5770, 6177, 6547, 7179, 8314, 8780, 9355, 9916] (17)
[486, 932, 1400, 2181, 2333, 2546, 3118, 4348, 6006, 6281, 7007, 7394, 7982, 8926, 9385, 9944] (16)
[398, 539, 2182, 2218, 2603, 2826, 4486, 4876, 6048, 7047, 7591, 7827, 8279, 9080, 9479, 9758, 9990] (17)
[1370, 1380, 1738, 1857, 2189, 2555, 2660, 2751, 2773, 3071, 3153, 3190, 3266, 3907, 4142, 4203, 4213, 4698, 5055, 5075, 5184, 5231, 5580, 5824, 7673, 7776, 8115, 8417, 8628, 8779, 9207, 9680, 9942] (33)
[658, 1705, 2240, 2475, 5287, 5309, 5768, 5964, 6917, 7946, 8277, 8322, 8792, 9457, 9813] (15)
[964, 1637, 2241, 2489, 3764, 5418, 6854, 7088, 7590, 7662, 7743, 8129, 9076, 9522, 9924] (15)
[619, 889, 1884, 2245, 2655, 3531, 4388, 4593, 6350, 6755, 6871, 6918, 7679, 8932, 9008, 9180] (16)
[79, 300, 553, 947, 1135, 1324, 1405, 1566, 1744, 1872, 1938, 1960, 1980, 2079, 2304, 2615, 3382, 3514, 3829, 3931, 3939, 4474, 4654, 4775, 4819, 5032, 5439, 5470, 5574, 5674, 5926, 6478, 6578, 7223, 7491, 7964, 7996, 8551, 8696, 8998, 9082, 9487, 9499, 9550, 9584] (45)
[261, 1581, 2279, 2305, 2952, 5374, 5450, 5743, 6442, 6627, 6831, 7305, 7444, 7574, 8600, 8683] (16)
[198, 2307, 2436, 3635, 3945, 4049, 4781, 6067, 6404, 7182, 7208, 8092, 8107, 8428, 8967, 9343, 9863] (17)
[894, 1444, 1640, 2308, 2837, 4647, 5162, 5673, 6004, 7158, 8027, 8540, 8798, 9002, 9654] (15)
[779, 1016, 1131, 2311, 2665, 3734, 4041, 4192, 4848, 4898, 5730, 6005, 6125, 6930, 9117, 9312, 9314, 9442, 9500, 9533] (20)
[554, 580, 1457, 1547, 1838, 2251, 2313, 2871, 3014, 3287, 3374, 3520, 3899, 3933, 4329, 4403, 4863, 5085, 5364, 5849, 6492, 6501, 6846, 7360, 7767, 7779, 8031, 8050, 8498, 8623, 9019, 9520] (32)
[521, 2085, 2368, 2840, 3579, 3701, 3713, 3882, 4872, 4907, 5526, 6188, 7468, 8340, 9092, 9994] (16)
[302, 803, 1317, 1678, 2063, 2369, 2462, 2573, 3157, 4385, 5577, 6569, 7121, 7953, 9118, 9264, 9538, 9756, 9891] (19)
[80, 1175, 2375, 2874, 2970, 3736, 4181, 4260, 4875, 5036, 5053, 6287, 6648, 6997, 7560, 8075, 8159, 9384, 9510, 9790] (20)
[191, 652, 1431, 1923, 2110, 2157, 2432, 3381, 3612, 4121, 4362, 5100, 6414, 7429, 7871, 8106, 8185, 8563, 9158] (19)
[97, 308, 787, 793, 926, 1057, 1059, 1554, 2186, 2440, 2957, 2996, 3213, 3369, 3901, 3991, 5042, 5281, 7838, 8097, 8477, 8861, 9358] (23)
[10, 262, 503, 2220, 2496, 3211, 3923, 4259, 4392, 4563, 5010, 5513, 6269, 7952, 8197, 9406] (16)
[158, 830, 836, 1684, 2196, 2500, 2839, 3985, 4200, 4252, 4512, 4633, 5233, 5646, 5814, 6069, 7319, 7985, 8251, 8740, 8990] (21)
[531, 1388, 1671, 1801, 2445, 2560, 2703, 2919, 2940, 4219, 4237, 4910, 6798, 7680, 7958, 8065, 8173, 8480] (18)
[237, 491, 606, 1462, 1977, 2143, 2373, 2561, 2610, 2740, 2905, 3566, 4450, 4943, 5137, 6201, 6495, 8013, 8639, 8733, 9798] (21)
[429, 650, 797, 1145, 1533, 2387, 2562, 3057, 3789, 4292, 4634, 5035, 5747, 6514, 7728, 8459, 9095, 9459, 9497, 9993] (20)
[180, 231, 1081, 1090, 1251, 1597, 1647, 1855, 1958, 2088, 2567, 2827, 2831, 2963, 3042, 3479, 3830, 3924, 4393, 4668, 4670, 4861, 5083, 5226, 5336, 5356, 5608, 5790, 5822, 5956, 6024, 6027, 6440, 7083, 7279, 7456, 7672, 7762, 7995, 8096, 8257, 8489, 8660, 8781, 8988, 9267, 9272, 9513, 9609, 9665, 9840] (51)
[292, 589, 1092, 1446, 1469, 1690, 1831, 2243, 2289, 2346, 2497, 2570, 2745, 2849, 2895, 2989, 3914, 3928, 3996, 4002, 4080, 4160, 4375, 4776, 4849, 5159, 5527, 6347, 7830, 7911, 7926, 8504, 8569, 8668, 8891, 8900, 8989, 9168, 9214] (39)
[182, 970, 1058, 1076, 1291, 1542, 2627, 3372, 3858, 3868, 3869, 4744, 4774, 5535, 6286, 6810, 6920, 8715, 9241, 9401] (20)
[552, 621, 1244, 1982, 2442, 2628, 3089, 3114, 4693, 5823, 7339, 7696, 8665, 8762, 9484, 9757, 9908] (17)
[108, 291, 392, 1634, 2419, 2540, 2583, 2618, 2629, 3965, 4658, 4757, 5639, 5766, 6828, 6939, 7640, 8207, 9208, 9236, 9582] (21)
[920, 987, 1098, 2684, 2842, 3091, 3198, 5084, 5395, 5671, 6198, 7317, 7522, 8486, 9017] (15)
[2688, 3039, 3160, 3964, 4056, 5965, 6250, 6360, 6384, 6416, 7131, 7686, 8151, 9114, 9849] (15)
[195, 1381, 1959, 2046, 2564, 2689, 2929, 2946, 3367, 4501, 4895, 5486, 6028, 6792, 6888, 7063, 8206, 8430, 8893] (19)
[416, 637, 963, 1812, 1944, 2691, 2724, 3733, 5126, 6055, 6062, 6682, 6899, 7263, 7664, 7942, 7979, 9897] (18)
[1242, 1632, 1767, 1817, 2209, 2433, 2525, 2752, 2884, 3546, 5604, 6556, 6604, 6763, 6951, 7530, 9848] (17)
[206, 311, 998, 2755, 2783, 3472, 4326, 4465, 4765, 4814, 6002, 6470, 7334, 8418, 8659, 9705] (16)
[305, 443, 488, 1909, 2291, 2531, 2645, 2695, 2756, 3425, 4133, 4525, 4969, 5863, 6760, 8422, 8453] (17)
[933, 1056, 1414, 1675, 2816, 3087, 4095, 5251, 5289, 5512, 5691, 5775, 5968, 6544, 7619, 9861] (16)
[115, 119, 2034, 2142, 2172, 2529, 2744, 2819, 4193, 4831, 5887, 6485, 6806, 7286, 7333, 8329, 8827, 9380] (18)
[511, 1340, 2129, 2365, 2748, 2820, 5334, 5720, 5884, 6349, 6398, 6866, 8009, 8014, 8461, 9855] (16)
[36, 465, 546, 674, 798, 814, 922, 1166, 1289, 2074, 2337, 2700, 2715, 2822, 2823, 3407, 3751, 4123, 5142, 6421, 9170, 9398] (22)
[541, 626, 923, 2843, 4625, 4770, 5115, 5543, 6405, 7688, 7694, 7792, 8981, 9531, 9718] (15)
[190, 332, 476, 624, 791, 872, 1707, 2537, 2880, 3044, 3065, 3154, 3526, 3658, 4009, 4231, 5776, 6348, 6419, 7010, 7013, 7668, 7677, 8388, 9034, 9060, 9077, 9766] (28)
[175, 835, 2007, 2461, 2509, 2882, 3031, 3269, 4785, 5911, 6039, 6180, 8232, 8234, 8268, 9242] (16)
[484, 1494, 1535, 2883, 3275, 4023, 4977, 6225, 6638, 7165, 7280, 7497, 7740, 8439, 8887, 9198] (16)
[313, 1756, 2662, 2937, 3394, 3823, 4643, 6861, 6958, 7351, 7711, 8749, 9128, 9909, 9982] (15)
[807, 2173, 2330, 2838, 2944, 3420, 3565, 3927, 4017, 4576, 5503, 5519, 6472, 6521, 7332, 8140] (16)
[287, 1142, 1948, 2164, 2716, 2728, 2950, 3348, 4888, 6059, 6151, 6452, 6934, 7039, 8339, 8980, 9841] (17)
[41, 159, 1077, 1476, 1918, 3008, 3054, 3227, 3285, 3699, 4387, 4812, 4818, 5596, 5953, 5961, 6078, 6832, 7159, 7629, 7670, 7858, 7860, 8508, 9209, 9489] (26)
[458, 740, 759, 789, 3009, 3034, 3283, 3870, 4293, 4445, 4741, 6128, 6430, 7256, 7583, 7772, 7801, 9811] (18)
[20, 959, 1822, 2502, 2973, 3003, 3010, 3145, 3349, 3956, 4166, 4315, 5007, 5333, 7274, 7620, 7876, 8637, 8693, 9353, 9767] (21)
[1194, 3011, 4366, 4858, 5163, 5164, 5435, 5945, 6206, 6346, 6572, 6725, 7304, 8377, 8567, 9393] (16)
[44, 545, 692, 725, 950, 1361, 1827, 1967, 1969, 3012, 3536, 4054, 4938, 5424, 5746, 7420, 7460, 8955] (18)
[306, 356, 1961, 2505, 2793, 3041, 3790, 5029, 6375, 6941, 7101, 7622, 8364, 9161, 9784] (15)
[1534, 1771, 2480, 3072, 3106, 3708, 3978, 4630, 4868, 6135, 6511, 7908, 7981, 8326, 8484, 8677, 8985, 9443] (18)
[333, 726, 1332, 1341, 1615, 3073, 3600, 3876, 5143, 6538, 7406, 7733, 8116, 9171, 9203] (15)
[228, 557, 1040, 1125, 1493, 1548, 1889, 2137, 2192, 3075, 3231, 3440, 3676, 4019, 4517, 4702, 5096, 6413, 6497, 6626, 7310, 7963, 8574, 9390] (24)
[1103, 1336, 2026, 2796, 3076, 3397, 3613, 3628, 4636, 5772, 6480, 6703, 8281, 8695, 9230] (15)
[2453, 2903, 3077, 4297, 4567, 5064, 5610, 6042, 6043, 6420, 7074, 7462, 7499, 7980, 8102, 9255] (16)
[957, 1510, 1549, 2668, 3083, 3639, 4012, 4653, 5068, 5087, 5396, 6234, 6449, 7665, 8333, 9005, 9087] (17)
[188, 1039, 1329, 1758, 2340, 2625, 3000, 3136, 3788, 4161, 4312, 4463, 5291, 5857, 6317, 6373, 6573, 6754, 7230, 7392, 7656, 8260, 8278, 8431, 8438, 8631, 8752, 9258, 9448, 9512, 9671] (31)
[170, 218, 428, 1015, 1169, 2312, 2663, 3137, 3401, 4909, 6119, 6345, 8895, 9124, 9186, 9823] (16)
[38, 348, 2198, 3200, 3990, 5091, 5417, 6147, 6195, 6260, 6701, 7139, 8001, 8978, 9090, 9297, 9864] (17)
[63, 148, 249, 635, 2507, 3111, 3202, 4040, 4612, 5236, 5259, 8597, 8920, 9027, 9541, 9839] (16)
[121, 1442, 1990, 2076, 3102, 3204, 3758, 3770, 3850, 3851, 5153, 5534, 5665, 5752, 6325, 6543, 6712, 6783, 7009, 7954] (20)
[316, 696, 816, 1072, 1225, 1622, 1742, 2856, 3182, 3214, 3253, 3943, 4025, 4437, 5040, 5832, 6133, 6856, 6903, 6970, 6985, 7186, 7357, 7376, 7471, 7493, 7676, 8127, 8624, 9266, 9270, 9464, 9530] (33)
[298, 415, 1299, 1577, 1968, 2674, 2859, 2983, 3264, 3471, 4534, 5744, 5879, 5908, 6431, 6791, 7706, 8193, 8343, 9204] (20)
[495, 586, 588, 806, 1265, 1429, 3267, 4006, 4126, 5016, 5902, 6695, 7259, 7526, 7568, 7735] (16)
[72, 1165, 1617, 1877, 2376, 2630, 3295, 3582, 6003, 6601, 6643, 7359, 7739, 7784, 9328] (15)
[1699, 3119, 3203, 3223, 3297, 3739, 4514, 5272, 5820, 6040, 6104, 7326, 7719, 8497, 8856] (15)
[75, 1021, 1468, 1543, 1976, 2357, 3321, 3411, 3481, 3910, 4020, 4266, 4397, 4510, 4589, 4619, 5599, 5939, 6124, 6139, 6329, 7086, 7160, 7535, 7602, 7737, 8165, 8168, 9414, 9690] (30)
[111, 1033, 1466, 1881, 2324, 3328, 3569, 3690, 3902, 4055, 4336, 5568, 5578, 5641, 5712, 5886, 5986, 6140, 6531, 6702, 7169, 7270, 7666, 7777, 8240, 8503, 9142, 9822] (28)
[1886, 2103, 2217, 3329, 3955, 4327, 4481, 4722, 6211, 6402, 6488, 6590, 7352, 8094, 8147, 8521, 9063] (17)
[31, 1028, 2527, 3197, 3330, 3466, 4966, 4973, 5623, 6555, 6708, 8502, 8590, 9130, 9879] (15)
[673, 802, 905, 1342, 1954, 3392, 3557, 3860, 4509, 4574, 6041, 6698, 7112, 8501, 9120, 9226] (16)
[1379, 1649, 1816, 1863, 3395, 4575, 5227, 5393, 5838, 6613, 6868, 7993, 8305, 8672, 9279, 9465, 9789] (17)
[78, 200, 266, 427, 532, 566, 908, 978, 2061, 2834, 3456, 3458, 3849, 5653, 6327, 6545, 6982, 7557, 7816, 8074, 8706, 8867, 8994, 9366] (24)
[1144, 1680, 2107, 2356, 2370, 2406, 2702, 3050, 3521, 3558, 6358, 7483, 7734, 8357, 8399, 9064] (16)
[742, 2364, 2899, 3134, 3552, 4282, 4600, 4801, 5200, 5833, 6233, 6479, 8386, 9040, 9754] (15)
[435, 989, 1202, 1614, 2128, 2396, 3276, 3560, 5624, 5694, 5753, 6238, 7600, 8053, 8755] (15)
[936, 1022, 1735, 2456, 2600, 2742, 3124, 3403, 3584, 3971, 4406, 5541, 6728, 6814, 8113, 8642, 8712] (17)
[479, 706, 1300, 2619, 3585, 4460, 5003, 6158, 6172, 6200, 6221, 6322, 6750, 7308, 9291] (15)
[788, 1417, 1943, 1993, 2067, 2473, 2631, 3379, 3618, 3732, 4975, 5422, 6015, 7370, 8085] (15)
[340, 1180, 1452, 2571, 3159, 3179, 3648, 4165, 4302, 4915, 5590, 5706, 7486, 7891, 8381, 9349] (16)
[328, 741, 1001, 1212, 2236, 2681, 3316, 3649, 3678, 3706, 4140, 4281, 5059, 5138, 5488, 5516, 5843, 5949, 6991, 7027, 7224, 7965, 8038, 9969] (24)
[927, 1312, 1913, 2438, 2479, 2551, 3650, 5217, 5390, 5629, 5880, 6943, 7268, 8008, 8353, 9043, 9471] (17)
[590, 646, 1497, 1526, 2028, 3405, 3652, 4156, 4210, 4318, 4343, 5147, 5448, 5565, 9239] (15)
[1406, 1753, 1852, 1875, 2380, 2891, 3656, 3995, 4506, 5020, 5793, 6558, 6589, 6622, 6645, 7024, 7648, 8669] (18)
[127, 312, 721, 1710, 1726, 2350, 3376, 3686, 3704, 5997, 6054, 6744, 7218, 7802, 8249, 8666] (16)
[245, 625, 990, 1042, 1253, 1626, 1811, 2651, 3721, 3954, 4580, 5584, 5621, 5860, 6138, 6356, 6390, 6711, 7020, 7610, 7824, 7930, 8167, 9333, 9553, 9878] (26)
[1116, 1861, 3291, 3776, 4209, 4682, 5223, 5700, 6453, 7467, 8269, 8287, 8541, 9651, 9883] (15)
[276, 877, 1184, 1426, 1432, 3061, 3777, 3888, 4228, 4232, 4461, 4569, 5518, 6389, 6619, 6959, 7034, 7307, 7718, 7794, 8479, 8550, 8922, 8984, 9304, 9570] (26)
[372, 478, 571, 623, 1228, 1501, 1790, 1973, 2237, 2741, 2764, 3184, 3681, 3778, 4026, 4078, 4306, 4447, 4886, 5366, 6468, 7001, 7608, 7757, 7883, 7934] (26)
[96, 519, 599, 907, 1106, 1313, 1450, 3438, 3840, 5179, 5598, 5726, 6143, 6353, 7395, 8025, 8425, 8483, 8709] (19)
[364, 2183, 2713, 2972, 3496, 3643, 3822, 3845, 4061, 4168, 4949, 5428, 5969, 6298, 7418] (15)
[681, 965, 1350, 2476, 3122, 3322, 3487, 3904, 4067, 4088, 4980, 5797, 6566, 6736, 7336, 7655, 8645, 9634, 9750] (19)
[278, 603, 1117, 1179, 1648, 3905, 4045, 4267, 4429, 4730, 5124, 5320, 5459, 7194, 8688, 8957, 9819] (17)
[209, 2927, 3912, 4130, 4440, 4843, 4879, 5139, 5547, 6668, 7085, 7281, 7882, 8371, 8694, 9016] (16)
[4, 56, 1216, 1427, 2524, 2661, 3968, 4276, 4963, 5079, 5326, 5840, 6228, 7166, 8032, 8063, 8128, 8181, 8783, 8841] (20)
[508, 614, 722, 1721, 1745, 2221, 2361, 2449, 3495, 3766, 3969, 4522, 4652, 5183, 5458, 5666, 5677, 6136, 6309, 6829, 7070, 7203, 7415, 8838, 8939] (25)
[354, 648, 2467, 2667, 2836, 2964, 3351, 3970, 4761, 5160, 5391, 5558, 5576, 5587, 5795, 6642, 7059, 7839, 8681] (19)
[612, 1060, 2044, 2707, 3781, 3972, 4085, 4217, 5224, 5280, 6379, 6477, 6525, 6553, 8457, 8813] (16)
[179, 284, 361, 1189, 1268, 1325, 1972, 2068, 2268, 2574, 2902, 3022, 3109, 3371, 3527, 3798, 3979, 4751, 5409, 5856, 6957, 7055, 7212, 7579, 7596, 7749, 8089, 8467, 8518, 8619, 9046, 9365, 9440, 9714, 9876, 9880, 9936] (37)
[494, 2180, 2939, 3794, 4032, 4624, 4782, 5387, 5655, 6535, 7197, 7347, 7453, 7766, 8863, 9282, 9630, 9771, 9914] (19)
[856, 1237, 1304, 2552, 3233, 4033, 4644, 4838, 5357, 5533, 5546, 5679, 5739, 7927, 7943, 8478, 8916, 8933, 9035, 9441, 9735] (21)
[122, 399, 2225, 2325, 2776, 3163, 3279, 3835, 4035, 4435, 4572, 4799, 4960, 6256, 6446, 7699, 8643, 8662, 8788, 9032, 9567] (21)
[48, 186, 710, 895, 2642, 3696, 3897, 3960, 4065, 4309, 4891, 5758, 6261, 6602, 9302] (15)
[161, 649, 1482, 1917, 1928, 2118, 2271, 2421, 3187, 3722, 3842, 3994, 4096, 4129, 4614, 4705, 4720, 5033, 5605, 6152, 6265, 6368, 6489, 6621, 8135, 8211, 8295, 9643] (28)
[248, 274, 1557, 2718, 3961, 4072, 4098, 4748, 5093, 5618, 5650, 6664, 7348, 7578, 8991, 9738, 9826] (17)
[139, 379, 409, 1143, 1933, 2272, 3107, 3120, 4099, 4183, 4199, 4236, 4244, 4472, 4473, 6617, 6705, 7060, 7217, 8039, 8496, 9719, 9938] (23)
[267, 397, 547, 2704, 3463, 3867, 4066, 4101, 4274, 4538, 6620, 6837, 7072, 7523, 8941, 9961] (16)
[236, 254, 1521, 1609, 1731, 1764, 2233, 2786, 4162, 4578, 4834, 4851, 5575, 5897, 6219, 7240, 7435, 7812, 8048, 8943, 9707, 9708] (22)
[810, 1946, 2036, 2869, 2900, 3133, 3506, 4029, 4186, 6099, 6904, 7321, 7626, 8110, 9554] (15)
[1439, 1743, 2730, 3038, 4194, 4873, 5848, 5898, 6876, 7052, 7959, 8528, 8785, 9684, 9963] (15)
[152, 383, 1148, 2072, 3590, 3873, 4224, 4395, 4511, 4905, 5507, 5538, 5922, 6070, 6864, 7041, 7293, 8634, 9238] (19)
[1866, 1898, 1906, 1950, 2207, 3284, 4225, 5552, 6897, 7032, 7054, 7705, 7756, 8606, 8676, 8803, 8836] (17)
[223, 695, 1218, 1286, 1828, 2638, 2761, 3740, 4256, 4505, 5161, 5288, 7393, 7966, 8265] (15)
[49, 189, 675, 697, 2907, 3784, 4008, 4288, 4637, 5025, 5141, 5932, 6212, 6273, 7572, 8186, 8246, 8373, 9234, 9537, 9635] (21)
[1112, 1859, 2119, 2302, 2510, 3313, 3811, 4289, 4339, 6088, 6222, 6383, 6838, 8451, 8488, 8784] (16)
[617, 1205, 1834, 2863, 2936, 3116, 3509, 3826, 4295, 5410, 6245, 6331, 6624, 7124, 8081, 9514] (16)
[622, 819, 2248, 2360, 2490, 3406, 3793, 4321, 5415, 5603, 5963, 6077, 7067, 7451, 8954] (15)
[2247, 3098, 3288, 3712, 4352, 4948, 6471, 6732, 6880, 7416, 7650, 8152, 8559, 8700, 9573, 9673, 9808] (17)
[98, 1702, 3332, 3847, 4353, 4783, 5349, 5385, 5855, 6118, 6374, 6649, 6960, 7389, 7855, 8080] (16)
[549, 917, 1315, 1421, 1805, 2336, 3493, 3563, 3999, 4233, 4418, 7614, 8217, 8224, 8476, 8610, 8872, 9748] (18)
[112, 222, 509, 1159, 1203, 2052, 2123, 2765, 2866, 3208, 3556, 4010, 4144, 4419, 4422, 4707, 4810, 5445, 5490, 5553, 6115, 6328, 7178, 7454, 7534, 8121, 8374, 9036, 9295, 9717] (30)
[436, 2033, 2389, 2833, 2955, 3640, 4122, 4446, 4448, 5017, 5737, 6275, 6886, 7066, 7167] (15)
[1795, 2958, 3611, 3723, 4454, 4480, 4482, 4583, 4911, 5601, 7209, 7527, 7806, 8035, 8923, 9481, 9778] (17)
[29, 143, 1128, 1186, 1418, 1668, 2064, 4483, 4606, 5277, 5358, 5667, 5903, 5991, 5992, 6807, 7726, 8310, 8446, 9097, 9733] (21)
[220, 456, 459, 492, 2259, 3148, 3841, 4544, 5052, 6536, 6616, 6767, 7613, 8148, 8949, 9188, 9192, 9211] (18)
[130, 487, 518, 1190, 2536, 3205, 3607, 4131, 4545, 4986, 5255, 5258, 5544, 5777, 5881, 7314, 7586, 9096, 9494, 9875] (20)
[430, 1078, 1262, 1809, 1850, 2053, 3239, 3347, 4548, 5116, 5215, 5474, 5678, 5710, 6255, 6504, 7983, 8718, 9150] (19)
[257, 611, 1587, 1848, 1869, 2084, 2096, 3762, 3878, 4608, 4728, 5290, 6056, 6079, 6574, 6719, 6915, 8424, 8482, 8741, 9590] (21)
[1507, 1945, 2512, 2906, 3024, 3623, 4453, 4590, 4609, 5338, 5430, 6385, 6805, 6825, 7122, 8413, 8996, 9102, 9453, 9571, 9694, 9726] (22)
[47, 265, 1698, 1802, 2832, 3601, 3861, 4018, 4174, 4191, 4555, 4610, 4613, 5517, 5809, 6484, 7252, 7605, 8194, 9359, 9769] (21)
[1224, 1301, 1368, 4551, 4611, 4827, 4944, 5187, 5622, 5736, 6109, 6276, 7267, 8003, 8037, 9177] (16)
[25, 1240, 2054, 2327, 2951, 3210, 3307, 3544, 3602, 4673, 5181, 5347, 5912, 6534, 6608, 7558, 7932, 8578, 9237, 9306, 9941] (21)
[472, 1885, 1966, 3439, 4305, 4677, 6313, 6644, 6794, 7023, 7646, 8082, 8594, 9057, 9316, 9400, 9844] (17)
[424, 772, 868, 995, 1070, 1901, 3069, 3242, 4476, 4706, 4806, 8245, 9011, 9105, 9301] (15)
[61, 74, 171, 501, 733, 2418, 2428, 3354, 3875, 4733, 4745, 4885, 5539, 5876, 7050, 9126, 9351] (17)
[263, 315, 525, 670, 1258, 1351, 3499, 3657, 4118, 4546, 4736, 6811, 7862, 8725, 9338] (15)
[1069, 1621, 2205, 3166, 3559, 4212, 4737, 6247, 6380, 6393, 6657, 6893, 7089, 7652, 8682, 8797] (16)
[39, 329, 1278, 2002, 2486, 3754, 4738, 5027, 5048, 5962, 6518, 6739, 8022, 8687, 9010] (15)
[1272, 1657, 1956, 2146, 2278, 2677, 3056, 3809, 4204, 4735, 4739, 5363, 5660, 6445, 7045, 7313, 8170, 8596, 8686, 8738, 8753, 9094, 9340] (23)
[604, 1590, 2609, 2771, 2878, 3245, 3452, 4024, 4740, 5947, 6106, 6227, 6748, 7087, 9271] (15)
[1334, 2335, 3209, 4503, 4526, 4622, 4743, 5462, 5782, 5854, 5929, 7563, 7708, 7731, 7971, 9125, 9368] (17)
[755, 2359, 2732, 3100, 3398, 3448, 4762, 4768, 5661, 5697, 5994, 6240, 8615, 8772, 9800] (15)
[2352, 2506, 2877, 3660, 4796, 5528, 5930, 6204, 6292, 6692, 6902, 7064, 8026, 9144, 9162] (15)
[145, 412, 2155, 3032, 3129, 3637, 4800, 5781, 5915, 6044, 6352, 6842, 7962, 8510, 9569, 9645] (16)
[538, 556, 1054, 3053, 3335, 3355, 4802, 5151, 5382, 5537, 5900, 5931, 6685, 7463, 7713, 8629, 8971, 9482, 9562, 9677] (20)
[58, 559, 747, 2223, 3281, 3666, 3900, 4866, 5804, 6858, 7022, 8311, 8511, 8635, 9399] (15)
[310, 570, 1582, 2032, 2114, 2611, 3626, 4016, 4322, 4401, 4489, 4664, 4825, 4928, 5441, 5988, 6064, 6197, 6476, 6976, 7611, 7913, 8264, 8626, 8906, 9020, 9429, 9574, 9664, 9794, 9937] (31)
[1556, 1927, 2045, 3423, 4097, 4272, 4992, 5109, 5525, 5606, 7170, 7262, 7297, 7716, 8589, 9253, 9939] (17)
[60, 543, 1087, 1404, 1713, 2127, 2253, 2726, 3468, 3485, 3834, 3984, 4645, 4993, 5112, 5917, 6714, 7441, 8018, 8057, 8466, 8937, 9085, 9335] (24)
[602, 874, 943, 1480, 1876, 2658, 3320, 3338, 4994, 5556, 5950, 6291, 7630, 7684, 8176, 8515, 8630, 9147] (18)
[910, 1578, 3591, 3744, 4995, 5006, 5099, 5369, 5548, 6570, 7413, 7461, 7581, 8189, 8210, 8324, 8361, 8613, 9773] (19)
[535, 714, 1459, 1636, 2865, 4064, 4330, 4691, 4711, 4996, 5714, 6797, 7283, 7870, 9195, 9556] (16)
[137, 522, 776, 1508, 2149, 2169, 3570, 3737, 4111, 4280, 4961, 4998, 6625, 9053, 9277, 9334, 9438, 9820] (18)
[187, 593, 628, 1119, 2991, 3175, 3399, 3685, 4533, 5056, 5614, 7384, 8938, 9023, 9934] (15)
[471, 2160, 2897, 3799, 3952, 3992, 4639, 4792, 5057, 5625, 6772, 6890, 7254, 7540, 7844, 8078, 8969] (17)
[337, 748, 1644, 2280, 2494, 2595, 2901, 3709, 4585, 5061, 5295, 6254, 7098, 8520, 8758, 9137, 9548] (17)
[335, 687, 753, 984, 1188, 1373, 2580, 2809, 3199, 3459, 5120, 5521, 5555, 6083, 6130, 6428, 7850, 9107, 9454] (19)
[7, 330, 608, 1630, 1663, 2037, 2141, 2255, 2547, 3791, 4747, 5121, 5885, 6046, 7236, 9462] (16)
[323, 879, 2293, 2757, 3067, 3299, 3530, 3561, 3616, 3693, 5123, 5842, 6600, 6606, 6865, 7783, 8545, 8812, 9189, 9610] (20)
[437, 438, 1213, 1333, 2813, 3225, 3252, 4052, 4599, 5090, 5188, 6447, 6905, 6986, 8293, 9079] (16)
[732, 1182, 1766, 3045, 4349, 4457, 4699, 5173, 5189, 5225, 5246, 7991, 8601, 8684, 8766] (15)
[34, 450, 659, 663, 1012, 1840, 1920, 2444, 2448, 2549, 5248, 5254, 5498, 5709, 7907, 8447, 9381] (17)
[1167, 1309, 1505, 1562, 1962, 2082, 2136, 2167, 2777, 2982, 3158, 3812, 4756, 5249, 5783, 7842, 8291, 8325, 8573] (19)
[243, 338, 1499, 2328, 2898, 2992, 3043, 4520, 4695, 5260, 5351, 6108, 7019, 7788, 8940, 9059, 9715] (17)
[95, 160, 1940, 2120, 2495, 3730, 3767, 4808, 4820, 5158, 5312, 6709, 7369, 7447, 7480, 8247, 9296, 9356] (18)
[15, 177, 268, 743, 760, 2670, 3029, 3108, 3562, 4640, 5376, 6036, 7325, 8274, 9362] (15)
[780, 1097, 1276, 1667, 1694, 2943, 4145, 5294, 5377, 6830, 7164, 7607, 7695, 7803, 7978, 8717, 8849, 9199, 9463] (19)
[125, 336, 639, 1720, 1999, 2622, 3128, 5379, 5561, 6098, 6444, 7107, 7477, 7595, 7988, 8433, 9927] (17)
[483, 892, 1445, 2195, 3103, 3300, 3717, 3877, 4621, 4862, 4985, 5342, 5380, 5492, 5511, 5731, 6500, 7003, 7575, 7914, 9225] (21)
[400, 1120, 1260, 1458, 2097, 2303, 2621, 3339, 3378, 3388, 3571, 3724, 3769, 5012, 5384, 8126, 8316, 8348, 9835] (19)
[82, 1046, 1089, 1789, 2132, 2909, 3286, 3689, 3725, 5440, 5728, 8019, 8142, 9572, 9812] (15)
[1274, 2287, 2654, 3052, 3539, 4218, 4955, 5481, 7183, 7511, 7637, 8304, 8831, 8845, 9770] (15)
[420, 451, 651, 774, 2298, 2693, 3112, 4155, 4338, 4383, 4856, 5485, 5504, 5877, 5933, 8450, 9624] (17)
[91, 150, 582, 1623, 1900, 2158, 2202, 2412, 2434, 2774, 3201, 3595, 4817, 5505, 6116, 7147, 8007, 8335, 8426, 8591, 8974, 9451, 9593] (23)
[290, 1495, 2347, 3174, 3293, 3484, 3596, 4158, 5506, 5542, 6669, 7881, 8554, 9324, 9386] (15)
[229, 269, 942, 2010, 2314, 3684, 4835, 5000, 5569, 6035, 6565, 6659, 7935, 8914, 8950, 9702, 9912] (17)
[1372, 2006, 2108, 2230, 2632, 2763, 3342, 4405, 5571, 6288, 6527, 6992, 7950, 8036, 8307, 8756, 8802, 9300, 9435, 9594] (20)
[1302, 2022, 3491, 3692, 3787, 4074, 5452, 5572, 5591, 6033, 6236, 6777, 6901, 7114, 7152, 7748, 7754, 8288, 8406, 8915, 9674] (21)
[561, 1000, 1192, 1783, 2055, 2593, 2617, 3149, 3156, 3234, 5425, 5471, 5573, 5733, 5778, 6567, 7968, 8537, 9955] (19)
[1310, 1899, 2102, 2729, 3621, 3805, 3807, 4187, 5297, 5592, 5675, 5794, 5850, 7594, 8879, 9015, 9119] (17)
[275, 441, 469, 512, 1413, 1471, 2199, 2675, 3606, 3673, 3702, 3863, 4285, 4356, 4386, 5532, 5632, 5651, 6306, 6435, 6909, 6945, 7068, 7080, 8203, 9407, 9492, 9980, 9989] (29)
[106, 691, 1635, 1693, 2018, 2349, 3311, 3759, 4721, 5117, 5282, 5456, 5634, 5871, 7221, 7516, 9331] (17)
[250, 1233, 1763, 2163, 2847, 4365, 5635, 5870, 6107, 7531, 7624, 8174, 8442, 8534, 9315, 9455] (16)
[117, 1629, 3659, 3768, 4638, 4651, 4976, 5680, 5698, 5750, 6505, 6639, 8045, 9273, 9829] (15)
[205, 2194, 2790, 3093, 3553, 3594, 3636, 3977, 4208, 4692, 5461, 5487, 5704, 6248, 6251, 6891, 8402, 8692, 9308, 9421] (20)
[394, 630, 853, 1104, 1512, 2582, 2917, 3298, 4137, 4564, 5352, 5760, 7011, 7150, 8583] (15)
[711, 2041, 2407, 2648, 2762, 3430, 4048, 4805, 5761, 6860, 7570, 8178, 8901, 9586, 9711, 9837] (16)
[700, 1133, 1780, 4092, 5765, 6483, 6819, 7260, 7320, 7503, 7753, 7785, 7984, 8701, 9310, 9943, 9959] (17)
[93, 863, 2616, 2933, 2988, 3913, 5423, 5469, 5828, 7287, 7291, 7465, 8261, 8636, 9031, 9776] (16)
[376, 941, 966, 2416, 2775, 3123, 3415, 3703, 3925, 5296, 5715, 5718, 5829, 6460, 6946, 7853, 8404, 9014] (18)
[632, 938, 1140, 1930, 2624, 2853, 2962, 3235, 3946, 4530, 4605, 4629, 4727, 4847, 4894, 5265, 5510, 5888, 6660, 7742, 7786, 7819, 8586, 9490, 9661, 9843, 9903] (27)
[679, 749, 945, 967, 1503, 1584, 1619, 1836, 2316, 2787, 2928, 3426, 4147, 4163, 4179, 4300, 4320, 4687, 5166, 5182, 5211, 5478, 5889, 6844, 6948, 7800, 8225, 8614, 8767, 8886, 9024, 9029, 9141, 9200, 9544, 9749] (36)
[126, 462, 1168, 1284, 3066, 3436, 3442, 4340, 4798, 4999, 5890, 6339, 6780, 7193, 8735, 9691] (16)
[27, 1586, 2290, 3055, 4399, 4991, 5080, 5921, 5937, 6316, 7609, 7829, 8058, 9163, 9931] (15)
[59, 178, 240, 861, 2150, 2435, 2482, 3147, 3446, 3644, 4153, 4596, 4789, 4962, 5047, 5146, 5400, 5617, 5940, 5952, 6192, 6499, 6554, 6560, 6587, 6597, 8263, 8882, 8894] (29)
[583, 1454, 2371, 2680, 3705, 4456, 4603, 4663, 5446, 5941, 5954, 6264, 6962, 6990, 7100, 7747, 8822, 9392, 9458, 9523] (20)
[341, 683, 1004, 1500, 1528, 1862, 3020, 3663, 4021, 5957, 6632, 7033, 7103, 7987, 8280, 9191] (16)
[1118, 1428, 2384, 2553, 2923, 3538, 3937, 4119, 4573, 4679, 5727, 6016, 6426, 6605, 6812, 7264, 9607, 9698] (18)
[493, 758, 1436, 1551, 2395, 2913, 3587, 3855, 4150, 5279, 5754, 6017, 6230, 7058, 7432, 8237, 9330, 9379, 9388] (19)
[946, 1718, 1785, 1912, 3026, 4013, 4413, 4536, 4592, 6018, 6603, 7248, 8239, 8599, 9540, 9774] (16)
[421, 730, 1163, 2941, 3360, 3449, 3775, 3909, 5299, 5687, 6020, 6724, 7678, 7780, 8341, 8852, 9515, 9621, 9896] (19)
[13, 655, 778, 1749, 2109, 2184, 2784, 3222, 3944, 4742, 5102, 6021, 6752, 7487, 7730, 9111] (16)
[201, 867, 973, 1036, 1271, 1307, 1733, 2106, 2152, 2300, 3085, 3654, 3915, 5836, 5875, 5972, 6022, 6101, 6253, 6481, 6768, 7403, 7612, 7745, 7761, 8289, 8354, 8531, 8656, 8697, 9157, 9184] (32)
[286, 431, 916, 3641, 3989, 4669, 4924, 5524, 5681, 5791, 6052, 6164, 6965, 7492, 8407] (15)
[57, 1337, 1607, 1843, 2559, 2685, 3243, 3363, 3634, 3675, 5443, 5716, 5975, 5989, 6066, 6080, 6184, 6209, 7335, 7502, 7548, 8884, 9068, 9322, 9543, 9559, 9782, 9965] (28)
[734, 1481, 2516, 2687, 3568, 4729, 4892, 5049, 5899, 6082, 6355, 6376, 6399, 6596, 8711, 8804, 8870, 8966, 9410, 9740] (20)
[433, 866, 974, 1263, 1541, 1576, 1740, 2309, 3183, 3232, 3476, 3720, 3746, 3953, 4053, 4060, 4146, 4151, 4410, 4484, 4672, 5378, 5550, 5779, 5895, 5923, 6145, 6335, 6340, 6561, 6818, 6878, 7138, 7177, 7377, 7385, 7536, 7564, 7859, 8166, 8491, 8546, 8585, 8730, 8857, 8982, 9089, 9098, 9658, 9867, 9870] (51)
[331, 1107, 1385, 1602, 1854, 1890, 2379, 2780, 3193, 3522, 3617, 3661, 3760, 4441, 4527, 4559, 4760, 4773, 5105, 5593, 5711, 6167, 6196, 6734, 6757, 7129, 7233, 7464, 7510, 7781, 7837, 8120, 9892, 9901, 9904, 9923] (36)
[185, 1295, 1616, 1659, 1714, 3001, 3779, 4241, 5914, 6208, 7056, 7189, 7211, 7366, 7445, 8360, 8734, 9636] (18)
[805, 1303, 1654, 1661, 2284, 2403, 3006, 3318, 4308, 4685, 4731, 5210, 5270, 6086, 6210, 6636, 7787, 7828, 8043, 8300] (20)
[1297, 1784, 3337, 3583, 4257, 4579, 4830, 5132, 5253, 6272, 7172, 7628, 7775, 8231, 8368, 8460, 8582, 9160] (18)
[1027, 1424, 1815, 2321, 2470, 2492, 4881, 5763, 5786, 6148, 6274, 6394, 6759, 7639, 9021] (15)
[1412, 1474, 1981, 2126, 2188, 2532, 3393, 3470, 3512, 4070, 4431, 5892, 6045, 6112, 6334, 6336, 6557, 6758, 7226, 7520, 7635, 8150, 9408] (23)
[455, 1229, 1366, 1490, 1754, 2238, 2372, 3127, 5062, 5990, 6337, 6950, 7228, 7364, 7771, 7897, 8365, 8530, 9256, 9589] (20)
[1588, 2388, 2498, 2558, 3682, 4254, 4597, 4864, 5070, 5719, 5755, 5826, 6400, 6493, 8744] (15)
[516, 982, 1161, 1691, 2334, 2423, 2431, 2710, 3743, 4169, 4494, 4734, 6403, 7207, 9006] (15)
[1308, 1355, 1716, 2187, 2712, 3887, 4364, 4959, 5039, 5392, 6216, 6465, 7750, 7975, 8125, 8212, 8282, 8728, 8878, 9616] (20)
[414, 1606, 1658, 2140, 2374, 4319, 4717, 5212, 5647, 6467, 6510, 7140, 7358, 8522, 9804] (15)
[665, 911, 1137, 1198, 1849, 2782, 3785, 6469, 6855, 7111, 7822, 8145, 8862, 8934, 9468] (15)
[288, 596, 1613, 1825, 3248, 3251, 4674, 4771, 5381, 5659, 6146, 6528, 6672, 6681, 6809, 7947, 9491] (17)
[766, 820, 875, 1839, 2404, 3473, 5522, 5616, 5707, 6532, 6542, 7191, 7760, 8819, 9148, 9966] (16)
[477, 505, 616, 1994, 2274, 2378, 2885, 6121, 6450, 6592, 7025, 7092, 7245, 7425, 7928, 9268] (16)
[636, 893, 1465, 1669, 1759, 3533, 4287, 4491, 6593, 7345, 9072, 9251, 9352, 9460, 9768] (15)
[784, 2047, 2411, 2518, 2542, 2911, 3554, 4932, 6072, 6594, 7323, 7479, 7571, 7654, 7900, 8392, 9786] (17)
[402, 1374, 3929, 4940, 5205, 6092, 6386, 6598, 6740, 6775, 7903, 8076, 9042, 9588, 9832] (15)
[1814, 1887, 2219, 2579, 2585, 4083, 5128, 5649, 6363, 6524, 6628, 6921, 7592, 8468, 9387] (15)
[513, 1254, 1440, 2690, 3457, 4196, 4216, 4616, 5685, 5740, 5853, 6362, 6656, 7380, 8835, 9611] (16)
[426, 767, 785, 1492, 1504, 1830, 4034, 4853, 5244, 5386, 5663, 5924, 6658, 8132, 8854, 9511, 9623, 9976] (18)
[948, 1895, 2185, 2338, 2652, 2659, 3059, 3941, 4373, 4990, 6141, 6214, 6661, 6677, 6954, 7161, 7255, 9070, 9232, 9709] (20)
[1193, 1463, 1625, 1915, 2749, 3624, 4607, 4623, 5170, 6241, 6262, 6665, 8180, 8549, 9526, 9561, 9637] (17)
[1376, 1395, 2815, 3958, 4100, 4791, 6509, 6580, 6650, 6720, 6735, 7196, 8067, 8403, 9974] (15)
[688, 795, 859, 1067, 1172, 1559, 1611, 1711, 2099, 2171, 2295, 3357, 3982, 5335, 6559, 6722, 6796, 8136, 9519, 9753, 9785, 9803] (22)
[280, 307, 592, 671, 1564, 1846, 2918, 3404, 4333, 4380, 4777, 5916, 6057, 6076, 6490, 6726, 6931, 6935, 7340, 7823, 8213, 8754, 9507] (23)
[181, 507, 704, 906, 1677, 2015, 2612, 3343, 3864, 3998, 4135, 4627, 4657, 6784, 8095, 8321] (16)
[1124, 1483, 1624, 2649, 3151, 3461, 3548, 4417, 4502, 4535, 4716, 4832, 5066, 5322, 5566, 5637, 5808, 6189, 6730, 6733, 6785, 7018, 7148, 7301, 7857, 8350, 8657, 9134, 9382, 9403, 9583, 9928] (32)
[377, 563, 763, 1173, 1270, 1386, 1837, 2430, 3023, 3674, 4887, 5001, 5798, 6235, 6787, 6972, 7269, 8175] (18)
[654, 771, 1585, 1929, 2804, 3810, 5913, 6000, 6252, 6278, 6816, 7174, 7597, 9759, 9828] (15)
[1008, 1323, 1819, 3176, 4269, 4317, 4784, 4908, 6820, 7430, 7562, 8114, 9247, 9369, 9675] (15)
[87, 303, 1550, 2705, 2835, 3254, 3368, 3541, 5420, 6034, 6047, 6823, 7231, 7541, 8855] (15)
[381, 1083, 1447, 1727, 3194, 3409, 3492, 3589, 3783, 5082, 5089, 6848, 7303, 7550, 7879, 8272, 8292, 8851, 9424, 9495, 9672] (21)
[110, 1791, 2090, 2415, 2868, 3164, 4531, 4922, 5451, 5996, 6679, 6853, 7093, 7261, 7386, 7501, 9290] (17)
[285, 445, 1170, 1306, 1883, 1891, 5656, 5852, 6634, 6840, 6862, 7155, 8294, 8506, 8956, 9056, 9437] (17)
[123, 846, 880, 1018, 1296, 2613, 3258, 3510, 3804, 4635, 5190, 5221, 6365, 6912, 7382, 8751, 8880] (17)
[440, 842, 1488, 1687, 2568, 3375, 3444, 4951, 6857, 6913, 7275, 8396, 8774, 9319, 9791] (15)
[393, 1158, 1219, 1264, 2227, 2563, 2720, 3598, 4466, 5361, 5669, 6978, 7669, 8592, 9228, 9262] (16)
[644, 686, 794, 1075, 1934, 2986, 3333, 3419, 3630, 3844, 4513, 4746, 4896, 5664, 6271, 6464, 7040, 7584, 8137, 8331, 9372, 9787] (22)
[1227, 2124, 2422, 3801, 5891, 6009, 6418, 6879, 6952, 7042, 8732, 8942, 9542, 9602, 9919] (15)
[724, 1403, 3434, 3800, 3920, 4015, 5149, 5216, 5514, 6408, 6994, 7044, 7549, 7884, 8544, 8729, 9038, 9625, 9997] (19)
[1110, 1113, 1121, 1491, 2639, 4076, 4185, 4239, 4367, 4845, 4859, 6482, 7046, 7948, 8435, 8658, 9052, 9402, 9639] (19)
[2250, 2269, 2557, 2733, 2889, 2949, 3756, 3814, 4215, 4468, 4540, 4562, 5046, 5198, 5472, 6117, 6486, 6633, 6873, 6919, 7104, 7266, 7901, 8000, 8427, 9742] (26)
[1402, 2534, 2854, 3391, 3816, 5237, 6175, 6392, 7105, 7344, 8543, 8997, 9394, 9725, 9987] (15)
[1096, 1230, 1489, 1610, 2544, 2867, 5340, 5894, 6971, 6974, 7106, 7324, 7533, 8143, 8156, 8222, 8807, 9013, 9581, 9796] (20)
[211, 715, 1215, 3215, 3263, 3614, 3817, 4007, 4726, 5721, 7109, 7517, 7577, 8290, 8317, 9320] (16)
[831, 937, 1435, 1737, 3884, 4341, 6270, 6929, 7110, 7437, 7867, 7919, 9136, 9140, 9529] (15)
[460, 718, 1005, 2910, 3185, 3447, 4755, 4824, 5878, 5944, 6537, 7136, 7826, 8529, 9622] (15)
[344, 1007, 1892, 3688, 5030, 5324, 5330, 5633, 5905, 6102, 6401, 7168, 7272, 7292, 9156] (15)
[829, 1127, 1882, 2657, 3162, 3186, 5072, 5582, 5613, 6964, 7171, 7239, 7917, 8400, 9155, 9172, 9293, 9305, 9488, 9545, 9568, 9847] (22)
[109, 380, 457, 1575, 2348, 2483, 2511, 2852, 2855, 3250, 3414, 3549, 3578, 3672, 5301, 5414, 5549, 5998, 6324, 7190, 7243, 7506, 7805, 8568, 8671, 8806, 9127, 9405, 9650, 9657, 9783, 9970] (32)
[1674, 2050, 2487, 2598, 2873, 4854, 5168, 5684, 6412, 7201, 7361, 7831, 7998, 8647, 9747] (15)
[1419, 1719, 3327, 4148, 4541, 5067, 5196, 5305, 6097, 6568, 6614, 6651, 6654, 7232, 7265, 7362, 7367, 8313] (18)
[283, 1321, 1393, 1681, 1847, 2413, 3647, 3974, 4180, 4671, 7234, 8345, 8869, 9432, 9532, 9898] (16)
[849, 949, 1519, 1896, 2894, 3340, 3774, 5131, 5214, 6707, 7237, 7627, 8242, 8913, 8929, 9483, 9851] (17)
[221, 444, 1178, 1879, 2791, 3062, 3169, 3567, 4042, 4051, 4889, 5597, 6071, 6427, 6607, 7016, 7238, 7257, 7276, 7925, 8441, 9838] (22)
[881, 1013, 1030, 2135, 2934, 3110, 3981, 4079, 4507, 4904, 6258, 7296, 8328, 8858, 9221, 9596] (16)
[151, 322, 363, 404, 528, 1129, 1287, 1515, 2446, 3580, 3951, 4086, 4970, 5004, 5515, 6579, 6824, 7298, 8817, 8936, 9069, 9078] (22)
[317, 353, 475, 1369, 2145, 2450, 2589, 4230, 4723, 5065, 5817, 5862, 6290, 7246, 7302, 7880, 9422, 9699] (18)
[2179, 2738, 2817, 3891, 4357, 5397, 6065, 6181, 7327, 7967, 8091, 8312, 8747, 9294, 9746] (15)
[432, 873, 1947, 2488, 3143, 5041, 5433, 5847, 5918, 7328, 7886, 8303, 8820, 9249, 9971] (15)
[114, 373, 677, 825, 876, 1032, 1339, 1498, 2465, 2606, 2614, 2746, 3599, 4011, 4811, 5175, 6382, 6548, 6706, 7350, 7363, 7525, 7593, 8099, 8112] (25)
[21, 736, 1502, 2801, 3380, 3480, 3997, 6689, 6877, 6910, 7069, 7132, 7371, 7704, 8119, 9423] (16)
[294, 499, 1941, 2427, 3802, 3821, 4102, 5355, 5948, 7391, 7449, 7921, 9067, 9367, 9887] (15)
[270, 544, 891, 1045, 1389, 2794, 2930, 3714, 3728, 3808, 5496, 5771, 6519, 6875, 7424, 8296, 8409] (17)
[18, 66, 1561, 2035, 3181, 3820, 4325, 4462, 4947, 5021, 5638, 5652, 7426, 8046, 8254, 8315, 8821, 8875, 9666] (19)
[823, 1171, 1298, 1722, 2576, 3018, 3588, 3593, 4047, 5104, 5232, 5365, 5403, 5427, 5995, 6163, 6263, 6280, 6653, 7428, 7494, 7599, 8814, 8999, 9619, 9646] (26)
[504, 1183, 1191, 2275, 3290, 4409, 4439, 4968, 5585, 5936, 6075, 6111, 6315, 7436, 7796, 8223] (16)
[77, 2261, 2296, 3833, 4294, 4479, 4696, 4930, 5530, 5531, 6091, 6723, 7127, 7244, 7489, 8975, 9099, 9415, 9452, 9565] (20)
[850, 3048, 3390, 3465, 4412, 4683, 4767, 4901, 5567, 5789, 5835, 6168, 6968, 7496, 7994, 8216, 8243, 8864, 9110, 9122, 9663, 9873, 9889] (23)
[100, 217, 1269, 1433, 1646, 1904, 3427, 3460, 3911, 4496, 4591, 6342, 6437, 6895, 7552, 8902, 9039] (17)
[3, 1252, 1283, 1398, 1545, 1571, 1818, 1935, 2008, 2397, 3228, 3862, 4184, 5501, 6282, 6612, 6738, 7546, 7553, 8349, 8761, 8847, 8892, 9833] (24)
[52, 173, 299, 1181, 1770, 2640, 3620, 4485, 5670, 6799, 7048, 7470, 7537, 7554, 7720, 8298, 9265, 9469, 9802] (19)
[113, 134, 699, 1362, 1420, 1902, 2066, 2646, 3824, 4313, 4372, 5110, 5243, 6541, 6887, 7556, 7782, 7833, 8226, 8815, 8874, 9445] (22)
[924, 1243, 4128, 4234, 4360, 5045, 5370, 5383, 5475, 5494, 7202, 7559, 7912, 8355, 8436, 9724, 9950, 9992] (18)
[309, 502, 562, 728, 2785, 2818, 2980, 2994, 3803, 3903, 3938, 4270, 4803, 5751, 7466, 7616, 7854, 9648] (18)
[84, 482, 991, 1916, 2620, 2805, 2931, 3086, 3150, 3651, 4173, 4477, 4656, 5723, 5738, 6496, 7617, 8299, 8334] (19)
[536, 1396, 2318, 2332, 2750, 2879, 5284, 6815, 7567, 7645, 7709, 8079, 8124, 9132, 9846] (15)
[196, 817, 1747, 3695, 4227, 4586, 5118, 6502, 6640, 7529, 7598, 7649, 7861, 8794, 9628] (15)
[251, 325, 1732, 2405, 2664, 3455, 3922, 5034, 5191, 6466, 7514, 7621, 7682, 8155, 8297, 8445, 8535, 8661, 8905, 9535] (20)
[598, 678, 2925, 3610, 3796, 3797, 4408, 4595, 4752, 4766, 5408, 5455, 7154, 7399, 7683, 8073, 8218, 8593, 9196, 9693, 9805, 9854] (22)
[1467, 1974, 2138, 2468, 2714, 3326, 4087, 4134, 4359, 6030, 6690, 6922, 7685, 7976, 8034, 8117, 9259, 9377, 9686] (19)
[1123, 1878, 2402, 2472, 2533, 2637, 4110, 4335, 6127, 7379, 7712, 8188, 8283, 8793, 9558] (15)
[37, 370, 2452, 2731, 4464, 4547, 5453, 5951, 7026, 7505, 7714, 8927, 8953, 9129, 9146] (15)
[860, 1130, 1371, 1867, 1873, 2890, 3525, 4997, 5094, 5928, 7744, 9018, 9246, 9810, 9985] (15)
[90, 219, 2394, 3504, 4206, 4245, 5834, 6332, 6462, 6674, 6827, 7199, 7751, 8241, 8889, 9595] (16)
[194, 1109, 3462, 5176, 5304, 5362, 5662, 6132, 6330, 6333, 6743, 6963, 7804, 8380, 9618] (15)
[899, 1035, 4253, 4604, 4660, 4724, 4923, 6160, 6916, 7288, 7411, 7808, 8617, 9275, 9525, 9683, 9995] (17)
[71, 613, 799, 1011, 1523, 2005, 2265, 2808, 2824, 5103, 5192, 5657, 7778, 7809, 8809, 9073, 9371] (17)
[197, 727, 854, 1111, 1328, 1712, 1774, 2156, 2725, 2778, 3177, 4443, 4871, 6582, 7813, 7922, 9041, 9194] (18)
[155, 293, 360, 1331, 1352, 1516, 1820, 3534, 3749, 3786, 4953, 5092, 5186, 5319, 5463, 5974, 6150, 6406, 6647, 6790, 6894, 6923, 6996, 7084, 7873, 7918, 8983] (27)
[463, 1656, 1937, 2069, 2075, 2550, 2591, 2802, 2956, 3292, 4384, 4701, 4978, 5235, 5705, 6165, 6388, 7135, 7407, 7647, 7657, 7820, 7878, 9517, 9599, 9760] (26)
[343, 833, 1201, 1703, 1985, 2323, 2887, 3700, 4471, 4497, 4566, 4935, 5286, 5317, 5589, 5611, 5748, 5858, 6410, 6769, 6870, 7936, 8463, 8472, 8579, 8946, 9227, 9866] (28)
[136, 1517, 1560, 1736, 1851, 2392, 2522, 4117, 4152, 6087, 6851, 6852, 7721, 7937, 8648, 8888] (16)
[81, 183, 1730, 2166, 2995, 5979, 6090, 6103, 6448, 7938, 8055, 8389, 8917, 9169, 9374, 9973] (16)
[46, 116, 653, 1249, 2441, 3064, 3113, 3432, 3987, 5344, 5493, 5971, 6947, 7149, 7187, 7481, 7940, 9579, 9890] (19)
[67, 1014, 1115, 1407, 1532, 1776, 3908, 4030, 4175, 4710, 4912, 5350, 5983, 6835, 6872, 7097, 8002, 8564] (18)
[631, 656, 1957, 2556, 2942, 3096, 4632, 5171, 7433, 8005, 8356, 8495, 8865, 8977, 9502, 9564] (16)
[413, 423, 1053, 1826, 2841, 2999, 3095, 3345, 3358, 4132, 4136, 4404, 4631, 6191, 6193, 6459, 8015, 8375, 8736, 8853, 9516, 9881] (22)
[144, 1409, 1683, 2301, 4243, 5628, 6849, 6940, 7500, 7874, 7929, 8064, 8992, 9348, 9467, 9620, 9734, 9744] (18)
[1592, 1593, 3282, 4821, 5708, 7225, 7341, 7663, 7877, 8017, 8066, 8492, 8912, 9012, 9578, 9930] (16)
[272, 453, 796, 1136, 2003, 2578, 3396, 4268, 5307, 6068, 6137, 6187, 7151, 7697, 7920, 8068, 9235] (17)
[1485, 1778, 1824, 3037, 4059, 4105, 4125, 4221, 4459, 5882, 6050, 6378, 6896, 7133, 8070, 8825, 9842] (17)
[101, 246, 1365, 1653, 1910, 2845, 3030, 3498, 3726, 5238, 7378, 7949, 8071, 8230, 8456, 8850, 9201] (17)
[203, 1206, 1841, 3505, 3515, 3542, 3625, 3633, 4205, 5672, 5757, 6351, 7423, 8130, 8493, 9037] (16)
[410, 738, 843, 2200, 2915, 3932, 4686, 5180, 5811, 6320, 7220, 7300, 7538, 7758, 8161] (15)
[411, 2299, 3304, 4084, 4115, 4870, 5483, 6429, 6699, 7306, 7815, 8054, 8192, 8276, 8834, 9720, 9918, 9933] (18)
[349, 466, 1052, 1320, 1655, 2175, 3167, 4314, 5394, 6491, 7008, 7398, 7765, 7811, 8195, 8429, 9681, 9817, 9818, 9954] (20)
[1248, 1397, 1786, 2277, 2676, 2978, 3196, 3677, 3691, 3806, 4557, 4906, 6611, 6908, 7774, 8205, 8565] (17)
[972, 1086, 1706, 1992, 3497, 4301, 4398, 4434, 4967, 6641, 7353, 8227, 8952, 9159, 9913] (15)
[569, 909, 1360, 1949, 2597, 2601, 2673, 2799, 3828, 3906, 3917, 4265, 5088, 5412, 5784, 5788, 5816, 6182, 7589, 7736, 8004, 8177, 8238, 8256, 8358, 8397, 8909, 9501, 9656, 9764] (30)
[346, 1387, 2530, 4028, 4332, 4337, 5844, 6011, 6202, 6843, 7126, 7986, 8259, 8713, 9417, 9884] (16)
[840, 1231, 3256, 5174, 6113, 6749, 7038, 7099, 7188, 7606, 7764, 8273, 8320, 8524, 9831] (15)
[446, 977, 1358, 1865, 2893, 3669, 4094, 4956, 5688, 5977, 6841, 8323, 8638, 9397, 9446] (15)
[297, 1628, 2170, 2484, 3547, 5172, 5449, 6183, 6646, 7623, 8244, 8384, 8390, 8440, 8513, 9868] (16)
[69, 848, 1486, 1506, 2439, 2743, 4207, 4807, 5586, 5865, 6977, 7343, 7410, 7636, 8021, 8030, 8385, 8514] (18)
[367, 904, 1537, 1598, 2363, 5127, 6207, 6424, 6716, 6804, 7439, 7660, 8448, 8455, 8768] (15)
[192, 273, 473, 702, 712, 1796, 1979, 2016, 2130, 3603, 3896, 4542, 4828, 4841, 5050, 5155, 5454, 5554, 6436, 6635, 6937, 8512, 8571, 8714, 9278] (25)
[210, 605, 2267, 2382, 2892, 3668, 4057, 4371, 4449, 5600, 6205, 6973, 7006, 7864, 7885, 8516, 8764, 9591] (18)
[202, 847, 1359, 1652, 1748, 2398, 2538, 3273, 3581, 4316, 4626, 4641, 4837, 5252, 5257, 5354, 5372, 6506, 7289, 7409, 7715, 7763, 7916, 8016, 8576, 8778, 8908, 9050, 9182, 9466, 9470] (31)
[1038, 1422, 1813, 1932, 2429, 3115, 3524, 3564, 3694, 3747, 4581, 5199, 5764, 6662, 6751, 6770, 7427, 8577, 8616, 9054, 9252, 9614] (22)
[118, 1709, 2193, 2739, 3121, 4304, 5113, 6576, 7227, 7795, 8330, 8581, 8690, 9257, 9981] (15)
[717, 1773, 2077, 2105, 3679, 3750, 3763, 4504, 4829, 5872, 6975, 7923, 8255, 8608, 9905] (15)
[133, 568, 969, 1781, 2031, 2131, 2159, 2647, 2671, 4688, 5024, 5185, 5321, 5339, 6084, 6530, 7142, 7417, 8641] (19)
[242, 358, 885, 1335, 1704, 3445, 4931, 5228, 5303, 5421, 5437, 5702, 7551, 8704, 9972] (15)
[163, 750, 1197, 2122, 2548, 2921, 3576, 3883, 4226, 4694, 5031, 5074, 7117, 7119, 7273, 7969, 8122, 8153, 8410, 8705] (20)
[719, 996, 1232, 1437, 1673, 2025, 2828, 3255, 5609, 8284, 8536, 8708, 9641, 9644, 9743] (15)
[1411, 2351, 2353, 2736, 3141, 3718, 4554, 4945, 7290, 7547, 7618, 7725, 8401, 8458, 8737] (15)
[213, 993, 1122, 1724, 2125, 2701, 2810, 3272, 4062, 4291, 6407, 6618, 7651, 7924, 8134, 8500, 8769] (17)
[76, 319, 1292, 1354, 2165, 2706, 3918, 3926, 4411, 6308, 6989, 7051, 8770, 9317, 9853] (15)
[141, 468, 1149, 1461, 2968, 4416, 4942, 5896, 6456, 6585, 6850, 7773, 7799, 8049, 8832, 9668] (16)
[886, 921, 4499, 5014, 5256, 5631, 5901, 6157, 6443, 8228, 8351, 8474, 8720, 8833, 8907, 9506, 9649, 9834] (18)
[259, 461, 1199, 2329, 2932, 2998, 3139, 3615, 3986, 4249, 5907, 7698, 8860, 8866, 9342] (15)
[1064, 1164, 1971, 2466, 2474, 2792, 3005, 3274, 3815, 6409, 6599, 7484, 7849, 7951, 8062, 8896, 8945, 9083, 9261] (19)
[782, 986, 1134, 1401, 1823, 2686, 2924, 4116, 4788, 5799, 6171, 6933, 8707, 8897, 9051, 9662] (16)
[147, 172, 395, 506, 618, 992, 1399, 2249, 2408, 2953, 3361, 3385, 3697, 4560, 5263, 5581, 5741, 6100, 6637, 6907, 7057, 8602, 8787, 8903, 9527] (25)
[1277, 1565, 2515, 2656, 3429, 4452, 5044, 6089, 6742, 6883, 7000, 7258, 8904, 9341, 9428, 9433] (16)
[22, 138, 902, 1741, 1799, 2117, 3490, 3586, 4897, 5038, 6060, 6687, 6710, 7354, 8873, 8960, 9108, 9859] (18)
[227, 534, 1650, 1782, 2087, 2354, 3716, 3872, 4914, 5612, 6821, 7036, 7215, 8285, 8961, 9659] (16)
[2134, 2257, 2276, 3837, 5327, 5480, 5846, 6232, 6243, 6284, 6367, 6391, 7939, 8675, 8721, 8877, 8962, 9313, 9697] (19)
[35, 585, 591, 864, 1314, 1318, 2381, 2451, 2719, 2788, 3013, 3035, 3451, 3670, 4900, 5966, 6166, 6507, 7941, 8123, 8198, 8542, 8921, 8963, 9167, 9229, 9376] (27)
[672, 890, 2042, 2057, 2098, 2722, 3323, 4262, 4704, 5076, 5229, 5269, 5298, 5302, 6438, 6764, 7037, 7214, 7582, 8562, 8964, 9998] (22)
[264, 2319, 2954, 3853, 4211, 4273, 4524, 5013, 5195, 5247, 5273, 5502, 7999, 8383, 8437, 8557, 8968, 9000, 9009] (19)
[1343, 1725, 1926, 2139, 2709, 2723, 3033, 3454, 3517, 3572, 3655, 3771, 4708, 5564, 5570, 5827, 6304, 8653, 8837, 9025, 9178] (21)
[666, 915, 1845, 2073, 2367, 3224, 3386, 3513, 4149, 4170, 5023, 6110, 6595, 6932, 7703, 8100, 9026, 9412, 9640, 9999] (20)
[378, 662, 2881, 4246, 4433, 4988, 5315, 6023, 6364, 7184, 7387, 7653, 8423, 8575, 8910, 9088, 9713] (17)
[362, 597, 757, 955, 3074, 3494, 3501, 3508, 4981, 5864, 6095, 6266, 6981, 7077, 7094, 8750, 9152] (17)
[533, 775, 1044, 1063, 2443, 3344, 3350, 3464, 3715, 3780, 4467, 6025, 6194, 6762, 9153, 9361] (16)
[232, 756, 761, 1319, 1460, 1715, 2391, 2825, 3516, 3577, 5464, 6387, 6898, 6980, 6984, 7153, 8507, 8595, 8765, 9154] (20)
[1102, 1975, 2023, 3890, 3949, 4913, 5500, 5557, 5762, 6323, 6993, 7659, 8369, 9185, 9949] (15)
[1717, 1951, 2344, 2463, 2797, 2803, 3047, 3296, 5927, 6186, 6781, 8771, 8775, 9216, 9983] (15)
[342, 954, 988, 1255, 1273, 1672, 2850, 2916, 3831, 4950, 6120, 6369, 6874, 6938, 7156, 7793, 7944, 9217, 9695] (19)
[403, 844, 925, 1390, 2437, 2974, 2997, 3627, 3942, 4458, 6533, 6761, 6817, 8042, 8580, 8816, 9218, 9378] (18)
[162, 169, 339, 1631, 2320, 2528, 3081, 3152, 3819, 6299, 7116, 7130, 8786, 9086, 9219, 9419] (16)
[1936, 2584, 2766, 3402, 4423, 5313, 6155, 6795, 7431, 7458, 7691, 7847, 7961, 8118, 9280, 9546, 9788] (17)
[23, 723, 2653, 3261, 3336, 3748, 3936, 4284, 4323, 4374, 4498, 4667, 4763, 6179, 6302, 6314, 6718, 8499, 8840, 9250, 9281, 9524, 9631] (23)
[701, 1009, 1100, 1888, 2009, 2212, 2459, 2491, 2634, 2848, 3260, 3988, 4508, 4516, 4764, 4840, 6457, 6704, 6944, 7846, 7973, 8372, 8618, 8710, 8757, 9030, 9285] (27)
[0, 289, 2485, 2586, 2821, 3306, 3421, 3683, 3886, 3894, 6550, 7061, 7115, 7368, 7561, 7689, 8187, 9061, 9344, 9357, 9615, 9860] (22)
[17, 489, 871, 1023, 1558, 1563, 1806, 2092, 2672, 3140, 3935, 4836, 6019, 6259, 6425, 6564, 6666, 6924, 7843, 8033, 8587, 8799, 9346, 9373] (24)
[1573, 1618, 2021, 2679, 3302, 3881, 5208, 5353, 5925, 6215, 6680, 7448, 9139, 9409, 9899, 9915] (16)
[729, 815, 821, 1596, 2493, 3488, 3761, 3880, 4107, 4261, 4899, 5636, 5658, 6676, 6911, 7818, 7834, 8726, 9224, 9472, 9518, 9557, 9751, 9882, 9888] (25)
[537, 781, 1002, 1392, 2211, 2734, 4027, 4106, 4665, 4934, 5152, 5946, 6029, 6655, 6688, 7329, 8454, 8699, 9104, 9473] (20)
[745, 1114, 1858, 2101, 3507, 4279, 4532, 4919, 5314, 5644, 6517, 7285, 7524, 8072, 8248, 8652, 8944, 9190, 9474] (19)
[50, 327, 1082, 1099, 1326, 1765, 2342, 5447, 6801, 7723, 7931, 8044, 9100, 9477, 9692, 9865] (16)
[224, 301, 481, 765, 1441, 1579, 2966, 3707, 3993, 4075, 4368, 5005, 6001, 6169, 7832, 9254, 9485] (17)
[239, 247, 581, 940, 1311, 2244, 3742, 4376, 5756, 5873, 7198, 9240, 9327, 9496, 9689] (15)
[2, 999, 2043, 2273, 2975, 3216, 3268, 4223, 4296, 4793, 4860, 5367, 5717, 7095, 7472, 8382, 9536] (17)
[439, 1185, 1363, 1750, 2071, 2282, 2331, 3070, 4689, 4732, 4816, 4937, 5602, 7090, 7242, 7643, 8538, 9521, 9539] (19)
[574, 1051, 2390, 3165, 5106, 5348, 6114, 6397, 7113, 7134, 8041, 8088, 8716, 9055, 9103, 9600] (16)
[698, 826, 1207, 1651, 2011, 2083, 2204, 2210, 2779, 4602, 4715, 5018, 7603, 8408, 9601] (15)
[105, 207, 2596, 2696, 3387, 4091, 4556, 6813, 7035, 7128, 7446, 7759, 8103, 9311, 9603] (15)
[225, 234, 1037, 2577, 3698, 4714, 5868, 6623, 7004, 8101, 8419, 8759, 9112, 9332, 9478, 9604] (16)
[1239, 4157, 4407, 4713, 4952, 5328, 6441, 7096, 7205, 7797, 8405, 8828, 9288, 9632, 9951] (15)
[43, 94, 368, 1787, 2004, 2478, 2607, 2985, 3142, 3757, 4298, 4436, 7974, 8309, 8555, 9551, 9669] (17)
[1267, 1394, 1410, 1757, 2683, 2692, 3144, 3146, 3947, 4190, 4795, 4982, 5432, 6422, 6882, 7278, 7741, 9728] (18)
[783, 1049, 1530, 1688, 1701, 2081, 2806, 2830, 3475, 3854, 4038, 4358, 5285, 6454, 9729, 9755] (16)
[684, 1487, 1511, 3278, 4004, 4263, 4389, 5821, 6615, 6803, 7210, 7495, 7632, 8959, 9730] (15)
[216, 985, 1464, 2100, 2148, 2197, 2458, 2844, 2886, 3226, 3249, 3832, 4082, 4164, 4382, 4438, 4475, 4594, 4675, 5491, 6142, 6268, 6423, 6512, 6551, 6745, 7076, 7365, 7373, 7701, 8109, 8367, 8654, 8679, 8746, 9044, 9093, 9731] (38)
[467, 498, 594, 979, 1047, 1375, 1997, 5150, 6675, 6700, 6885, 8584, 9210, 9732, 9967] (15)
[107, 565, 2355, 3135, 3892, 4598, 4890, 6085, 6906, 8108, 8146, 8415, 8620, 9508, 9762] (15)
[442, 975, 1734, 2151, 2385, 2641, 3025, 6203, 6776, 8052, 8258, 8337, 9181, 9350, 9792] (15)
[157, 1138, 2093, 2228, 2541, 2698, 3543, 4214, 5987, 6244, 7192, 8800, 9028, 9793, 9907, 9911] (16)
[1162, 1627, 1942, 3132, 4120, 4250, 4430, 5098, 5148, 6927, 7909, 7997, 8464, 9642, 9795] (15)
[176, 587, 633, 2226, 3270, 3921, 4718, 5562, 5819, 7906, 7915, 7989, 8077, 8566, 9825] (15)
[146, 526, 550, 930, 1293, 1455, 1921, 2599, 2758, 2829, 2947, 2948, 3727, 4355, 4391, 4650, 4957, 7322, 9856, 9886] (20)
[142, 347, 369, 555, 746, 1246, 1247, 1434, 2239, 2481, 3362, 3413, 3632, 3836, 3962, 4188, 4331, 4427, 4779, 5218, 5729, 5869, 7738, 8061, 8411, 8588, 8987, 9326, 9824, 9858] (30)
[83, 447, 882, 1048, 1751, 2266, 3277, 3535, 4903, 5416, 6381, 7840, 8023, 8059, 8398, 9205, 9869] (17)
[168, 235, 351, 951, 952, 1643, 1963, 3090, 4697, 5405, 7569, 7894, 8776, 9245, 9894] (15)
[579, 790, 1055, 1700, 1821, 2454, 3155, 3230, 3238, 3373, 3738, 4138, 6161, 6321, 7271, 8332, 8376, 9638, 9920] (19)
[1572, 3540, 4235, 4543, 4712, 5167, 5484, 5523, 5563, 5693, 7604, 7977, 8149, 8202, 9922, 9975] (16)
[233, 464, 855, 887, 1322, 1384, 1620, 3180, 4044, 4370, 4426, 5114, 6293, 8336, 9926] (15)
[55, 359, 3416, 3662, 4127, 4307, 4964, 5438, 6229, 6588, 7017, 7498, 8028, 8219, 8378, 9929] (16)
[1931, 2315, 2926, 3236, 3435, 3629, 4324, 4787, 5343, 6159, 7992, 8060, 9498, 9874, 9953] (15)
[54, 693, 1020, 2514, 2914, 3017, 3574, 4043, 4549, 5436, 6729, 7349, 9563, 9797, 9984] (15)
[575, 645, 900, 1860, 2811, 3188, 3489, 3846, 3859, 4346, 4786, 4884, 5028, 5108, 6093, 6279, 6326, 7216, 7798, 7817, 8069, 8105, 8883, 9263, 9289, 9986] (26)
[103, 935, 2503, 3359, 3519, 3975, 4378, 5101, 5318, 6014, 6283, 6301, 6516, 6696, 7707, 8184, 8220, 9577, 9958, 9988] (20)
[124, 914, 2039, 2264, 2904, 3028, 3619, 3813, 4972, 6257, 6395, 6396, 7294, 7539, 9131, 9996] (16)
