[0, 504, 1138, 3190, 3454, 3549, 3638, 3706, 4107, 4518, 5107, 5566, 6625, 7301, 7439, 7650, 7813, 8241, 8679, 9196, 9960] (21)
[1, 47, 56, 184, 599, 1435, 1762, 1846, 2412, 3544, 4175, 4459, 4547, 5435, 5586, 5793, 5820, 6203, 6697, 7848, 8708, 9918] (22)
[2, 379, 2593, 2813, 3780, 4264, 4339, 4757, 5323, 5754, 6956, 7026, 7433, 7837, 8058, 8213, 9900] (17)
[4, 1182, 2132, 2758, 3232, 3408, 3888, 4030, 4165, 5160, 5981, 6260, 6984, 8102, 8784, 9796, 9865] (17)
[10, 38, 182, 927, 1311, 1482, 1931, 2483, 2492, 2973, 2994, 3916, 4180, 5198, 6327, 7034, 7648, 9120, 9842] (19)
[64, 2081, 2607, 2716, 3035, 4244, 5121, 5212, 5515, 7337, 7574, 7968, 8065, 8126, 9393, 9496] (16)
[66, 497, 913, 1592, 1759, 2117, 2226, 4012, 4241, 4662, 7441, 7827, 8415, 8722, 8732] (15)
[68, 474, 1725, 1981, 2237, 2336, 2517, 4631, 4767, 5326, 5528, 5584, 5712, 5833, 7109, 7178, 7955, 8605, 8623, 8753, 8780, 8866] (22)
[71, 786, 1173, 2613, 2878, 3730, 4297, 5246, 5320, 6088, 6225, 7126, 7408, 7602, 8507, 9392] (16)
[128, 1237, 2075, 2256, 2389, 2763, 3164, 3175, 3312, 4321, 4357, 4865, 4882, 4969, 5749, 6926, 8009, 8575, 9307, 9640] (20)
[129, 432, 490, 545, 933, 1589, 1616, 1692, 1702, 1742, 2211, 2255, 2617, 3878, 4200, 4488, 5145, 5361, 5532, 5662, 5766, 5827, 6334, 6497, 6668, 7077, 7958, 8008, 8108, 8162, 8893, 8976, 9219, 9304, 9407, 9417, 9862, 9964, 9977] (39)
[134, 426, 546, 552, 811, 1815, 3825, 4895, 5346, 5627, 5872, 7660, 8291, 9194, 9300, 9545] (16)
[60, 139, 202, 479, 569, 652, 1118, 1142, 2676, 2798, 3425, 3907, 3946, 4160, 4327, 4557, 5014, 5105, 5771, 5948, 6110, 6377, 6509, 6510, 6770, 6975, 7100, 7495, 8412, 8634, 8940, 9211, 9457] (33)
[193, 775, 1002, 1083, 1717, 1970, 2136, 2850, 3570, 4347, 4708, 4748, 6151, 7194, 7473, 8434, 9090] (17)
[224, 929, 2187, 2261, 3143, 4113, 4548, 4831, 5688, 6881, 7909, 8136, 8228, 9101, 9531] (15)
[143, 225, 260, 436, 505, 1262, 1497, 1737, 1899, 2125, 2614, 8750, 9018, 9530, 9714] (15)
[256, 931, 1933, 2001, 4536, 4611, 5061, 6395, 6563, 7357, 7438, 7695, 8858, 9129, 9658, 9987] (16)
[257, 685, 883, 1828, 2314, 3009, 4744, 5411, 6640, 7527, 7885, 8323, 8574, 8662, 8823, 8962, 9015, 9970] (18)
[264, 332, 789, 1001, 1254, 1417, 1525, 1532, 1892, 3853, 3873, 4497, 4527, 4642, 4852, 4991, 6163, 6165, 6369, 7180, 7339, 7522, 7672, 8030, 8804] (25)
[266, 299, 1115, 1639, 2150, 2207, 2321, 3366, 4436, 4529, 5409, 5982, 6102, 6121, 7466, 7580, 9251] (17)
[67, 320, 438, 482, 680, 1312, 1323, 2245, 2882, 3830, 4193, 4673, 5538, 5555, 5853, 6248, 6461, 6684, 7969, 8021, 9149, 9230] (22)
[37, 319, 321, 464, 568, 1000, 1097, 2353, 2630, 2819, 3522, 3593, 3641, 3677, 3750, 3836, 6185, 7343] (18)
[322, 730, 1709, 1855, 2467, 2874, 2911, 3630, 4786, 5071, 5331, 5703, 5714, 6156, 7085, 8967, 9330, 9587] (18)
[384, 1217, 2351, 3039, 4157, 6450, 6561, 6863, 7933, 7977, 8775, 9156, 9264, 9550, 9676, 9765] (16)
[385, 697, 1313, 1391, 1755, 2167, 2660, 2697, 3163, 3819, 3962, 4110, 4376, 4628, 5225, 5605, 6582, 6670, 6779, 7324, 7684, 7853, 8178, 8681, 8952, 9622] (26)
[217, 386, 776, 971, 1085, 2307, 2494, 3367, 6219, 6318, 7416, 7945, 7975, 8578, 9750] (15)
[127, 155, 394, 424, 1595, 2037, 2416, 2960, 2995, 4845, 5565, 5926, 6014, 6065, 6297, 7347, 7666, 7870, 7949, 8557, 9639] (21)
[112, 210, 448, 1020, 1565, 1730, 1927, 2499, 3536, 3881, 3933, 4581, 4891, 5711, 5869, 6495, 6875, 7544, 7626, 8149, 9343] (21)
[456, 824, 829, 1143, 1279, 1437, 2007, 2792, 3070, 3226, 3276, 3517, 3667, 3707, 4049, 4201, 4300, 4624, 5227, 5773, 5841, 5851, 6242, 6299, 7098, 7378, 8035, 8294, 9068] (29)
[512, 755, 799, 1371, 1783, 2373, 2647, 3222, 3640, 5006, 5031, 5494, 6178, 6204, 6290, 6291, 7163, 7956, 8071, 8336, 8437, 8611, 8831] (23)
[23, 154, 306, 439, 513, 1174, 2378, 2466, 3739, 3758, 4694, 5658, 6278, 8766, 8983, 9222, 9249, 9435, 9875] (19)
[166, 576, 771, 1569, 1608, 1902, 3442, 4130, 4532, 4888, 5311, 6678, 6800, 8676, 9248, 9773] (16)
[502, 503, 581, 678, 1298, 2198, 2808, 3934, 4393, 4961, 7138, 7829, 8284, 8948, 9094, 9437, 9727] (17)
[147, 614, 640, 1250, 2703, 2975, 3204, 3649, 4473, 4873, 5791, 6275, 6855, 7288, 7444, 7991, 8076, 8570, 9571, 9623] (20)
[141, 641, 746, 1135, 1190, 1244, 1879, 2786, 2913, 3541, 4475, 4593, 4715, 5224, 5772, 6387, 6908, 8270, 8584, 8654, 9899, 9969] (22)
[642, 1239, 3437, 4047, 4167, 4269, 4942, 5531, 5720, 5924, 5946, 6126, 6301, 7356, 7373, 8829] (16)
[643, 1284, 1342, 1843, 2864, 3524, 3838, 4104, 5342, 5517, 5646, 5904, 5909, 6468, 6847, 7231, 7817, 8196, 9596, 9867] (20)
[262, 644, 665, 2704, 3697, 4795, 6372, 6576, 6588, 7315, 7334, 7417, 7783, 8843, 9002, 9099, 9171, 9462, 9597] (19)
[204, 391, 646, 853, 1209, 2251, 2393, 3380, 3612, 3774, 6236, 7511, 7855, 8653, 8909] (15)
[57, 649, 1782, 1961, 2957, 3224, 3535, 4368, 4523, 4884, 5280, 5567, 6717, 6932, 7567, 9499] (16)
[458, 672, 869, 2002, 2422, 3048, 3221, 3691, 4857, 5694, 5854, 7023, 8143, 8669, 9850] (15)
[26, 286, 704, 1332, 1549, 1826, 2235, 2279, 3113, 3863, 6317, 6631, 6864, 8743, 9072, 9281, 9616] (17)
[195, 589, 705, 1255, 1611, 1897, 2544, 2643, 2916, 2953, 3865, 4055, 4723, 5075, 5360, 5487, 6733, 6882, 7777, 7879, 8276, 8539, 8569, 9042, 9419] (25)
[69, 496, 564, 706, 950, 1544, 2264, 3187, 4657, 5304, 6695, 7073, 7720, 8122, 9026, 9172] (16)
[709, 1490, 1613, 1880, 2413, 3285, 3932, 4026, 4678, 4735, 5012, 7273, 7760, 9020, 9173] (15)
[370, 434, 711, 939, 957, 1165, 1212, 2478, 3272, 3555, 4718, 4787, 7024, 7094, 8239, 9790] (16)
[768, 865, 1387, 1795, 1895, 2130, 2380, 3061, 3238, 3412, 3793, 4428, 5215, 5443, 5621, 5631, 5958, 5994, 6220, 6787, 7176, 7241, 7525, 7747, 7820, 8272, 8680, 8809, 8828, 9075, 9408, 9533, 9661, 9670, 9861] (35)
[253, 472, 515, 534, 769, 1285, 1562, 1806, 2291, 2663, 2706, 3046, 3179, 3566, 3823, 4725, 4910, 5339, 5561, 5883, 6368, 6786, 7835, 7915, 8037, 8899, 9055, 9706] (28)
[75, 587, 773, 1304, 1607, 1864, 2387, 3466, 3505, 4207, 4463, 5299, 6349, 6517, 6767, 7338, 7816, 8774, 9054, 9819] (20)
[240, 834, 1539, 2133, 2472, 4050, 4898, 5089, 5421, 5862, 6070, 6712, 8493, 8508, 9366, 9427] (16)
[117, 722, 837, 1331, 1990, 2017, 2374, 2963, 3050, 3180, 3338, 5332, 5601, 6262, 6854, 7669, 7896, 8567, 8991, 9707] (20)
[896, 1400, 1422, 2436, 2609, 3105, 4001, 5500, 5745, 6536, 8348, 8457, 9382, 9383, 9830] (15)
[447, 897, 972, 3020, 3120, 3251, 4029, 4115, 4226, 4794, 5806, 5977, 7012, 7664, 8011, 8148, 8234, 9084] (18)
[899, 1269, 1767, 2633, 2776, 2897, 3027, 3161, 3683, 3796, 5596, 5626, 5746, 6237, 7368, 7764, 7882, 7900, 8052, 8262] (20)
[172, 908, 954, 1352, 1849, 1866, 1952, 2890, 3654, 5237, 5301, 6074, 6463, 6727, 7972, 9692] (16)
[615, 960, 1711, 1995, 2381, 2684, 2860, 2904, 4801, 6766, 7291, 7729, 8268, 9497, 9903] (15)
[11, 393, 962, 1841, 2799, 3829, 3926, 4314, 5540, 5936, 6603, 7214, 7608, 8342, 8344, 9361] (16)
[227, 367, 462, 963, 1337, 3060, 3135, 3195, 3304, 5197, 5469, 5979, 6925, 8520, 8630] (15)
[229, 813, 848, 964, 1401, 1817, 2072, 3473, 4311, 5243, 5263, 5814, 5846, 6388, 6539, 6708, 6776, 6917, 6923, 8729, 9133, 9245, 9915] (23)
[889, 979, 1365, 1523, 1630, 1775, 1876, 1906, 3927, 4067, 4378, 4732, 4763, 5857, 7806, 9243, 9835, 9914] (18)
[1024, 1393, 1408, 3094, 3581, 3894, 4257, 4545, 4880, 5009, 6724, 7800, 8770, 9017, 9486] (15)
[1025, 2424, 3045, 3569, 4242, 4341, 4762, 4903, 5030, 5251, 5912, 7189, 7311, 8492, 8959, 9151, 9263, 9710] (18)
[620, 1027, 1343, 1412, 1690, 1710, 1916, 2481, 2566, 2707, 4135, 5029, 6920, 7000, 9117, 9936] (16)
[463, 1050, 1088, 1127, 1178, 1593, 3003, 3866, 3905, 4406, 4918, 7287, 7834, 8405, 8773] (15)
[80, 1089, 1289, 3935, 4310, 4582, 4964, 5338, 6229, 7145, 7460, 8665, 8675, 8938, 9346, 9800] (16)
[274, 1091, 1423, 2341, 2503, 3024, 3497, 5157, 5327, 5959, 6693, 7112, 7450, 7857, 8888, 9317, 9620, 9844] (18)
[721, 951, 1122, 1128, 1213, 1259, 1590, 4720, 6130, 6587, 6873, 7306, 7371, 8685, 8779] (15)
[410, 421, 867, 1145, 1369, 1721, 2522, 2724, 3234, 4279, 4422, 4901, 5471, 5999, 6531, 7610, 8533, 8639, 9240, 9290] (20)
[1152, 1172, 2289, 2574, 3072, 5682, 5689, 6045, 6418, 6424, 7536, 7841, 7919, 9381, 9744, 9985] (16)
[1153, 1247, 3534, 4002, 4419, 4432, 4829, 4997, 5441, 6216, 6470, 6480, 7486, 8295, 8612, 8925] (16)
[1219, 1701, 1761, 1971, 2164, 2646, 4270, 4665, 4907, 5033, 6181, 7252, 7374, 7625, 8229, 8397, 9403] (17)
[291, 297, 308, 473, 1149, 1221, 2616, 4173, 4350, 5855, 6444, 6990, 7472, 8111, 8645, 9824] (16)
[1272, 2217, 2747, 3485, 3768, 4366, 4594, 5364, 6802, 7353, 7714, 7914, 8328, 9349, 9998] (15)
[495, 877, 990, 1134, 1280, 1338, 1505, 2296, 2358, 2486, 3358, 3813, 3827, 4555, 4649, 4674, 5265, 5448, 5485, 5719, 5784, 6113, 6208, 6481, 7130, 7157, 7164, 7167, 7226, 7352, 7866, 8516, 9694] (33)
[675, 793, 956, 1281, 2516, 3230, 3498, 3748, 4539, 5410, 5877, 6501, 7032, 8998, 9448] (15)
[1094, 1282, 1402, 2495, 2507, 3213, 5165, 5309, 5800, 6051, 6888, 7089, 7514, 7741, 8482, 9513, 9978] (17)
[524, 1072, 1344, 1604, 1860, 2236, 2790, 3114, 3797, 4071, 4278, 4313, 4420, 5103, 5213, 5401, 5537, 5693, 5923, 6626, 6837, 7107, 7676, 7861, 7966, 8091, 8803, 8808, 9631, 9663] (30)
[374, 892, 1346, 1789, 2527, 3182, 4698, 4840, 4848, 6527, 7184, 7762, 8799, 8984, 9558] (15)
[41, 1347, 1432, 1925, 1937, 2025, 2447, 2590, 4519, 5260, 5405, 6953, 7309, 7474, 8658, 8861, 9302] (17)
[21, 627, 1349, 1624, 2250, 2930, 3292, 3597, 3810, 4426, 4570, 6170, 6763, 7124, 7570, 9062] (16)
[1409, 1483, 1654, 1764, 1881, 2014, 2284, 2678, 3023, 3124, 3193, 3440, 3832, 4035, 4203, 4303, 4336, 4389, 5214, 5609, 5975, 6028, 6112, 6241, 6513, 8734, 9247, 9425] (28)
[287, 1053, 1410, 2331, 2583, 2879, 3220, 3760, 4643, 4876, 5054, 6154, 6410, 6919, 7010, 8125, 8339, 8349, 9001] (19)
[93, 318, 1411, 1779, 1883, 1963, 2012, 2234, 2238, 2487, 3556, 4286, 5041, 5167, 5706, 5837, 6971, 7528, 8637, 8969] (20)
[76, 344, 817, 1414, 1445, 1930, 3980, 4634, 7591, 8094, 8607, 8761, 9003, 9355, 9721] (15)
[1224, 1473, 2248, 4077, 4163, 4714, 4810, 4820, 5091, 5253, 5322, 5347, 5622, 5865, 5868, 6169, 6469, 6574, 7158, 7386, 7698, 8663, 8719, 8917, 9215, 9535] (26)
[247, 349, 451, 698, 944, 1474, 1502, 2024, 2612, 3025, 3291, 4302, 4579, 4618, 4933, 5090, 5526, 5809, 5861, 5867, 6093, 6232, 6243, 6355, 7785, 8683, 8883, 9031, 9690] (29)
[13, 161, 759, 1475, 1524, 2461, 3153, 3790, 4560, 5072, 5286, 5795, 6568, 6648, 6819, 7198, 7202, 7481, 7891, 8796, 9933] (21)
[51, 595, 906, 1333, 1536, 2830, 3056, 3081, 3438, 3860, 3914, 4139, 4998, 5045, 6511, 6898, 7292, 7723, 7839, 8340, 8435, 9085, 9588, 9845] (24)
[271, 1073, 1108, 1538, 1600, 2201, 2425, 2603, 3805, 4267, 5178, 5890, 6548, 6683, 7348, 7920, 8275, 9491, 9745] (19)
[364, 676, 740, 818, 1009, 1394, 1601, 1869, 2260, 2498, 2608, 2658, 2797, 3055, 3314, 3883, 4237, 4253, 4289, 5699, 5939, 6893, 7242, 7245, 7475, 9012, 9014, 9145, 9394] (29)
[547, 778, 1558, 1605, 2105, 2384, 2711, 3737, 4169, 5798, 6559, 8759, 8903, 9032, 9139, 9508, 9549, 9576, 9680] (19)
[238, 381, 647, 859, 1023, 1573, 1664, 1788, 2561, 3655, 4576, 4592, 4707, 5104, 5201, 6114, 6142, 6629, 7018, 7275, 7405, 7410, 7629, 7640, 8296, 8720, 8834, 9301, 9699, 9940] (30)
[33, 540, 1508, 1665, 2595, 2778, 2838, 2967, 4844, 5196, 5319, 5459, 6189, 7769, 7873, 8097, 8600] (17)
[188, 268, 461, 976, 982, 1341, 1666, 1915, 2754, 4937, 5053, 5317, 6223, 6376, 6879, 7934, 9119, 9688, 9912] (19)
[244, 1667, 1913, 2344, 3444, 3489, 3580, 4751, 5022, 5130, 5183, 5234, 5290, 5907, 6132, 6922, 7335, 7703, 8335, 9913] (20)
[404, 475, 919, 1680, 2723, 2988, 3125, 3702, 5168, 5653, 5930, 6205, 6420, 6433, 6682, 7321, 7613, 8353] (18)
[460, 648, 1107, 1697, 3298, 3839, 5194, 5288, 5348, 5451, 6986, 7493, 8106, 8616, 8783] (15)
[87, 431, 1229, 1728, 2028, 2391, 2525, 2789, 2875, 2984, 3126, 3472, 4024, 4189, 6383, 6458, 6573, 6628, 7083, 7103, 8044, 8141, 9023, 9058, 9546, 9816, 9839] (27)
[214, 358, 1559, 1731, 1929, 2572, 3246, 4883, 5273, 6557, 7174, 7259, 7948, 8496, 8885, 9886] (16)
[252, 1792, 1974, 2309, 2438, 2800, 3963, 4118, 4252, 4619, 6008, 6274, 6286, 6423, 7281, 7831, 7910, 8393, 8622, 8835, 9593, 9837] (22)
[1575, 1793, 2955, 3049, 3090, 3214, 3310, 4492, 5616, 6547, 6811, 7200, 7257, 7307, 8855, 9358, 9373] (17)
[115, 500, 1012, 1407, 1794, 2298, 2444, 2980, 3619, 3732, 4603, 4635, 6988, 8048, 8050, 8477, 9114, 9872] (18)
[96, 207, 909, 1274, 1770, 1785, 1797, 3404, 5135, 7253, 7815, 8152, 8218, 8590, 9192, 9458, 9908] (17)
[1099, 1263, 1799, 2070, 2482, 3104, 3350, 3479, 3615, 3692, 3981, 4088, 4460, 4568, 5095, 5530, 5963, 6005, 6872, 7418, 7673, 7836, 8648, 9199, 9560, 9696] (26)
[679, 1057, 1428, 1491, 1857, 2094, 2354, 2635, 3371, 4855, 6194, 6780, 6941, 7062, 7772, 7851, 8062, 8286, 8471, 8478, 8852] (21)
[670, 699, 1669, 1859, 2257, 3973, 4154, 4534, 4988, 5169, 5660, 5898, 6212, 6660, 6706, 6806] (16)
[119, 932, 1340, 1920, 2153, 2295, 2802, 2926, 3475, 3578, 4064, 5914, 5960, 7166, 7577, 7767, 7776, 7874, 9169, 9537, 9923] (21)
[258, 1418, 1774, 1921, 2340, 3717, 4470, 5661, 6000, 6092, 6969, 7704, 8614, 8787, 9360, 9483, 9777] (17)
[77, 836, 885, 1305, 1924, 3496, 4111, 4209, 5077, 5397, 7160, 7415, 8101, 8617, 9225, 9461] (16)
[335, 729, 830, 1022, 1294, 1361, 1390, 1926, 2401, 3296, 3353, 3424, 3529, 3537, 3571, 4078, 6373, 6752, 7020, 7950, 7984, 9209, 9991] (23)
[1928, 3088, 3664, 3958, 4086, 4262, 4476, 4976, 6924, 7529, 8606, 8728, 8847, 8934, 9385, 9975] (16)
[345, 435, 1200, 1986, 3299, 3413, 4322, 5004, 5043, 5193, 6589, 6602, 6947, 7775, 8624] (15)
[25, 1675, 1988, 2896, 3062, 3449, 4211, 4614, 5202, 5413, 5576, 6058, 6506, 6895, 8462, 9043, 9254, 9648] (18)
[423, 565, 796, 1696, 1966, 1992, 3111, 3381, 3431, 3507, 3861, 5990, 6025, 6137, 6489, 7004, 7295, 7601, 8941] (19)
[891, 1420, 2048, 2085, 3013, 3333, 3585, 3983, 4114, 4392, 4859, 5378, 5522, 5947, 6904, 7569, 7670, 9206, 9401] (19)
[174, 1192, 1367, 1520, 1938, 1947, 2049, 4814, 5778, 5818, 8978, 8986, 9061, 9127, 9636] (15)
[1867, 2050, 2068, 2440, 2514, 2783, 4703, 4730, 5325, 5579, 6231, 6494, 7814, 8982, 9590] (15)
[567, 1441, 1640, 2051, 2055, 2476, 2600, 3816, 3943, 4070, 4187, 4227, 4957, 5669, 6250, 6704, 6715, 6883, 7995, 9523] (20)
[686, 1554, 2054, 2891, 3342, 4444, 5599, 6090, 6386, 6426, 6698, 7774, 7918, 8246, 8974] (15)
[1677, 1960, 2112, 2342, 2451, 3388, 3480, 3538, 3620, 3733, 5382, 5406, 5643, 6451, 7715, 9073, 9905] (17)
[601, 718, 732, 1844, 2113, 3390, 4693, 5292, 5472, 6577, 6598, 7757, 7863, 8311, 9157, 9271, 9433] (17)
[554, 632, 688, 1433, 2114, 2385, 2512, 3782, 5084, 7234, 7881, 8230, 8660, 9430, 9881] (15)
[58, 487, 651, 1499, 2176, 2650, 3340, 3713, 5134, 7017, 7104, 7668, 8134, 8327, 9708] (15)
[242, 1959, 2180, 2190, 2404, 2493, 3967, 4219, 4324, 4980, 5458, 5610, 6131, 6346, 7312, 9611, 9723] (17)
[270, 886, 914, 1251, 1954, 2183, 4205, 5479, 6043, 6159, 6812, 7277, 7550, 7655, 8174, 8544, 8699, 9760, 9945] (19)
[921, 1760, 2186, 3471, 4153, 4567, 5678, 5934, 6035, 6570, 7243, 7713, 7716, 8359, 8466, 8760, 8853, 9695, 9787, 9883] (20)
[392, 826, 1151, 1919, 2208, 2406, 2737, 3771, 3869, 4639, 4784, 6799, 8092, 8308, 9267] (15)
[72, 430, 724, 1716, 1851, 2210, 3095, 4116, 4414, 4939, 6519, 6707, 7854, 9512, 9649] (15)
[265, 450, 1193, 1802, 1972, 2091, 2241, 2696, 3231, 3917, 4496, 4727, 4777, 6292, 8383, 8518, 9098, 9992, 9993] (19)
[201, 608, 841, 1067, 2192, 2247, 2865, 2932, 3565, 4373, 5724, 7692, 8072, 8715, 9705, 9804, 9828] (17)
[498, 744, 1413, 1421, 2142, 2304, 3451, 4445, 6001, 6737, 6813, 7805, 8299, 8487, 8947, 9630] (16)
[191, 493, 691, 1399, 1751, 2044, 2274, 2310, 2615, 2683, 2863, 3137, 3421, 4433, 4490, 4823, 4850, 5356, 5439, 5558, 5594, 5674, 6446, 6775, 7185, 7215, 7498, 7735, 7750, 7780, 7792, 7803, 7877, 8014, 8472, 8919, 9320, 9554] (38)
[89, 402, 1720, 2029, 2313, 2942, 3433, 3809, 4382, 4495, 5222, 5819, 6824, 7709, 7840, 8863, 9306, 9876, 9901] (19)
[290, 2000, 2035, 2368, 2465, 3306, 4146, 4675, 5700, 5801, 8046, 8130, 8283, 8737, 9887] (15)
[123, 584, 1026, 1359, 1586, 1596, 1878, 1969, 2369, 3123, 3414, 3419, 4059, 6060, 6322, 7409, 7465, 7876, 8431, 9265] (20)
[114, 160, 246, 618, 1726, 2155, 2370, 2765, 3004, 3071, 3526, 4924, 5417, 6440, 6713, 9934] (16)
[140, 275, 289, 797, 1257, 1531, 2372, 2611, 2718, 2857, 3849, 4421, 5374, 5640, 7451, 7941, 8080, 8293, 8837, 9377, 9614, 9615] (22)
[1183, 1985, 2432, 2961, 3158, 3218, 4474, 5231, 6006, 6053, 6667, 9113, 9214, 9525, 9930] (15)
[522, 850, 1351, 2041, 2322, 2433, 2709, 2958, 5400, 5496, 5544, 5615, 6062, 6155, 6266, 6844, 7080, 8911, 9294, 9733] (20)
[310, 459, 573, 1205, 1498, 2434, 2698, 4889, 5513, 6207, 7254, 7631, 8459, 8643, 9629] (15)
[626, 667, 1029, 1055, 1299, 2437, 2534, 2670, 3085, 3300, 3323, 3874, 4065, 5163, 5518, 6417, 6512, 7027, 8087, 8163, 8686, 8927, 9147] (23)
[34, 812, 1154, 1756, 2464, 2996, 3837, 4218, 4511, 5143, 6356, 6537, 6579, 7355, 8805] (15)
[541, 1901, 1903, 1910, 2019, 2496, 3052, 3519, 3560, 3924, 3952, 4016, 4168, 4216, 4682, 5641, 5992, 6734, 6835, 8154, 8251, 8563, 9108, 9543, 9547, 9595] (26)
[357, 1011, 1208, 2363, 2504, 2989, 3354, 3751, 4144, 4651, 5017, 5340, 5477, 5927, 6710, 6972, 7860, 8237, 9257] (19)
[586, 890, 2228, 2528, 2604, 2648, 3884, 4149, 4276, 4427, 4667, 4818, 8139, 8274, 9176] (15)
[1965, 2179, 2560, 2740, 4235, 4451, 6337, 6471, 6611, 6963, 7621, 7849, 7940, 8269, 9063] (15)
[27, 1567, 2040, 2293, 2329, 2439, 2546, 2562, 3631, 3879, 4051, 4063, 4878, 6542, 6828, 6940, 8806, 9412] (18)
[97, 156, 653, 666, 728, 1170, 2003, 2415, 2571, 2791, 3033, 3434, 3984, 6782, 8177, 8183, 8733, 9049, 9132, 9691, 9821] (21)
[1543, 2337, 2592, 3267, 3450, 3724, 4186, 6390, 6823, 6985, 7485, 7572, 8333, 9477, 9854] (15)
[280, 879, 1529, 2594, 3115, 4108, 4170, 4816, 6067, 6460, 6680, 7193, 7490, 7739, 8652] (15)
[333, 336, 854, 1084, 1336, 2624, 4137, 4923, 5011, 5534, 5913, 6191, 6676, 7883, 9064, 9751] (16)
[52, 2219, 2625, 2982, 3227, 3521, 4268, 4912, 5414, 5836, 6227, 6315, 6839, 7463, 7795, 8868] (16)
[211, 1547, 2011, 2685, 3284, 3446, 3868, 4159, 4953, 6221, 6364, 6719, 7102, 7239, 8915] (15)
[809, 2688, 3196, 3596, 3960, 4046, 4938, 5452, 6145, 7037, 7039, 8651, 8788, 9362, 9374, 9863] (16)
[14, 764, 2690, 2937, 3656, 4613, 4885, 6552, 6661, 7326, 7561, 8977, 9208, 9352, 9522, 9871] (16)
[61, 2108, 2692, 3896, 4399, 4971, 5106, 6918, 7084, 7600, 8040, 8167, 8369, 8522, 9291] (15)
[1386, 1518, 2693, 2833, 3100, 4083, 4360, 4515, 5722, 5732, 5781, 7261, 7263, 7375, 7922, 8157, 8620, 9159, 9184, 9432, 9434, 9556, 9801, 9834, 9948] (25)
[941, 1533, 2441, 2689, 2720, 4996, 5302, 5418, 6213, 6764, 7290, 8436, 8968, 9087, 9896] (15)
[674, 923, 1657, 1777, 2102, 2722, 2876, 3754, 3949, 4295, 5337, 5972, 6235, 7255, 9261] (15)
[303, 1228, 1555, 1625, 2124, 2221, 2752, 3693, 3803, 4068, 6218, 6320, 6849, 7868, 9506] (15)
[375, 441, 696, 758, 995, 1008, 1773, 2101, 2233, 2268, 2682, 2753, 3382, 3660, 3671, 4164, 4550, 5236, 5426, 5569, 5735, 6804, 6884, 7007, 7123, 7372, 7659, 8287, 8714, 8840, 9781] (31)
[83, 602, 1302, 1637, 1790, 2736, 2755, 3474, 3994, 7383, 7942, 8245, 8475, 9701, 9892] (15)
[1552, 1662, 2816, 3015, 3199, 4305, 4391, 4990, 5377, 5725, 7043, 7389, 7585, 8128, 9218, 9309] (16)
[283, 1110, 2095, 2477, 2665, 2818, 3688, 4533, 4669, 6633, 7852, 7890, 7907, 8432, 8748, 8789, 9124, 9961] (18)
[619, 881, 1052, 1328, 2282, 2820, 2991, 3176, 4231, 4793, 5278, 5462, 5680, 6591, 6773, 6901, 7141, 7302, 7531] (19)
[98, 144, 476, 810, 1238, 1510, 1522, 1651, 1816, 2034, 2225, 2575, 2807, 2823, 2968, 2970, 3010, 3337, 3591, 3607, 3749, 4151, 4819, 4958, 4960, 5129, 5182, 5383, 5387, 5716, 5873, 6027, 6333, 6562, 6622, 6677, 6741, 7414, 7691, 7880, 8345, 8447, 9226, 9311, 9529, 9625, 9638, 9810, 9874, 9928] (50)
[591, 1488, 2851, 3332, 4312, 4600, 5333, 5723, 5928, 7156, 7647, 8505, 8521, 9380, 9855] (15)
[267, 454, 760, 876, 1236, 1356, 1614, 1653, 1765, 2302, 2825, 2880, 2906, 3169, 3576, 3899, 3913, 4025, 4559, 5709, 5838, 5858, 7140, 9155, 9471, 9693] (26)
[1150, 2454, 2912, 3203, 3831, 4069, 4222, 4711, 5595, 6630, 7268, 7819, 8693, 8814, 8966] (15)
[20, 922, 938, 1131, 1141, 1283, 1306, 2286, 2568, 2944, 3709, 4093, 4334, 4654, 4837, 5501, 7788, 8110, 8445, 8830, 9632, 9700] (22)
[784, 1079, 2166, 2951, 3317, 3992, 4520, 5019, 5502, 5882, 7081, 7999, 9130, 9725, 9805] (15)
[1104, 2097, 2116, 2288, 2484, 2774, 3043, 3795, 5821, 6136, 7031, 7056, 7770, 8537, 9010] (15)
[551, 1059, 2938, 3074, 3254, 3469, 4087, 5069, 5683, 5839, 6652, 6955, 7965, 8485, 8530, 8856] (16)
[882, 2143, 2170, 2181, 3075, 3208, 3592, 3624, 3673, 5529, 6044, 7054, 7294, 8842, 9687, 9752] (16)
[42, 223, 864, 1379, 3077, 3718, 4008, 4213, 4590, 4972, 5116, 5547, 5612, 5655, 5871, 5874, 5917, 6754, 7052, 7521, 8356, 8418, 9488] (23)
[12, 1451, 3078, 3117, 3162, 4263, 4782, 4894, 5070, 5512, 5539, 8216, 8364, 8481, 8545, 9809] (16)
[752, 1021, 1261, 1655, 2069, 2160, 2605, 2804, 2809, 3110, 6871, 7799, 7802, 9327, 9482] (15)
[1847, 1886, 2782, 3130, 3149, 3159, 3386, 5068, 5221, 6329, 6394, 6448, 6970, 8151, 8201, 9734] (16)
[1045, 1453, 2345, 2632, 2945, 3136, 3476, 3891, 4028, 4128, 5765, 6066, 6431, 6540, 7182, 8456, 9268, 9342, 9624, 9675, 9873] (21)
[1649, 2403, 2902, 3139, 3781, 3800, 4424, 4954, 5575, 5730, 6476, 7393, 7658, 8670, 8811, 9965] (16)
[1427, 1598, 2110, 2628, 2855, 3140, 3500, 4066, 4685, 4952, 5179, 6609, 8104, 8433, 9270, 9438] (16)
[961, 1641, 2854, 3168, 3690, 3766, 4266, 4413, 5672, 6054, 6488, 8671, 8758, 9046, 9178] (15)
[1048, 1440, 1735, 1982, 2042, 2191, 2442, 3200, 3233, 3511, 3628, 4415, 4645, 5123, 5645, 6277, 6815, 6934, 6939, 7793, 8361, 8362, 8366, 9092, 9097, 9659] (26)
[137, 774, 1375, 1430, 1431, 1594, 2066, 2367, 2826, 3202, 3843, 3964, 5023, 5372, 5915, 6158, 6173, 6398, 6436, 7314, 8860, 9754] (22)
[44, 868, 984, 1113, 1162, 1360, 1383, 2270, 2598, 2936, 3116, 3205, 3629, 3923, 4220, 6829, 6885, 6887, 7008, 8314, 8633, 9077, 9107, 9460] (24)
[437, 596, 1951, 2940, 3263, 3577, 4812, 5737, 6210, 6244, 6991, 7736, 8467, 8688, 9944] (15)
[1642, 1808, 2231, 3264, 3432, 3622, 4507, 5521, 6184, 6705, 7021, 7128, 7702, 9034, 9519] (15)
[953, 2168, 2324, 2699, 3265, 3625, 3672, 4326, 4367, 4439, 5396, 6467, 7063, 8661, 8807, 8905, 9626, 9627] (18)
[1210, 1214, 1693, 2138, 2204, 3268, 3374, 4771, 5285, 5572, 5667, 6197, 7633, 7688, 8381, 9141] (16)
[273, 396, 1303, 1884, 2741, 3328, 3757, 3864, 4140, 5252, 6056, 6755, 7462, 7568, 8236, 8315, 8851, 9356] (18)
[309, 366, 844, 946, 1889, 2038, 2325, 2885, 2986, 3181, 3318, 3329, 3379, 3897, 3915, 4277, 4315, 4442, 5082, 5115, 5132, 5460, 6899, 6965, 7249, 7404, 8368, 9207, 9259, 9289, 9654, 9665] (32)
[988, 1912, 2275, 2638, 2895, 3330, 3645, 3651, 5113, 5371, 7256, 7494, 7542, 8093, 8191] (15)
[519, 804, 992, 1120, 1861, 1996, 2144, 2312, 2766, 3089, 3331, 4478, 6367, 6491, 8051, 8086, 8526, 8964, 9037, 9229, 9241] (21)
[300, 1556, 2169, 2868, 3011, 3097, 3211, 3360, 6331, 7721, 8007, 8220, 8702, 9079, 9391] (15)
[690, 998, 1946, 2206, 2244, 3392, 5153, 5343, 5447, 5585, 5587, 5942, 6182, 6581, 7097, 8351, 8752, 9370, 9660] (19)
[453, 703, 1345, 1813, 2148, 2623, 3160, 3393, 3605, 3892, 3965, 4022, 4381, 4833, 4834, 4925, 6352, 6357, 6360, 6843, 7093, 7274, 7554, 7727, 7811, 8673, 8755, 8942, 9429, 9540] (30)
[588, 1064, 1863, 2770, 3087, 3397, 3504, 3801, 4668, 5308, 5420, 5676, 7165, 7946, 7998, 8441] (16)
[492, 980, 1109, 2278, 2686, 2952, 3456, 3761, 3882, 4280, 4281, 4407, 4563, 5614, 6567, 7634, 8380, 9131] (18)
[288, 802, 901, 2306, 2965, 3457, 3951, 5812, 6285, 6413, 7573, 7694, 7794, 7963, 8184, 8304, 9236, 9803, 9852] (19)
[720, 1416, 1486, 1838, 1950, 2727, 3430, 3461, 6650, 6886, 6892, 6921, 6999, 7001, 7096, 8032, 8160, 8363, 8848, 9825, 9832] (21)
[24, 40, 259, 3470, 3490, 3700, 4037, 4386, 5519, 5582, 5852, 6148, 6279, 8543, 8970] (15)
[48, 446, 1968, 3492, 4330, 4575, 5044, 5545, 5684, 7199, 7830, 7913, 7974, 8859, 9916] (15)
[843, 1740, 1754, 3520, 3710, 3802, 4363, 4562, 5710, 6234, 7082, 7336, 7385, 7687, 7894, 8170, 8321, 8739, 8795, 9444, 9679, 9925] (22)
[317, 798, 866, 1542, 2396, 2803, 2949, 3506, 3584, 3870, 4003, 4851, 5007, 5475, 5750, 5860, 6903, 9378] (18)
[368, 549, 1078, 1870, 2717, 3539, 3586, 3834, 4298, 4479, 6425, 6742, 6966, 7903, 8027, 8763] (16)
[767, 1572, 1583, 2480, 2491, 2985, 3387, 3467, 3482, 3589, 3848, 4271, 4493, 4797, 5431, 6832, 7589, 8474, 9981] (19)
[529, 1126, 1176, 1739, 2098, 2281, 2680, 2694, 3590, 3818, 5164, 7049, 7824, 8973, 9400] (15)
[1157, 1204, 1315, 2104, 3617, 3637, 4258, 4293, 5269, 6251, 6287, 6445, 7173, 8460, 8870] (15)
[1322, 1673, 1687, 2323, 2510, 2655, 3621, 3792, 5189, 5807, 6303, 6381, 8894, 9255, 9520] (15)
[113, 702, 816, 1335, 1526, 1727, 2749, 2872, 3029, 3639, 3944, 4275, 4808, 4955, 5049, 5051, 5300, 6711, 7229, 8123, 8656, 8995, 9008, 9526, 9782] (25)
[726, 1501, 1537, 1620, 2276, 2651, 3201, 3343, 3648, 3931, 6175, 6880, 7407, 7796, 8425, 8731, 9078, 9350, 9840] (19)
[1066, 1181, 1818, 1830, 2334, 2843, 3167, 3712, 4672, 5551, 5835, 5881, 6011, 6188, 6687, 6822, 9109, 9572] (18)
[413, 1220, 2987, 3002, 3148, 3206, 3714, 4095, 4577, 5055, 5604, 7065, 7445, 7507, 7675, 7812, 7943, 9719] (18)
[181, 378, 574, 839, 1246, 1603, 1978, 2588, 3410, 3715, 3859, 7074, 8313, 9051, 9313, 9454] (16)
[85, 142, 179, 2939, 3302, 3616, 3716, 4825, 5654, 6164, 6688, 6805, 7791, 7858, 8039, 9836] (16)
[710, 1444, 2626, 2629, 3146, 3288, 3777, 4989, 5432, 6564, 7210, 8096, 8147, 8816, 8957, 9276, 9880] (17)
[858, 948, 1061, 3495, 3786, 4082, 4689, 5046, 6049, 6700, 7763, 7781, 8360, 8619, 9272, 9951] (16)
[457, 808, 887, 1082, 2725, 3528, 3840, 4930, 5380, 6836, 7685, 7740, 8358, 8479, 9808] (15)
[638, 870, 1240, 1753, 3271, 3445, 3552, 3841, 6308, 6638, 7804, 8307, 8453, 8725, 9324, 9971, 9997] (17)
[159, 241, 1056, 1557, 3477, 3845, 3959, 4240, 4761, 5541, 6686, 6772, 6905, 7059, 7557, 7944, 8217, 8820, 9004, 9325] (20)
[1189, 1852, 2347, 3099, 3846, 4387, 4397, 4535, 4538, 4861, 5321, 5986, 6089, 6324, 6556, 6793, 9144, 9864] (18)
[282, 828, 975, 1081, 1270, 1821, 2733, 2743, 3867, 4385, 5314, 6312, 7579, 8528, 9093] (15)
[196, 1470, 2242, 2463, 2835, 3356, 3904, 5127, 5136, 5753, 6009, 6168, 6401, 6550, 8310, 8603, 8696, 8878] (18)
[743, 1564, 1679, 2357, 2775, 3278, 3282, 3911, 4044, 5810, 6842, 7088, 7708, 8240, 9442, 9495, 9937] (17)
[422, 480, 661, 663, 1017, 1184, 1426, 1787, 2569, 2708, 3092, 3235, 3901, 3968, 4017, 4265, 4721, 4906, 5261, 6532, 7447, 8195, 8414, 9365, 9507, 9643, 9895] (27)
[146, 2315, 2338, 2746, 3051, 3370, 3694, 3736, 3969, 4043, 4506, 4671, 4862, 5027, 6252, 7328, 7330, 7696, 7930, 8203, 9082] (21)
[373, 1031, 1231, 2847, 2947, 3610, 3970, 4136, 4306, 4331, 4370, 4827, 5949, 6522, 6750, 7139, 7461, 7921, 8164, 8198, 8390, 8723, 9187, 9610] (24)
[1683, 2131, 2266, 2542, 3695, 3824, 3835, 3978, 4601, 5073, 5619, 5713, 5740, 6432, 7186, 7399, 8534, 8535] (18)
[1810, 1842, 2209, 2597, 2844, 2979, 3108, 3400, 4032, 4309, 4503, 5552, 5673, 5816, 5937, 6217, 6306, 8243, 9941] (19)
[1071, 1723, 2216, 2456, 2460, 2473, 3133, 3503, 4034, 4637, 5151, 5652, 5677, 7967, 8202, 8872, 9823] (17)
[1438, 1507, 1566, 1784, 2761, 3031, 3325, 3953, 4036, 6032, 6034, 6310, 6655, 6992, 6993, 7118, 7279, 7395, 7558, 9384, 9884] (21)
[248, 465, 1745, 2157, 2893, 2959, 4040, 4430, 4441, 4552, 4747, 5644, 6107, 6363, 6637, 6739, 7218, 7540, 8473, 8532, 9331, 9548] (22)
[132, 1043, 2196, 4096, 4616, 5233, 5427, 5779, 6125, 6416, 7456, 7651, 8378, 8684, 8836, 8845] (16)
[485, 612, 1004, 1670, 2175, 2429, 2920, 3084, 4097, 4644, 6267, 6761, 7434, 7821, 8503, 8993, 9388, 9711] (18)
[738, 983, 1999, 2214, 2713, 3409, 3435, 4006, 4098, 4623, 4699, 4705, 5665, 5831, 6076, 6124, 6332, 6466, 6982, 7133, 7238, 7678, 7756, 7797, 8023, 8038, 8055, 8394, 8717, 9929, 9966] (31)
[610, 945, 1577, 1584, 3675, 4102, 4656, 4779, 4944, 5210, 5402, 5741, 5938, 6907, 7216, 7219, 8107, 8391, 8536, 8802, 9376, 9570, 9968] (23)
[440, 701, 2013, 2398, 4161, 4198, 5192, 6214, 6335, 6350, 7067, 7448, 7790, 9277, 9532] (15)
[197, 737, 753, 978, 1334, 1388, 2139, 2355, 2732, 3523, 3945, 4147, 4162, 4896, 4897, 4951, 5166, 5289, 6860, 7011, 7457, 7898, 8389, 8621, 8800, 9399, 9411, 9413, 9445] (29)
[597, 1736, 2149, 3021, 3134, 3207, 3453, 3776, 3986, 4094, 4224, 4466, 4521, 4803, 4919, 5433, 6111, 6366, 6928, 7019, 7129, 7398, 8650, 8886, 8996, 9910] (26)
[2361, 2559, 3626, 4021, 4221, 4225, 4409, 4775, 5085, 5118, 5524, 5543, 6818, 7960, 8513, 8597, 9212, 9735] (18)
[1732, 2734, 3018, 3928, 4228, 4272, 4402, 4403, 5511, 7452, 7464, 7686, 7931, 8751, 8989, 9511] (16)
[148, 1036, 1389, 2161, 3426, 3759, 4004, 4105, 4229, 5002, 5492, 7541, 7916, 8172, 8343, 9197, 9316, 9439] (18)
[173, 185, 477, 1835, 3076, 4256, 4915, 6171, 7071, 8285, 8772, 8904, 9027, 9161, 9464] (15)
[671, 815, 1271, 1495, 1628, 1917, 1944, 2089, 2521, 2974, 4288, 4646, 4666, 4799, 5271, 5303, 5546, 5789, 6454, 6820, 8018, 8260, 8388, 8468, 8765, 9253] (26)
[408, 821, 1070, 3346, 4291, 5162, 5516, 5932, 6048, 7828, 8017, 8022, 8043, 8209, 8990, 9568, 9778] (17)
[177, 316, 1211, 1258, 2662, 2933, 3217, 3427, 3686, 3799, 4084, 4296, 5306, 5984, 6246, 6523, 8185, 8330, 8565, 9262, 9363, 9817] (22)
[1617, 1699, 3303, 3478, 3525, 4320, 6821, 7332, 7442, 7899, 8428, 8552, 8716, 9731, 9995] (15)
[694, 1015, 4352, 4687, 5172, 6086, 6100, 7539, 8116, 8127, 8781, 9282, 9297, 9312, 9395, 9677, 9785, 9878] (18)
[157, 398, 1041, 1882, 3215, 4353, 4388, 4780, 4802, 5829, 6555, 6672, 7060, 7223, 8006, 8738] (16)
[125, 234, 428, 510, 575, 875, 1039, 1645, 1706, 1718, 2197, 2668, 3362, 3487, 3559, 3826, 4354, 6500, 7565, 8189, 8647, 8812, 9575, 9720] (24)
[108, 245, 924, 999, 1424, 2976, 3429, 3789, 4109, 4199, 4355, 6224, 6936, 7172, 9364, 9637] (16)
[1218, 1233, 1494, 2137, 2785, 3627, 3678, 4284, 4416, 4604, 5086, 6409, 6657, 8173, 9684] (15)
[311, 707, 733, 1443, 1722, 3183, 3229, 3531, 4058, 4417, 4746, 4931, 5617, 8385, 8486, 9441] (16)
[176, 1324, 1780, 2821, 2972, 3037, 4449, 5648, 5774, 5935, 6379, 6771, 8598, 9619, 9906] (15)
[171, 997, 2062, 2140, 2232, 2246, 2316, 3344, 3459, 3553, 4452, 4480, 4788, 6167, 7605, 9455] (16)
[82, 208, 598, 947, 1068, 1661, 1955, 2508, 2520, 3941, 4481, 5849, 6139, 6457, 7523, 8396, 9788] (17)
[276, 936, 1914, 2867, 3103, 3613, 3961, 4329, 4483, 5128, 5503, 9112, 9125, 9233, 9581] (15)
[250, 533, 888, 1297, 2053, 2636, 3821, 4249, 4485, 4650, 4769, 5284, 5770, 6141, 7179, 8844, 9527] (17)
[873, 2239, 2300, 2395, 2917, 4486, 5220, 5629, 5692, 6869, 7147, 7217, 7844, 8664, 9202, 9811, 9814] (17)
[735, 1117, 2020, 2027, 2417, 2469, 3216, 3767, 4127, 4489, 4512, 4605, 5635, 6866, 9266] (15)
[194, 1090, 1898, 2649, 3244, 3527, 4513, 5305, 5548, 5581, 6280, 6952, 7603, 7993, 8427] (15)
[558, 926, 2488, 2622, 3614, 3644, 4542, 4566, 4676, 5180, 5287, 6504, 6831, 7090, 7400, 8901, 9371] (17)
[629, 1234, 1489, 1622, 1874, 2419, 2812, 4544, 5470, 5613, 5757, 6583, 7267, 8402, 9066] (15)
[359, 1404, 1980, 2202, 3405, 3604, 4152, 4546, 5087, 5423, 5481, 6462, 6601, 6616, 7363, 9115, 9193, 9521] (18)
[103, 334, 350, 1252, 1275, 3403, 4429, 4608, 4622, 6073, 6160, 6264, 8392, 8906, 9673, 9764, 9922, 9982] (18)
[389, 1235, 2184, 2262, 2565, 2859, 4254, 4453, 4610, 5173, 5911, 6746, 8088, 8267, 8357, 9404, 9479, 9605, 9859] (19)
[509, 630, 1047, 2445, 3184, 3486, 3950, 4494, 4615, 6256, 6384, 7192, 7440, 7596, 8289, 8417, 8682, 9617, 9697] (19)
[16, 609, 1301, 1888, 3448, 4273, 4285, 4620, 4752, 5270, 5279, 6944, 7545, 8207, 8509, 8817, 9104] (17)
[6, 390, 955, 1744, 3363, 3895, 4641, 5141, 5590, 5892, 8036, 8253, 8735, 9234, 9716] (15)
[104, 4572, 4659, 4736, 5484, 6809, 6964, 7014, 8169, 8300, 8326, 8550, 8871, 9303, 9334] (15)
[226, 406, 1080, 2946, 4491, 4737, 5250, 7015, 7551, 7901, 8338, 8413, 8566, 8712, 9071] (15)
[655, 1479, 1958, 2511, 2969, 3711, 4117, 4738, 5777, 6052, 6585, 6658, 7592, 7846, 8409, 9237, 9492] (17)
[263, 418, 1907, 2910, 3297, 3335, 3563, 3862, 4121, 4344, 4740, 4887, 5856, 5950, 7159, 7161, 7206, 8430, 9709] (19)
[151, 535, 1076, 3594, 3788, 3876, 4206, 4410, 4745, 5028, 5906, 6233, 6974, 7961, 8562, 9189, 9228, 9405] (18)
[1942, 3068, 3347, 3890, 4007, 4085, 4768, 5419, 6338, 7801, 8332, 8972, 8999, 9164, 9771] (15)
[455, 471, 664, 2046, 2618, 2869, 3223, 4394, 4800, 4890, 5005, 5559, 6215, 6716, 7057, 7078, 7453, 8244, 9924] (19)
[478, 1201, 1330, 1439, 1458, 3391, 4805, 5562, 7127, 8410, 8591, 8907, 9022, 9528, 9653, 9897] (16)
[158, 417, 1339, 1877, 3006, 3210, 3877, 3900, 4255, 4362, 4365, 4809, 6138, 6193, 8745, 9806] (16)
[2254, 3219, 3319, 3385, 3975, 4846, 4864, 4913, 5275, 5620, 6247, 6276, 6378, 6644, 8211] (15)
[895, 2243, 2252, 2332, 2356, 3253, 3321, 4246, 4867, 5457, 6026, 6654, 6945, 7468, 8190, 8399, 8877, 9465, 9647] (19)
[466, 878, 1372, 1631, 1633, 2285, 3157, 3939, 4652, 4868, 5295, 5367, 7013, 7391, 7889, 8490, 8913, 9592] (18)
[239, 377, 1384, 2163, 2199, 3279, 4060, 4625, 4870, 4949, 5094, 5277, 5804, 8278, 8519, 9191] (16)
[633, 749, 1396, 2093, 2479, 2928, 3315, 3463, 3756, 4588, 4928, 5003, 5845, 6195, 6399, 6690, 7822, 8099, 8132, 9274, 9613, 9715] (22)
[298, 468, 958, 1273, 2294, 3290, 3665, 4591, 4760, 4929, 5787, 5794, 6455, 6569, 7606, 8987, 9740] (17)
[337, 511, 1749, 2929, 3034, 3411, 4045, 4185, 4983, 4992, 6347, 6492, 6994, 7379, 7971, 8000, 8197, 8523, 9567] (19)
[1129, 2010, 2032, 2399, 2421, 3225, 4487, 4993, 6099, 6781, 7387, 7504, 8081, 9163, 9310] (15)
[617, 856, 1163, 1550, 2076, 2122, 2253, 2328, 2519, 2550, 3058, 3416, 3561, 4112, 4982, 5001, 5488, 5989, 6122, 6143, 6520, 6543, 6783, 6877, 6891, 7190, 7213, 7530, 8063, 8604] (30)
[307, 741, 1602, 2657, 3209, 3423, 4438, 4630, 4684, 5056, 5891, 6013, 7211, 7895, 8504, 9044] (16)
[351, 372, 1160, 1215, 1354, 1757, 2287, 2537, 2545, 2730, 2948, 3028, 3542, 3956, 5057, 5341, 5344, 5437, 5967, 5969, 6747, 6997, 7260, 7904, 8785, 9893, 9935, 9974] (28)
[429, 543, 553, 1461, 2063, 2088, 2103, 2978, 3357, 4301, 4498, 5120, 6554, 8219, 9423] (15)
[531, 1092, 1096, 1286, 2271, 3372, 4179, 4522, 5124, 5175, 5783, 6313, 6565, 7446, 7639, 7847, 8098, 8747] (18)
[842, 1442, 1465, 2178, 2664, 3919, 4681, 5185, 5817, 6071, 7778, 7923, 8546, 9672, 9815, 9950, 9989] (17)
[111, 341, 383, 1374, 2388, 3415, 3729, 3763, 3974, 4921, 5142, 5248, 5463, 6177, 6624, 6632, 7518, 7683, 8034, 8593, 8815, 9231, 9766] (23)
[3, 90, 203, 792, 1276, 1832, 2065, 2426, 4091, 4647, 4875, 4911, 5249, 6166, 6271, 6692, 6699, 6948, 7992, 8232, 8589, 8625] (22)
[105, 993, 1040, 1042, 1164, 1249, 2031, 2152, 2301, 2443, 2943, 3047, 3954, 4125, 4502, 4551, 4660, 4841, 5254, 5785, 6485, 6896, 7825, 8085, 8171, 8687] (26)
[525, 639, 747, 2728, 3281, 3548, 4722, 5126, 5313, 7412, 7590, 8461, 8489, 8494, 9052, 9180, 9398, 9424] (18)
[611, 1194, 1326, 2993, 3030, 3247, 4565, 4917, 5316, 5350, 5704, 6856, 7064, 7237, 8206, 8249, 8902, 9278, 9490] (19)
[526, 681, 2827, 3977, 4469, 4872, 5052, 5076, 5140, 5318, 5412, 7599, 7990, 8484, 8592, 9009] (16)
[199, 213, 419, 452, 1074, 1114, 1321, 1462, 1504, 1599, 1635, 2159, 2249, 2420, 2639, 3518, 3642, 3676, 4041, 4468, 4945, 4987, 5026, 5158, 5226, 5370, 5445, 5747, 5797, 5983, 6452, 6595, 7099, 7132, 7674, 7726, 7748, 7875, 7985, 8060, 8145, 8316, 8421, 8542, 9036, 9396] (46)
[192, 1314, 1833, 2538, 2672, 4188, 5376, 5603, 5727, 6732, 7345, 7842, 8865, 8867, 9678] (15)
[28, 467, 470, 1136, 1382, 1471, 1618, 2129, 2768, 2907, 3680, 3734, 3942, 4369, 4690, 4749, 4824, 5228, 5436, 5440, 5499, 6362, 6777, 6942, 6979, 7384, 8263, 9150, 9295, 9329] (30)
[1329, 1478, 1743, 1824, 1998, 2071, 2080, 4658, 4766, 5144, 5442, 6365, 6795, 7329, 7697, 8118, 8601, 9481] (18)
[315, 491, 605, 2189, 2364, 2518, 2587, 2853, 3646, 3784, 5444, 5598, 6253, 6608, 6745, 7264, 8144, 8951, 9426, 9713] (20)
[15, 3119, 4510, 4753, 5504, 5675, 5922, 6150, 6430, 6685, 6814, 7276, 7619, 8205, 9514, 9747] (16)
[178, 1075, 1318, 2656, 2877, 2892, 2997, 3533, 3652, 3814, 3889, 3893, 4325, 4443, 4583, 4792, 5177, 5505, 5843, 6180, 6323, 6343, 6437, 6594, 6868, 6989, 7482, 7491, 7595, 7978, 8159, 8271, 8749, 8992, 9174, 9269, 9283, 9314, 9651, 9737, 9921] (41)
[365, 723, 751, 898, 952, 1587, 1750, 1858, 2145, 2405, 2586, 2654, 3696, 3765, 5000, 5079, 5478, 5506, 6172, 6751, 7753, 8259, 9428, 9498, 9683, 9846] (26)
[183, 805, 1168, 1171, 2061, 2570, 2641, 2715, 3129, 3145, 3721, 4822, 5018, 5483, 5510, 5659, 7280, 7962, 9260, 9919] (20)
[138, 340, 731, 1678, 1741, 1984, 2036, 2903, 3308, 3674, 3903, 4053, 5122, 5199, 5568, 5589, 5663, 5945, 6281, 6358, 7502, 7516, 7738, 8281, 8525, 8541, 8981, 9756] (28)
[566, 1425, 3252, 3798, 5013, 5059, 5571, 6254, 7101, 7862, 8054, 8176, 9095, 9288, 9402] (15)
[561, 1763, 2977, 2992, 3228, 3618, 3993, 4448, 5573, 6443, 6728, 7196, 7346, 7479, 7712, 8744, 8746, 9121] (18)
[36, 49, 562, 628, 1623, 1636, 1694, 2490, 5580, 5600, 6701, 7614, 7711, 8227, 9726] (15)
[294, 339, 943, 2333, 2829, 3567, 3966, 3996, 4123, 5632, 5847, 6307, 7471, 8476, 8892, 9006, 9772] (17)
[100, 604, 668, 907, 1638, 2652, 2702, 2856, 3066, 3249, 3573, 3745, 3906, 4073, 4636, 4697, 5097, 5633, 6937, 7382, 7483, 7908, 8117, 9574] (24)
[2033, 2185, 2523, 2898, 3850, 4586, 5570, 5634, 5656, 5955, 7106, 7388, 7679, 8529, 8690] (15)
[325, 443, 523, 2846, 3855, 5650, 5668, 5970, 6442, 7047, 7048, 7125, 8586, 8727, 9414] (15)
[30, 39, 162, 403, 981, 996, 2515, 2914, 3399, 4119, 4411, 4508, 5016, 5701, 5968, 6675, 7662, 8627, 8980] (19)
[124, 231, 634, 942, 1467, 2386, 2506, 2548, 3259, 3611, 3635, 3689, 5025, 5047, 5195, 5373, 5398, 5468, 5597, 5760, 6097, 6958, 7095, 7111, 8005, 8113, 8406, 8495, 9047, 9053, 9186, 9340] (32)
[32, 106, 1167, 1688, 1894, 2283, 2402, 3239, 3483, 3872, 3902, 5131, 5355, 5403, 5761, 6059, 6490, 6671, 7169, 8042, 8089, 9494] (22)
[31, 362, 371, 625, 2086, 2757, 2837, 3443, 3601, 4926, 5074, 5329, 5690, 5763, 5782, 6087, 7506, 8573, 8711, 9275, 9668] (21)
[232, 352, 1049, 1487, 2006, 2052, 2815, 3250, 3274, 5067, 5223, 5744, 5792, 6304, 9478] (15)
[130, 716, 884, 1006, 1466, 1695, 1729, 1801, 3510, 3603, 4541, 4617, 4663, 4724, 5743, 5796, 5824, 9466, 9518, 9598, 9885] (21)
[133, 1493, 1979, 2064, 2418, 3632, 3918, 5133, 5152, 5664, 5825, 6967, 7110, 7191, 7317, 8514, 8864, 9244, 9485] (19)
[9, 965, 994, 1560, 1873, 2259, 4587, 4717, 5108, 5474, 5489, 5768, 5826, 5903, 6694, 6774, 7637, 7754, 7932, 8317, 8954, 9175, 9296, 9333, 9561, 9958] (26)
[190, 1839, 2346, 2394, 2787, 3054, 3373, 4396, 4446, 4561, 4817, 5591, 5830, 5876, 6845, 6960, 7604, 8442, 8944, 9447] (20)
[518, 1241, 1652, 2924, 3320, 3663, 4985, 5247, 5399, 5888, 7381, 7467, 8277, 8298, 9060] (15)
[469, 719, 791, 835, 1373, 1509, 1871, 2177, 2392, 2524, 3007, 3575, 4081, 4609, 5058, 5063, 5235, 5352, 5639, 5889, 6641, 7028, 7617, 7671, 8020, 8138, 8767, 8821, 9456] (29)
[1147, 2022, 2272, 3339, 3341, 3685, 3930, 4247, 4343, 4702, 5755, 5895, 6119, 6187, 6502, 8446] (16)
[149, 1406, 2067, 3065, 3257, 4011, 5298, 5366, 5389, 5896, 6174, 6435, 6473, 6545, 6729, 7204, 7864, 9387] (18)
[167, 682, 1380, 1463, 1464, 1746, 2147, 3722, 3770, 5272, 5952, 6029, 6061, 7045, 7612, 7850, 9137, 9500] (18)
[301, 516, 862, 1018, 1521, 1771, 1862, 2154, 2900, 3305, 3562, 3976, 4080, 4963, 4970, 5211, 5733, 5954, 6036, 6852, 7203, 8059, 8261, 8444, 8677, 8793, 9667] (27)
[35, 555, 790, 916, 1062, 2074, 2303, 3727, 5328, 6016, 6403, 6983, 7209, 8070, 8875, 9126, 9258, 9390, 9467] (19)
[346, 622, 1492, 2582, 2771, 3170, 3704, 4057, 4830, 5098, 5379, 5974, 6017, 6041, 6910, 7285, 8155, 8223, 8930, 9907] (20)
[136, 571, 645, 823, 1005, 1668, 3377, 3515, 3583, 4290, 4458, 5899, 6018, 6348, 6353, 6419, 6662, 7061, 7429, 8204, 8235, 8849, 9635] (23)
[187, 606, 794, 2056, 2513, 2539, 2759, 2795, 2881, 3147, 3283, 3422, 3772, 3948, 4435, 4597, 4688, 4798, 4806, 5100, 6019, 6078, 6263, 7131, 7201, 7359, 7951, 8153, 8254, 8768, 9188, 9799, 9955] (33)
[501, 1934, 3351, 3833, 3988, 4124, 4126, 4348, 5035, 5628, 5957, 6021, 6544, 6768, 8179] (15)
[376, 673, 831, 1840, 2258, 2280, 2335, 2555, 2621, 3398, 3516, 3880, 4072, 4943, 5154, 5171, 5335, 5454, 5480, 5557, 5805, 5993, 6040, 7508, 7586, 7646, 7759, 8003, 8061, 8168, 8252, 8395, 8571, 8740, 9813, 9826, 9909] (37)
[74, 94, 621, 840, 902, 1216, 2849, 2908, 3005, 3155, 4023, 4274, 4741, 4927, 5497, 6080, 6794, 6862, 6870, 8073, 8928, 9040, 9319, 9524, 9657, 9807] (26)
[363, 1102, 1133, 1713, 2023, 2297, 3138, 3192, 3806, 4176, 5767, 6081, 6105, 6268, 6900, 6996, 8273, 8524, 8777, 8914] (20)
[1166, 3242, 3728, 3910, 4194, 4233, 4754, 4781, 5092, 5203, 5560, 5956, 6082, 7320, 9999] (15)
[285, 415, 736, 1245, 1455, 2195, 3929, 4261, 5556, 5997, 6069, 6096, 7069, 7327, 7597, 9770] (16)
[7, 314, 1159, 1724, 2128, 3064, 3460, 4215, 4832, 5042, 6106, 6144, 6295, 7310, 7455, 7549, 7611, 7959, 9890] (19)
[81, 165, 312, 481, 725, 1363, 1650, 2156, 2397, 3657, 4150, 4243, 4947, 5296, 5509, 6147, 6393, 6474, 7265, 7421, 7645, 8305, 9689, 9741, 9851] (25)
[110, 233, 624, 1546, 1647, 1809, 2382, 3177, 3420, 3609, 3794, 4680, 4811, 5125, 5973, 6042, 6209, 6392, 6639, 6748, 7251, 7765, 8047] (23)
[636, 795, 928, 1935, 2073, 3447, 3568, 3643, 3957, 4134, 5721, 5910, 5933, 6129, 6272, 6449, 6679, 7153, 8631, 8854, 8896, 9348, 9972] (23)
[343, 388, 1632, 2299, 2899, 3650, 3658, 3719, 4765, 5467, 5758, 5965, 6336, 6359, 6865, 7489, 8706, 8929, 9103] (19)
[2263, 3118, 3237, 4013, 4074, 5032, 5385, 5466, 5769, 6339, 7587, 7706, 8231, 8398, 9298, 9436, 9612, 9743, 9755] (19)
[1674, 1781, 2956, 3038, 4465, 4853, 5065, 6370, 6580, 7887, 7987, 8100, 8782, 8791, 9138] (15)
[251, 660, 1196, 2457, 2756, 3740, 4401, 4528, 4655, 5762, 5780, 6068, 6400, 8137, 8649, 8801, 9757, 9879] (18)
[514, 1368, 1534, 1548, 2308, 2579, 2909, 3022, 3365, 4549, 5150, 6402, 7755, 8347, 9076, 9446] (16)
[120, 1033, 1046, 1579, 1825, 1900, 2452, 2669, 2839, 5651, 5759, 6380, 6404, 7594, 7935, 9759] (16)
[427, 2735, 3212, 3545, 3857, 4477, 4778, 5024, 5174, 5425, 6407, 7333, 7512, 7779, 8112, 8876, 8880] (17)
[99, 416, 700, 989, 3509, 4337, 5109, 5461, 5618, 5786, 6464, 7148, 7152, 7360, 7370, 8121, 9273, 9559, 9789, 9911] (20)
[508, 852, 1014, 1123, 1232, 1811, 2135, 3154, 3173, 3243, 3309, 3920, 4304, 5283, 5878, 6479, 6649, 6759, 6778, 7221, 7710, 7768, 7798, 8346, 8700, 8956, 9820] (27)
[107, 292, 1035, 2172, 2871, 2922, 2931, 4106, 4456, 4704, 5953, 6528, 7150, 7224, 7553, 8045, 8355, 8506, 8568, 8583, 9415, 9579] (22)
[163, 164, 1377, 1656, 1714, 1837, 2146, 3156, 4027, 4250, 5533, 6546, 7917, 8222, 8502, 9389] (16)
[1519, 1540, 3245, 3375, 4148, 5353, 6037, 6560, 6615, 7325, 7419, 8004, 8404, 8910, 9153] (15)
[62, 269, 801, 1225, 1227, 1528, 1827, 1831, 2240, 2563, 2710, 2721, 3107, 3112, 3428, 3502, 3608, 3731, 3858, 4434, 5456, 6592, 7072, 7865, 8078, 8798] (26)
[590, 695, 880, 1381, 3053, 4948, 5204, 5859, 6351, 6604, 6647, 8024, 8408, 8420, 9652, 9762] (16)
[756, 1748, 2230, 3255, 4214, 4361, 4514, 6023, 6656, 6791, 7046, 8056, 8778, 9335, 9724] (15)
[918, 1032, 2171, 3828, 4973, 5887, 6033, 6186, 6508, 6659, 6808, 7351, 7515, 8822, 9946, 9947] (16)
[91, 603, 1105, 1179, 4764, 5101, 5607, 6664, 6792, 7690, 8266, 8599, 9634, 9641, 9827, 9847] (16)
[903, 1796, 2079, 2919, 2934, 3236, 4204, 4584, 4739, 4962, 5358, 5476, 6525, 6722, 6909, 7149, 8175, 8932, 9065, 9487, 9894] (21)
[583, 1660, 1715, 2277, 2700, 3044, 3402, 4166, 4692, 5110, 6371, 6725, 6738, 7208, 7262, 7732, 7869, 8377, 8655, 8943, 9030, 9339, 9443, 9917] (24)
[412, 1708, 1805, 3121, 3248, 4375, 4380, 4677, 4756, 4934, 4999, 5679, 6153, 6344, 6720, 6784, 7068, 7284, 7430, 8501, 9379, 9459] (22)
[833, 1456, 1868, 2319, 3804, 6091, 6477, 6612, 6726, 6785, 7437, 7871, 9551, 9681, 9858, 9990] (16)
[559, 806, 832, 959, 1856, 3122, 3407, 3764, 4383, 4640, 4776, 5428, 6816, 9287, 9621] (15)
[401, 827, 1034, 1077, 1186, 1597, 2726, 6047, 6084, 6438, 6848, 7248, 7632, 8329, 8726] (15)
[53, 86, 557, 1185, 1277, 3086, 3376, 3938, 6330, 6851, 7519, 7953, 8105, 8946, 9555, 9674, 9791, 9994, 9996] (19)
[631, 654, 2557, 3324, 3634, 4192, 5726, 6002, 6050, 6912, 7663, 7701, 7912, 8095, 8248, 8309, 8429, 8510, 9081, 9128] (20)
[88, 2468, 2610, 3141, 3491, 3791, 4048, 4807, 5404, 5790, 5980, 6475, 6723, 6913, 8786] (15)
[1065, 1112, 1146, 1161, 1325, 3493, 4755, 6015, 6284, 6914, 6931, 7035, 7926, 8499, 8756, 9102] (16)
[296, 659, 893, 1260, 1943, 3723, 5276, 5429, 5739, 5866, 6289, 6689, 6915, 7055, 7656, 8319] (16)
[692, 1158, 1317, 1939, 2173, 2576, 3106, 4627, 6012, 6030, 6673, 6916, 7401, 8824, 9203, 9318, 9662] (17)
[361, 940, 1140, 1949, 1964, 2109, 2200, 2681, 2901, 3494, 3738, 4122, 4283, 4400, 4569, 4653, 4900, 4935, 5691, 5715, 6079, 6083, 6140, 6472, 6575, 6933, 7349, 7402, 7413, 7677, 7838, 7925, 8029, 8282, 8386, 8988, 9418, 9515, 9650] (39)
[1571, 2115, 2474, 2695, 3468, 3726, 4612, 4638, 4759, 5453, 6935, 6946, 8790, 8997, 9224] (15)
[433, 2005, 2090, 3277, 3659, 3820, 4418, 4537, 5021, 5685, 5941, 6596, 6976, 6981, 8371] (15)
[29, 131, 1169, 2577, 2971, 3972, 5187, 5238, 6593, 6646, 6653, 6977, 7036, 7478, 8713, 9452, 9504] (17)
[772, 2311, 2883, 2884, 3481, 3783, 5486, 6039, 6341, 6427, 6597, 6890, 6978, 7520, 8419, 9949] (16)
[118, 222, 530, 1098, 1293, 2009, 2554, 3345, 5138, 6085, 6288, 6620, 6735, 6980, 8553, 8813, 9205] (17)
[122, 527, 2320, 3720, 4994, 5697, 6534, 6810, 7040, 8109, 8636, 9732, 9739, 9822, 9849] (15)
[198, 1987, 2411, 3418, 4843, 4920, 5978, 6072, 6447, 6456, 6867, 7042, 7630, 7724, 8255] (15)
[347, 1348, 1885, 2591, 2653, 3887, 4260, 5147, 5307, 6190, 6325, 6636, 7075, 8908, 9646] (15)
[323, 1207, 2126, 3069, 3647, 4525, 4866, 5088, 5815, 5832, 5902, 5985, 6305, 6526, 6709, 7105, 7154, 7609, 7615, 7892, 8455, 8920, 9323, 9599, 9722] (25)
[400, 442, 734, 800, 2222, 2343, 2366, 2822, 2887, 3019, 3336, 3817, 5139, 5520, 6453, 6930, 7058, 7162, 7986, 8016, 9736] (21)
[116, 279, 382, 845, 1357, 1644, 1786, 2218, 2748, 3668, 3936, 4596, 4599, 4701, 5239, 6095, 6507, 6613, 6635, 6645, 7168, 7513, 7667, 8548, 8608, 8794, 8985, 9069, 9927, 9957] (30)
[683, 781, 1030, 1069, 2435, 2831, 3294, 3908, 5259, 5840, 6075, 6874, 6938, 7113, 7170, 7305, 9353, 9831] (18)
[95, 348, 849, 2039, 2431, 2547, 3679, 4664, 5362, 5844, 5987, 6619, 6669, 6995, 7177, 7537, 7538, 7952, 8879, 9105, 9717] (21)
[170, 302, 1448, 1581, 2532, 2596, 3348, 3875, 4796, 4908, 5148, 5310, 5535, 6273, 7232, 8736, 8912, 9902] (18)
[1459, 2634, 4132, 4282, 5242, 5542, 6405, 6796, 6943, 7227, 7296, 7699, 8182, 8247, 8579, 9246, 9857] (17)
[342, 635, 977, 1551, 2151, 2767, 3150, 3178, 3286, 3669, 4626, 4728, 5008, 5137, 5149, 6133, 7155, 7297, 7390, 7487, 7649, 7773, 8337, 8923, 8939, 9421, 9422, 9470, 9959, 9983] (30)
[708, 1362, 1890, 2788, 2805, 3059, 3574, 3847, 3982, 4893, 5218, 5264, 5336, 5359, 6397, 6482, 6486, 6718, 6897, 7244, 7300, 7377, 7392, 7500, 7543, 8819, 9976] (27)
[235, 326, 330, 420, 537, 847, 917, 930, 991, 1111, 1119, 1296, 2021, 2627, 2962, 3151, 3270, 3808, 3940, 4607, 5464, 5649, 5850, 5864, 6055, 6558, 6617, 7117, 7286, 7308, 7459, 7576, 7642, 7787, 7843, 8166, 8423, 8862, 8979, 9440, 9671, 9898] (42)
[329, 4212, 4733, 5119, 5190, 5828, 6199, 7225, 7361, 8082, 8297, 8373, 8470, 8721, 9431] (15)
[872, 2087, 4031, 4916, 4966, 6123, 6428, 7029, 7354, 7362, 7422, 7436, 8439, 8692, 9168] (15)
[79, 757, 2305, 2489, 3579, 4061, 4062, 4670, 5060, 6127, 6465, 6730, 6749, 6962, 7424, 7766, 9143, 9784, 9979] (19)
[78, 693, 1177, 2375, 3280, 4342, 4356, 4408, 4509, 5395, 5563, 6269, 6584, 6998, 7425, 7578, 7997, 8873, 9067] (19)
[715, 748, 967, 1300, 2923, 3406, 4052, 4056, 4174, 4836, 5707, 5775, 6046, 6415, 7079, 7431, 8302, 8540, 8564, 9035] (20)
[180, 658, 669, 1010, 1103, 1932, 2141, 2423, 2848, 3166, 4089, 7116, 7432, 8186, 8443, 8602, 8703, 9326, 9698] (19)
[261, 1561, 1707, 1819, 3587, 4158, 4892, 4909, 5392, 7212, 7293, 7458, 8615, 9338, 9484] (15)
[215, 1206, 1845, 2400, 2501, 2744, 3971, 4038, 4190, 4709, 5093, 5186, 5606, 7233, 7488, 7867, 7924, 8135, 8265, 8372, 9160, 9292, 9980] (23)
[304, 1124, 1712, 1893, 2212, 2828, 3000, 4450, 4790, 5334, 7050, 7497, 7905, 8224, 9569, 9702] (16)
[1829, 3599, 3947, 5608, 5813, 5940, 6493, 6911, 7228, 7484, 7501, 7970, 8242, 8288, 9238, 9305] (16)
[73, 135, 765, 1776, 2182, 3185, 3197, 3361, 3762, 4142, 4183, 5015, 5943, 7005, 7552, 7623, 8416, 9048, 9250, 9542] (20)
[8, 356, 714, 785, 1028, 1267, 1295, 1353, 1378, 1415, 1606, 3041, 3395, 3543, 4239, 4384, 4686, 4773, 5354, 5588, 6790, 7108, 7555, 7964, 9564] (25)
[55, 1198, 1405, 1541, 2077, 2188, 2448, 2549, 2954, 4171, 4351, 4946, 5111, 5297, 5369, 6340, 6533, 7038, 7066, 7556, 9135, 9351] (22)
[1397, 2541, 3389, 4015, 5176, 5751, 5803, 6176, 6957, 7146, 7151, 7559, 7689, 8180, 8440, 8698, 8825, 9510] (18)
[22, 684, 787, 851, 920, 2738, 2772, 3266, 3752, 6621, 7584, 8918, 9877, 9889, 9954] (15)
[687, 1037, 1612, 1682, 1973, 2861, 3098, 3512, 4648, 5274, 5811, 6282, 6342, 7053, 7087, 7188, 7616, 9029, 9748] (19)
[1038, 2057, 2162, 3102, 3171, 4010, 4236, 4390, 5240, 6183, 6296, 7235, 7364, 7618, 8374, 8613, 9888] (17)
[209, 1278, 2084, 2584, 2705, 2836, 3595, 3623, 4000, 4504, 4899, 5642, 5905, 6196, 7358, 7624, 7705, 7717, 8090, 9118, 9780] (21)
[2203, 2290, 2536, 2637, 4791, 4914, 5842, 6003, 6825, 7628, 7979, 8057, 8511, 8742, 9110, 9767] (16)
[324, 770, 1909, 2845, 3096, 3191, 4075, 4292, 4307, 4842, 6538, 7653, 7680, 8012, 8640, 9792] (16)
[328, 1222, 1230, 1392, 1834, 1993, 3073, 3558, 3662, 4143, 4574, 5802, 6202, 6314, 6321, 6634, 6841, 6902, 6954, 7025, 7681, 8628, 8931, 9563, 9586] (25)
[1125, 1911, 2531, 2589, 3101, 4210, 4879, 6354, 7397, 7427, 7665, 7682, 8188, 9235, 9336] (15)
[915, 1454, 1686, 1778, 1814, 1905, 2377, 3142, 3735, 3842, 4398, 4405, 4629, 5038, 5449, 5491, 5929, 6478, 7426, 7547, 7744, 8367, 9463, 9468] (24)
[1013, 1243, 1403, 1480, 1629, 2870, 3042, 3198, 4804, 4869, 6663, 7745, 7994, 9704, 9882] (15)
[803, 1175, 1684, 1956, 2619, 3383, 4377, 4404, 5062, 5438, 6116, 6434, 6703, 7707, 7749, 8465] (16)
[355, 1016, 1144, 1535, 2026, 2059, 3530, 3851, 4039, 4178, 5473, 6744, 6889, 7535, 7751, 8031, 9489, 9552, 9829] (19)
[1316, 2751, 2811, 2834, 2858, 3014, 4719, 4977, 5495, 5918, 7435, 7808, 7981, 8626, 8891] (15)
[84, 305, 1058, 4461, 4696, 4743, 5384, 5416, 5657, 6300, 6514, 7809, 8572, 9341, 9685, 9749] (16)
[520, 713, 750, 1019, 1155, 1419, 1580, 1922, 3436, 4902, 7786, 7810, 9013, 9074, 9450] (15)
[65, 580, 2362, 2817, 3551, 4196, 4323, 4585, 5080, 5988, 6128, 7872, 7996, 9585, 9798, 9841] (16)
[395, 910, 1530, 1758, 1957, 3670, 3844, 4881, 6094, 6162, 6192, 6206, 6316, 6702, 6826, 6959, 7319, 7342, 7936, 7976, 8792, 9541] (22)
[254, 1116, 1822, 2092, 2106, 2107, 2551, 2784, 2894, 3937, 4472, 4922, 5156, 5574, 5991, 7480, 7534, 7771, 7937, 8077, 8084, 8400, 8771, 9179, 9589] (25)
[1484, 1865, 1875, 2567, 3334, 3703, 4978, 5209, 5490, 5564, 5625, 6135, 6259, 6807, 7340, 7423, 7560, 7938, 9007, 9931] (20)
[761, 1003, 1044, 1904, 2673, 3241, 3572, 3856, 3885, 4005, 4524, 5345, 6120, 6391, 6566, 6765, 7366, 7420, 7562, 7939, 8741] (21)
[17, 206, 1398, 1468, 1626, 2060, 2376, 2428, 4379, 4437, 4874, 4941, 5188, 5219, 5507, 5823, 5880, 5966, 5976, 6104, 6345, 7247, 7620, 8002, 9019, 9146, 9170, 9939] (28)
[517, 572, 1292, 2950, 3008, 3262, 3653, 5583, 5752, 5885, 6328, 6876, 7033, 7122, 8064, 8312, 8638] (17)
[677, 969, 2224, 2866, 3921, 4968, 5036, 5048, 5686, 5799, 5951, 7086, 7758, 8067, 9100, 9608] (16)
[175, 754, 2408, 2410, 2564, 2742, 3057, 4319, 4454, 5728, 6115, 6245, 6571, 7266, 7737, 8068, 8857] (17)
[19, 353, 623, 819, 1054, 1429, 2644, 3067, 3508, 4079, 4181, 4589, 4871, 5578, 5592, 6605, 6798, 6833, 6878, 6987, 7222, 7365, 7499, 8131, 8292, 8370, 8926, 9056, 9213, 9860] (30)
[593, 782, 1086, 1545, 1800, 1887, 2497, 3275, 3293, 4936, 5066, 5312, 6109, 6857, 8165, 8192, 8705, 9544] (18)
[169, 237, 689, 937, 1945, 2966, 3464, 5901, 6149, 7406, 7564, 7719, 7973, 8193, 9746] (15)
[43, 616, 1395, 2661, 2840, 2852, 4950, 5216, 5262, 6161, 6499, 6801, 7003, 7532, 8200, 8672, 9420, 9618, 9833] (19)
[126, 637, 2215, 2349, 2580, 2794, 3313, 4332, 4517, 4633, 4742, 4863, 5734, 5879, 6674, 7344, 7411, 8256, 8497, 9644] (20)
[1106, 2174, 3322, 3811, 3815, 3909, 4457, 4847, 5020, 5637, 6411, 6541, 8257, 8839, 9033, 9039, 9493, 9580] (18)
[409, 657, 1496, 1663, 1896, 2127, 2193, 2265, 2455, 3588, 4141, 4598, 4828, 4979, 5670, 5698, 6406, 7070, 7722, 8320, 9938] (21)
[50, 1137, 1643, 2675, 2760, 3600, 4014, 4208, 4661, 6249, 6827, 7563, 8322, 9328, 9642] (15)
[489, 656, 871, 935, 1553, 2030, 3452, 3987, 5112, 5258, 5731, 6496, 6551, 7789, 8026, 8324, 9712, 9812] (18)
[145, 1148, 1527, 2640, 3666, 4197, 4234, 4467, 5365, 5624, 7376, 8325, 8549, 9167, 9942] (15)
[70, 1202, 1803, 2470, 3582, 5255, 5925, 6020, 6853, 7171, 7240, 7929, 8354, 8580, 9738] (15)
[425, 1139, 2339, 2553, 2679, 3540, 4573, 4731, 5998, 6396, 7524, 8103, 8181, 8448, 8975] (15)
[855, 986, 3701, 4054, 5200, 5217, 6103, 6152, 6743, 7394, 7526, 8210, 8449, 8559, 8754, 8950, 9227, 9655, 9853] (19)
[205, 1449, 1738, 2379, 2453, 3384, 4172, 4440, 4734, 5434, 5702, 5884, 6618, 7299, 7510, 7845, 8450, 9669] (18)
[1007, 1385, 1615, 1671, 1672, 1936, 2485, 2535, 4531, 5267, 5525, 6762, 8199, 8451, 8826, 9000, 9021, 9111] (18)
[219, 780, 783, 860, 1500, 2158, 2659, 2671, 3898, 4120, 4318, 5081, 5776, 6283, 6487, 6627, 8161, 8452, 9190, 9818] (20)
[243, 338, 507, 970, 1481, 1609, 2015, 2409, 4595, 6610, 7509, 7927, 8187, 8350, 8454, 8874] (16)
[92, 578, 582, 727, 1503, 1719, 1766, 2016, 2018, 2687, 3194, 3311, 3501, 3546, 3564, 4345, 4425, 4558, 4621, 6518, 7006, 7051, 7114, 7120, 7134, 7246, 7289, 7470, 8301, 8458, 8895, 8971, 9080, 9534] (34)
[59, 1100, 1327, 1457, 1621, 1659, 2645, 2889, 3032, 3401, 3807, 5553, 5822, 7533, 7641, 8379, 8512, 9666, 9794] (19)
[5, 560, 1460, 2227, 2762, 4076, 6101, 6198, 6226, 6788, 7893, 8515, 8635, 8922, 9285] (15)
[293, 556, 985, 1307, 2365, 3513, 3746, 4564, 5671, 6179, 6553, 6817, 7323, 8115, 8226, 8279, 8517] (17)
[236, 249, 548, 607, 1370, 1691, 1769, 1891, 2043, 2047, 2120, 3741, 3778, 4316, 4860, 4956, 5232, 5764, 6302, 6515, 7144, 7181, 8194, 8576, 8667, 8769, 8933, 8958] (28)
[369, 3083, 3295, 3307, 3462, 4975, 6134, 6261, 6483, 7638, 8025, 8066, 8577, 9591, 9645] (15)
[2533, 2842, 2981, 3109, 3554, 3633, 4904, 5170, 5244, 5257, 6803, 7369, 7443, 7643, 8365, 8581, 8882] (17)
[788, 934, 1485, 2058, 2824, 2983, 3769, 4484, 5593, 6077, 6840, 7622, 8609, 9386, 9753] (15)
[414, 1191, 2134, 3753, 4020, 5549, 5962, 6294, 6429, 7693, 7742, 8554, 8641, 9038, 9779] (15)
[200, 894, 1248, 1253, 1576, 3012, 3174, 4526, 5291, 5450, 5623, 5964, 6201, 8644, 9136, 9148, 9453] (17)
[987, 2004, 2220, 3040, 3775, 4232, 4959, 5666, 6572, 7636, 7859, 8375, 8646, 9140, 9758, 9838] (16)
[544, 820, 1627, 1848, 1918, 1962, 2267, 2330, 2471, 2915, 3186, 3240, 3369, 4019, 4248, 4346, 4854, 4940, 5191, 5368, 5381, 5388, 5408, 5508, 5908, 5995, 6535, 7022, 7303, 8225, 8384, 8488, 8582, 8704, 8709, 8945, 8953, 9005, 9252, 9256, 9293, 9368, 9369, 9953] (44)
[397, 1264, 2677, 2862, 2918, 3682, 3995, 4328, 5039, 5523, 5705, 6010, 6861, 7644, 7897, 8438, 8551, 8832, 8881, 8949, 9086, 9539] (22)
[212, 449, 900, 1226, 1364, 1472, 1619, 1752, 4100, 4838, 4967, 6024, 6293, 6769, 7119, 7250, 7271, 7492, 7657, 7661, 7746, 7761, 7878, 8156, 8290, 8588, 8833, 8841, 8935, 9308, 9337, 9469] (32)
[592, 1516, 2118, 3188, 4245, 4632, 4835, 5391, 5482, 6382, 6385, 6643, 6758, 7270, 8762, 8838, 8924] (17)
[1646, 2540, 2780, 3684, 4133, 4287, 4856, 5241, 6756, 8215, 8464, 8561, 8846, 8937, 9050, 9843] (16)
[46, 255, 380, 407, 807, 1308, 2998, 3301, 3465, 3812, 5282, 5407, 6375, 7272, 7304, 8238, 8674, 8897, 8955, 9221, 9315, 9973] (22)
[585, 1940, 2008, 2430, 2449, 5390, 5493, 5738, 5870, 6408, 6521, 6906, 8331, 8585, 8898, 9096, 9321, 9868] (18)
[121, 1310, 3488, 3687, 3744, 4308, 4423, 4554, 4606, 4974, 5514, 5630, 6258, 6529, 6721, 8960, 9177, 9503] (18)
[1187, 1256, 4447, 4462, 4716, 5229, 5266, 5916, 6503, 7283, 7954, 8527, 8707, 8961, 9703] (15)
[153, 1685, 2083, 2602, 4177, 4580, 5315, 5961, 6666, 6949, 7230, 7635, 7988, 8221, 8963] (15)
[1563, 2502, 3091, 5208, 6309, 6549, 6760, 7076, 7517, 7832, 8146, 8538, 8994, 9354, 9502] (15)
[354, 766, 857, 2348, 2360, 3532, 3698, 5050, 5696, 6530, 6846, 6850, 8764, 9024, 9299] (15)
[18, 484, 1355, 1517, 1676, 2601, 3327, 3661, 3779, 3787, 4184, 4349, 4713, 5446, 5536, 8142, 9025] (17)
[2292, 2327, 2905, 3990, 4294, 4359, 4679, 5363, 5393, 5455, 7583, 8079, 9057, 9091, 9195] (15)
[532, 1574, 1836, 1975, 2814, 4238, 4371, 6118, 7183, 7318, 7454, 8019, 8718, 9041, 9059] (15)
[521, 874, 1060, 2317, 2352, 2719, 3681, 4223, 5349, 5527, 5681, 8587, 8689, 9088, 9123] (15)
[1823, 2873, 3093, 3128, 3441, 4464, 4858, 5040, 5602, 5894, 5944, 6498, 6753, 6757, 7016, 7278, 7784, 8306, 8558, 9089] (20)
[150, 486, 1063, 1991, 2769, 2801, 3705, 3912, 4251, 4372, 4501, 4905, 4981, 5921, 6696, 8208, 9152, 9516, 9582] (19)
[2194, 2446, 2450, 3598, 3979, 4155, 4195, 4505, 5324, 5647, 5756, 6665, 6834, 7469, 8069, 8810, 9154, 9628] (18)
[272, 1309, 1469, 1585, 1804, 2213, 3349, 3854, 3985, 4774, 5430, 7313, 7322, 7886, 8424, 8483, 9158, 9943] (18)
[1450, 1698, 2674, 2806, 3256, 3773, 4138, 5611, 5920, 6731, 6929, 7476, 7571, 7582, 7826, 8884, 9162] (17)
[2739, 2773, 3273, 5424, 6389, 6414, 6590, 7137, 7187, 7220, 7627, 8657, 8887, 9185, 9553] (15)
[779, 1320, 2078, 2585, 3316, 3852, 5184, 5375, 5638, 5919, 6412, 7449, 8480, 9116, 9216] (15)
[387, 538, 613, 1434, 2205, 2414, 2691, 5268, 5736, 6623, 6681, 7009, 7143, 7607, 7654, 7982, 8498, 9210, 9217, 9220, 9775, 9866, 9904] (23)
[218, 327, 1446, 1582, 1983, 2558, 2927, 3484, 4129, 4131, 4431, 6578, 7734, 8250, 8280, 9223, 9375] (17)
[102, 577, 949, 1093, 1223, 1578, 1610, 1634, 2111, 2273, 2371, 3989, 4340, 4710, 4849, 4984, 5096, 5206, 6064, 6098, 6117, 6240, 6257, 6606, 6607, 7121, 7316, 8556, 8691, 8694, 9028, 9232, 9279, 9449, 9517] (35)
[1288, 2082, 3606, 4259, 4358, 4877, 6441, 7205, 7367, 8083, 8258, 8618, 8818, 9165, 9280, 9286] (16)
[405, 488, 600, 650, 1350, 1977, 4826, 5394, 5554, 6614, 7380, 7728, 8140, 8411, 8632, 9284] (16)
[717, 1051, 1290, 1807, 2318, 2667, 4101, 4553, 4556, 5351, 6600, 6859, 7752, 8531, 8668, 9344, 9769] (17)
[494, 539, 814, 1700, 1850, 2223, 3079, 3152, 3326, 4364, 4783, 5114, 5386, 6789, 7030, 7175, 7566, 7700, 8053, 8869, 9106, 9345, 9967] (23)
[742, 925, 2165, 2383, 2427, 2526, 2573, 4338, 4986, 5102, 5498, 5717, 5848, 6239, 6714, 7115, 7593, 7652, 8547, 8666, 9347, 9406, 9562] (23)
[904, 1358, 2599, 2714, 2886, 3258, 3359, 5034, 5083, 7575, 7833, 7980, 8642, 9122, 9239, 9357, 9409] (17)
[63, 1156, 1376, 1853, 2100, 2123, 2712, 3550, 3602, 5037, 7731, 7856, 8595, 8730, 8890, 9183, 9242, 9372, 9410] (19)
[399, 1266, 1733, 2326, 2530, 2552, 3016, 5577, 5748, 6326, 7598, 8028, 8318, 8422, 8695, 9367, 9472] (17)
[1188, 1591, 1689, 2505, 2941, 3871, 4471, 4886, 5064, 5256, 6516, 7718, 7906, 8013, 8150, 8936, 9451, 9473] (18)
[499, 1130, 1436, 1648, 1747, 2269, 2701, 2777, 2964, 3455, 4995, 5788, 6484, 6505, 7282, 8334, 8407, 9332, 9474, 9718] (20)
[54, 360, 579, 745, 3955, 4103, 4726, 5931, 7002, 7818, 8629, 9166, 9397, 9475, 9583, 9926] (16)
[101, 186, 2529, 3172, 3747, 3922, 4789, 7195, 7546, 7807, 8303, 8610, 9204, 9476, 9577, 9776, 9848, 9952] (18)
[550, 739, 1798, 3368, 3547, 3636, 4182, 4691, 4706, 5330, 8015, 8710, 9536, 9682, 9786] (15)
[1506, 2096, 2359, 2578, 2796, 2841, 3144, 3997, 3999, 4374, 4395, 4839, 5230, 5808, 7505, 8212, 8401, 9538] (18)
[1477, 1791, 2459, 2631, 2764, 3001, 3165, 3785, 4700, 4712, 4815, 4821, 5181, 5834, 5971, 6146, 6599, 6740, 7743, 8119, 8133, 9600] (22)
[278, 1703, 3063, 4683, 4695, 5245, 5729, 5875, 5886, 8041, 8264, 8469, 8701, 8916, 9601] (15)
[230, 1095, 1265, 2500, 3394, 5117, 5863, 6038, 7902, 8010, 8426, 9070, 9566, 9602, 9742] (15)
[777, 1291, 1514, 1768, 3886, 4750, 6022, 6422, 6927, 8233, 8491, 8596, 9359, 9480, 9573, 9604] (16)
[152, 506, 712, 1180, 1447, 2556, 2606, 3755, 4145, 4202, 5010, 5205, 5996, 7989, 8120, 8352, 8382, 8827, 9045, 9606] (20)
[109, 1268, 1908, 1997, 2731, 2750, 2990, 3189, 3514, 4092, 4578, 5159, 6108, 6950, 7142, 7503, 7823, 7911, 8214, 9182, 9607] (21)
[542, 861, 1132, 4500, 6004, 6007, 6031, 6651, 6736, 7782, 7888, 8463, 9181, 9322, 9609, 9633] (16)
[189, 277, 911, 912, 1242, 1568, 1820, 1872, 2509, 3742, 3998, 6200, 6222, 7350, 8074, 8376, 9594, 9656, 9763, 9962] (20)
[1989, 2119, 2121, 2666, 2810, 3026, 3287, 3352, 3396, 4033, 4042, 4090, 4217, 4482, 5281, 5742, 6057, 6157, 6524, 6858, 7396, 9664, 9686] (23)
[444, 838, 1476, 3364, 4499, 5155, 6211, 6586, 7298, 7428, 7947, 8075, 9201, 9728, 9783] (15)
[528, 1512, 1513, 2099, 2832, 3261, 4009, 4317, 4932, 5708, 6691, 6951, 8049, 8129, 8889, 9565, 9729] (17)
[281, 1570, 1923, 1967, 2581, 2888, 3355, 3743, 4099, 4729, 4770, 6797, 7331, 8560, 8659, 8724, 8965, 9730] (18)
[966, 1588, 1948, 2475, 3725, 4772, 5893, 6961, 7044, 7548, 7581, 7725, 8114, 8757, 9761] (15)
[220, 1287, 1734, 1994, 2793, 3132, 3417, 3458, 4299, 4571, 6459, 6838, 7588, 9774, 9793] (15)
[483, 846, 1772, 1854, 3127, 3557, 4335, 4412, 5636, 5897, 6311, 7496, 8555, 9083, 9557, 9584, 9795] (17)
[284, 313, 822, 2390, 2642, 2781, 3036, 3499, 5146, 5550, 6255, 7091, 8124, 9142, 9797] (15)
[216, 563, 1087, 1452, 1976, 2779, 5078, 5900, 6265, 7197, 7733, 8001, 8387, 8697, 8797, 9856] (16)
[295, 662, 1203, 1704, 1812, 2229, 2745, 3378, 4758, 5415, 5422, 5687, 6228, 7403, 7983, 8850, 9509, 9870] (18)
[168, 228, 445, 968, 1101, 1197, 1319, 2350, 2620, 2935, 2999, 3269, 3822, 3925, 4156, 4455, 4530, 4540, 5161, 5207, 6270, 6439, 6894, 7136, 7236, 8033, 8403, 8678, 8900, 9134, 9200, 9416, 9802, 9891, 9963] (35)
[221, 763, 863, 1121, 1515, 2462, 3699, 4191, 4230, 4602, 6238, 6298, 7041, 7341, 7928, 9920] (16)
[594, 973, 1195, 1366, 1705, 2729, 3289, 4018, 4543, 5293, 5695, 6374, 7207, 7258, 7477, 7884, 8500, 9016, 9932] (19)
[570, 905, 1199, 1658, 4813, 5294, 6319, 6361, 6642, 6968, 6973, 7092, 7730, 8921, 9956] (15)
[825, 974, 1511, 2045, 2407, 2543, 3017, 3439, 4965, 5465, 5718, 6230, 6830, 8776, 9603, 9984] (16)
[536, 762, 1681, 1953, 2921, 2925, 3080, 3082, 3708, 3991, 4333, 5099, 5357, 6063, 7269, 8594, 9198, 9505, 9578, 9869, 9986] (21)
[45, 331, 411, 1941, 2458, 3131, 3260, 4516, 4785, 6421, 7135, 7957, 8158, 8341, 9011, 9501, 9768, 9988] (18)
