0 : [0, 6, 44, 86, 113, 142, 154, 155, 159, 165, 167, 173, 180, 197, 202, 203, 206, 232, 289, 295] (20)
1 : [1, 9, 10, 12, 18, 22, 23, 57, 59, 73, 74, 79, 81, 89, 96, 99, 110, 117, 127, 130, 132, 139, 147, 184, 185, 196, 207, 209, 235, 254, 275, 284, 287] (33)
2 : [2, 5, 19, 21, 26, 36, 51, 52, 65, 69, 83, 92, 115, 124, 137, 149, 153, 162, 163, 172, 179, 181, 188, 192, 211, 215, 228, 229, 231, 237, 239, 248, 249, 250, 253, 261, 285, 291] (38)
3 : [3, 14, 32, 41, 71, 76, 91, 105, 108, 122, 150, 169, 170, 177, 200, 216, 236, 243, 246, 265, 290, 294, 299] (23)
4 : [4, 7, 8, 27, 63, 64, 85, 87, 88, 103, 111, 112, 116, 120, 125, 128, 129, 134, 160, 198, 212, 247, 252, 270] (24)
5 : [2, 5, 19, 21, 26, 36, 51, 52, 65, 69, 83, 92, 115, 124, 137, 149, 153, 162, 163, 172, 179, 181, 188, 192, 211, 215, 228, 229, 231, 237, 239, 248, 249, 250, 253, 261, 285, 291] (38)
6 : [0, 6, 44, 86, 113, 142, 154, 155, 159, 165, 167, 173, 180, 197, 202, 203, 206, 232, 289, 295] (20)
7 : [4, 7, 8, 27, 63, 64, 85, 87, 88, 103, 111, 112, 116, 120, 125, 128, 129, 134, 160, 198, 212, 247, 252, 270] (24)
8 : [4, 7, 8, 27, 63, 64, 85, 87, 88, 103, 111, 112, 116, 120, 125, 128, 129, 134, 160, 198, 212, 247, 252, 270] (24)
9 : [1, 9, 10, 12, 18, 22, 23, 57, 59, 73, 74, 79, 81, 89, 96, 99, 110, 117, 127, 130, 132, 139, 147, 184, 185, 196, 207, 209, 235, 254, 275, 284, 287] (33)
10 : [1, 9, 10, 12, 18, 22, 23, 57, 59, 73, 74, 79, 81, 89, 96, 99, 110, 117, 127, 130, 132, 139, 147, 184, 185, 196, 207, 209, 235, 254, 275, 284, 287] (33)
11 : [11, 13, 28, 94, 98, 135, 136, 156, 182, 186, 191, 195, 199, 242, 255, 259, 263, 276, 278, 279, 282] (21)
12 : [1, 9, 10, 12, 18, 22, 23, 57, 59, 73, 74, 79, 81, 89, 96, 99, 110, 117, 127, 130, 132, 139, 147, 184, 185, 196, 207, 209, 235, 254, 275, 284, 287] (33)
13 : [11, 13, 28, 94, 98, 135, 136, 156, 182, 186, 191, 195, 199, 242, 255, 259, 263, 276, 278, 279, 282] (21)
14 : [3, 14, 32, 41, 71, 76, 91, 105, 108, 122, 150, 169, 170, 177, 200, 216, 236, 243, 246, 265, 290, 294, 299] (23)
15 : [15, 20, 37, 39, 106, 118, 145, 148, 166, 178, 218, 219, 224, 225, 238, 257, 260, 264, 266, 269, 271] (21)
16 : [16, 24, 67, 75, 80, 82, 93, 101, 114, 119, 121, 161, 190, 194, 201, 204, 213, 223, 262, 267, 268] (21)
17 : [17, 34, 45, 50, 55, 90, 97, 126, 144, 151, 168, 171, 175, 210, 214, 230, 234, 256, 272, 273, 277, 281, 283, 296, 298] (25)
18 : [1, 9, 10, 12, 18, 22, 23, 57, 59, 73, 74, 79, 81, 89, 96, 99, 110, 117, 127, 130, 132, 139, 147, 184, 185, 196, 207, 209, 235, 254, 275, 284, 287] (33)
19 : [2, 5, 19, 21, 26, 36, 51, 52, 65, 69, 83, 92, 115, 124, 137, 149, 153, 162, 163, 172, 179, 181, 188, 192, 211, 215, 228, 229, 231, 237, 239, 248, 249, 250, 253, 261, 285, 291] (38)
20 : [15, 20, 37, 39, 106, 118, 145, 148, 166, 178, 218, 219, 224, 225, 238, 257, 260, 264, 266, 269, 271] (21)
21 : [2, 5, 19, 21, 26, 36, 51, 52, 65, 69, 83, 92, 115, 124, 137, 149, 153, 162, 163, 172, 179, 181, 188, 192, 211, 215, 228, 229, 231, 237, 239, 248, 249, 250, 253, 261, 285, 291] (38)
22 : [1, 9, 10, 12, 18, 22, 23, 57, 59, 73, 74, 79, 81, 89, 96, 99, 110, 117, 127, 130, 132, 139, 147, 184, 185, 196, 207, 209, 235, 254, 275, 284, 287] (33)
23 : [1, 9, 10, 12, 18, 22, 23, 57, 59, 73, 74, 79, 81, 89, 96, 99, 110, 117, 127, 130, 132, 139, 147, 184, 185, 196, 207, 209, 235, 254, 275, 284, 287] (33)
24 : [16, 24, 67, 75, 80, 82, 93, 101, 114, 119, 121, 161, 190, 194, 201, 204, 213, 223, 262, 267, 268] (21)
25 : [25, 29, 30, 35, 38, 49, 68, 102, 109, 140, 143, 152, 158, 183, 220, 221, 222, 226, 274, 280, 292] (21)
26 : [2, 5, 19, 21, 26, 36, 51, 52, 65, 69, 83, 92, 115, 124, 137, 149, 153, 162, 163, 172, 179, 181, 188, 192, 211, 215, 228, 229, 231, 237, 239, 248, 249, 250, 253, 261, 285, 291] (38)
27 : [4, 7, 8, 27, 63, 64, 85, 87, 88, 103, 111, 112, 116, 120, 125, 128, 129, 134, 160, 198, 212, 247, 252, 270] (24)
28 : [11, 13, 28, 94, 98, 135, 136, 156, 182, 186, 191, 195, 199, 242, 255, 259, 263, 276, 278, 279, 282] (21)
29 : [25, 29, 30, 35, 38, 49, 68, 102, 109, 140, 143, 152, 158, 183, 220, 221, 222, 226, 274, 280, 292] (21)
30 : [25, 29, 30, 35, 38, 49, 68, 102, 109, 140, 143, 152, 158, 183, 220, 221, 222, 226, 274, 280, 292] (21)
31 : [31, 40, 43, 46, 48, 54, 58, 60, 61, 62, 66, 70, 72, 78, 100, 133, 138, 141, 174, 227, 240, 244, 258, 293, 297] (25)
32 : [3, 14, 32, 41, 71, 76, 91, 105, 108, 122, 150, 169, 170, 177, 200, 216, 236, 243, 246, 265, 290, 294, 299] (23)
33 : [33, 42, 47, 53, 56, 77, 84, 95, 104, 107, 123, 131, 146, 157, 164, 176, 187, 189, 193, 205, 208, 217, 233, 241, 245, 251, 286, 288] (28)
34 : [17, 34, 45, 50, 55, 90, 97, 126, 144, 151, 168, 171, 175, 210, 214, 230, 234, 256, 272, 273, 277, 281, 283, 296, 298] (25)
35 : [25, 29, 30, 35, 38, 49, 68, 102, 109, 140, 143, 152, 158, 183, 220, 221, 222, 226, 274, 280, 292] (21)
36 : [2, 5, 19, 21, 26, 36, 51, 52, 65, 69, 83, 92, 115, 124, 137, 149, 153, 162, 163, 172, 179, 181, 188, 192, 211, 215, 228, 229, 231, 237, 239, 248, 249, 250, 253, 261, 285, 291] (38)
37 : [15, 20, 37, 39, 106, 118, 145, 148, 166, 178, 218, 219, 224, 225, 238, 257, 260, 264, 266, 269, 271] (21)
38 : [25, 29, 30, 35, 38, 49, 68, 102, 109, 140, 143, 152, 158, 183, 220, 221, 222, 226, 274, 280, 292] (21)
39 : [15, 20, 37, 39, 106, 118, 145, 148, 166, 178, 218, 219, 224, 225, 238, 257, 260, 264, 266, 269, 271] (21)
40 : [31, 40, 43, 46, 48, 54, 58, 60, 61, 62, 66, 70, 72, 78, 100, 133, 138, 141, 174, 227, 240, 244, 258, 293, 297] (25)
41 : [3, 14, 32, 41, 71, 76, 91, 105, 108, 122, 150, 169, 170, 177, 200, 216, 236, 243, 246, 265, 290, 294, 299] (23)
42 : [33, 42, 47, 53, 56, 77, 84, 95, 104, 107, 123, 131, 146, 157, 164, 176, 187, 189, 193, 205, 208, 217, 233, 241, 245, 251, 286, 288] (28)
43 : [31, 40, 43, 46, 48, 54, 58, 60, 61, 62, 66, 70, 72, 78, 100, 133, 138, 141, 174, 227, 240, 244, 258, 293, 297] (25)
44 : [0, 6, 44, 86, 113, 142, 154, 155, 159, 165, 167, 173, 180, 197, 202, 203, 206, 232, 289, 295] (20)
45 : [17, 34, 45, 50, 55, 90, 97, 126, 144, 151, 168, 171, 175, 210, 214, 230, 234, 256, 272, 273, 277, 281, 283, 296, 298] (25)
46 : [31, 40, 43, 46, 48, 54, 58, 60, 61, 62, 66, 70, 72, 78, 100, 133, 138, 141, 174, 227, 240, 244, 258, 293, 297] (25)
47 : [33, 42, 47, 53, 56, 77, 84, 95, 104, 107, 123, 131, 146, 157, 164, 176, 187, 189, 193, 205, 208, 217, 233, 241, 245, 251, 286, 288] (28)
48 : [31, 40, 43, 46, 48, 54, 58, 60, 61, 62, 66, 70, 72, 78, 100, 133, 138, 141, 174, 227, 240, 244, 258, 293, 297] (25)
49 : [25, 29, 30, 35, 38, 49, 68, 102, 109, 140, 143, 152, 158, 183, 220, 221, 222, 226, 274, 280, 292] (21)
50 : [17, 34, 45, 50, 55, 90, 97, 126, 144, 151, 168, 171, 175, 210, 214, 230, 234, 256, 272, 273, 277, 281, 283, 296, 298] (25)
51 : [2, 5, 19, 21, 26, 36, 51, 52, 65, 69, 83, 92, 115, 124, 137, 149, 153, 162, 163, 172, 179, 181, 188, 192, 211, 215, 228, 229, 231, 237, 239, 248, 249, 250, 253, 261, 285, 291] (38)
52 : [2, 5, 19, 21, 26, 36, 51, 52, 65, 69, 83, 92, 115, 124, 137, 149, 153, 162, 163, 172, 179, 181, 188, 192, 211, 215, 228, 229, 231, 237, 239, 248, 249, 250, 253, 261, 285, 291] (38)
53 : [33, 42, 47, 53, 56, 77, 84, 95, 104, 107, 123, 131, 146, 157, 164, 176, 187, 189, 193, 205, 208, 217, 233, 241, 245, 251, 286, 288] (28)
54 : [31, 40, 43, 46, 48, 54, 58, 60, 61, 62, 66, 70, 72, 78, 100, 133, 138, 141, 174, 227, 240, 244, 258, 293, 297] (25)
55 : [17, 34, 45, 50, 55, 90, 97, 126, 144, 151, 168, 171, 175, 210, 214, 230, 234, 256, 272, 273, 277, 281, 283, 296, 298] (25)
56 : [33, 42, 47, 53, 56, 77, 84, 95, 104, 107, 123, 131, 146, 157, 164, 176, 187, 189, 193, 205, 208, 217, 233, 241, 245, 251, 286, 288] (28)
57 : [1, 9, 10, 12, 18, 22, 23, 57, 59, 73, 74, 79, 81, 89, 96, 99, 110, 117, 127, 130, 132, 139, 147, 184, 185, 196, 207, 209, 235, 254, 275, 284, 287] (33)
58 : [31, 40, 43, 46, 48, 54, 58, 60, 61, 62, 66, 70, 72, 78, 100, 133, 138, 141, 174, 227, 240, 244, 258, 293, 297] (25)
59 : [1, 9, 10, 12, 18, 22, 23, 57, 59, 73, 74, 79, 81, 89, 96, 99, 110, 117, 127, 130, 132, 139, 147, 184, 185, 196, 207, 209, 235, 254, 275, 284, 287] (33)
60 : [31, 40, 43, 46, 48, 54, 58, 60, 61, 62, 66, 70, 72, 78, 100, 133, 138, 141, 174, 227, 240, 244, 258, 293, 297] (25)
61 : [31, 40, 43, 46, 48, 54, 58, 60, 61, 62, 66, 70, 72, 78, 100, 133, 138, 141, 174, 227, 240, 244, 258, 293, 297] (25)
62 : [31, 40, 43, 46, 48, 54, 58, 60, 61, 62, 66, 70, 72, 78, 100, 133, 138, 141, 174, 227, 240, 244, 258, 293, 297] (25)
63 : [4, 7, 8, 27, 63, 64, 85, 87, 88, 103, 111, 112, 116, 120, 125, 128, 129, 134, 160, 198, 212, 247, 252, 270] (24)
64 : [4, 7, 8, 27, 63, 64, 85, 87, 88, 103, 111, 112, 116, 120, 125, 128, 129, 134, 160, 198, 212, 247, 252, 270] (24)
65 : [2, 5, 19, 21, 26, 36, 51, 52, 65, 69, 83, 92, 115, 124, 137, 149, 153, 162, 163, 172, 179, 181, 188, 192, 211, 215, 228, 229, 231, 237, 239, 248, 249, 250, 253, 261, 285, 291] (38)
66 : [31, 40, 43, 46, 48, 54, 58, 60, 61, 62, 66, 70, 72, 78, 100, 133, 138, 141, 174, 227, 240, 244, 258, 293, 297] (25)
67 : [16, 24, 67, 75, 80, 82, 93, 101, 114, 119, 121, 161, 190, 194, 201, 204, 213, 223, 262, 267, 268] (21)
68 : [25, 29, 30, 35, 38, 49, 68, 102, 109, 140, 143, 152, 158, 183, 220, 221, 222, 226, 274, 280, 292] (21)
69 : [2, 5, 19, 21, 26, 36, 51, 52, 65, 69, 83, 92, 115, 124, 137, 149, 153, 162, 163, 172, 179, 181, 188, 192, 211, 215, 228, 229, 231, 237, 239, 248, 249, 250, 253, 261, 285, 291] (38)
70 : [31, 40, 43, 46, 48, 54, 58, 60, 61, 62, 66, 70, 72, 78, 100, 133, 138, 141, 174, 227, 240, 244, 258, 293, 297] (25)
71 : [3, 14, 32, 41, 71, 76, 91, 105, 108, 122, 150, 169, 170, 177, 200, 216, 236, 243, 246, 265, 290, 294, 299] (23)
72 : [31, 40, 43, 46, 48, 54, 58, 60, 61, 62, 66, 70, 72, 78, 100, 133, 138, 141, 174, 227, 240, 244, 258, 293, 297] (25)
73 : [1, 9, 10, 12, 18, 22, 23, 57, 59, 73, 74, 79, 81, 89, 96, 99, 110, 117, 127, 130, 132, 139, 147, 184, 185, 196, 207, 209, 235, 254, 275, 284, 287] (33)
74 : [1, 9, 10, 12, 18, 22, 23, 57, 59, 73, 74, 79, 81, 89, 96, 99, 110, 117, 127, 130, 132, 139, 147, 184, 185, 196, 207, 209, 235, 254, 275, 284, 287] (33)
75 : [16, 24, 67, 75, 80, 82, 93, 101, 114, 119, 121, 161, 190, 194, 201, 204, 213, 223, 262, 267, 268] (21)
76 : [3, 14, 32, 41, 71, 76, 91, 105, 108, 122, 150, 169, 170, 177, 200, 216, 236, 243, 246, 265, 290, 294, 299] (23)
77 : [33, 42, 47, 53, 56, 77, 84, 95, 104, 107, 123, 131, 146, 157, 164, 176, 187, 189, 193, 205, 208, 217, 233, 241, 245, 251, 286, 288] (28)
78 : [31, 40, 43, 46, 48, 54, 58, 60, 61, 62, 66, 70, 72, 78, 100, 133, 138, 141, 174, 227, 240, 244, 258, 293, 297] (25)
79 : [1, 9, 10, 12, 18, 22, 23, 57, 59, 73, 74, 79, 81, 89, 96, 99, 110, 117, 127, 130, 132, 139, 147, 184, 185, 196, 207, 209, 235, 254, 275, 284, 287] (33)
80 : [16, 24, 67, 75, 80, 82, 93, 101, 114, 119, 121, 161, 190, 194, 201, 204, 213, 223, 262, 267, 268] (21)
81 : [1, 9, 10, 12, 18, 22, 23, 57, 59, 73, 74, 79, 81, 89, 96, 99, 110, 117, 127, 130, 132, 139, 147, 184, 185, 196, 207, 209, 235, 254, 275, 284, 287] (33)
82 : [16, 24, 67, 75, 80, 82, 93, 101, 114, 119, 121, 161, 190, 194, 201, 204, 213, 223, 262, 267, 268] (21)
83 : [2, 5, 19, 21, 26, 36, 51, 52, 65, 69, 83, 92, 115, 124, 137, 149, 153, 162, 163, 172, 179, 181, 188, 192, 211, 215, 228, 229, 231, 237, 239, 248, 249, 250, 253, 261, 285, 291] (38)
84 : [33, 42, 47, 53, 56, 77, 84, 95, 104, 107, 123, 131, 146, 157, 164, 176, 187, 189, 193, 205, 208, 217, 233, 241, 245, 251, 286, 288] (28)
85 : [4, 7, 8, 27, 63, 64, 85, 87, 88, 103, 111, 112, 116, 120, 125, 128, 129, 134, 160, 198, 212, 247, 252, 270] (24)
86 : [0, 6, 44, 86, 113, 142, 154, 155, 159, 165, 167, 173, 180, 197, 202, 203, 206, 232, 289, 295] (20)
87 : [4, 7, 8, 27, 63, 64, 85, 87, 88, 103, 111, 112, 116, 120, 125, 128, 129, 134, 160, 198, 212, 247, 252, 270] (24)
88 : [4, 7, 8, 27, 63, 64, 85, 87, 88, 103, 111, 112, 116, 120, 125, 128, 129, 134, 160, 198, 212, 247, 252, 270] (24)
89 : [1, 9, 10, 12, 18, 22, 23, 57, 59, 73, 74, 79, 81, 89, 96, 99, 110, 117, 127, 130, 132, 139, 147, 184, 185, 196, 207, 209, 235, 254, 275, 284, 287] (33)
90 : [17, 34, 45, 50, 55, 90, 97, 126, 144, 151, 168, 171, 175, 210, 214, 230, 234, 256, 272, 273, 277, 281, 283, 296, 298] (25)
91 : [3, 14, 32, 41, 71, 76, 91, 105, 108, 122, 150, 169, 170, 177, 200, 216, 236, 243, 246, 265, 290, 294, 299] (23)
92 : [2, 5, 19, 21, 26, 36, 51, 52, 65, 69, 83, 92, 115, 124, 137, 149, 153, 162, 163, 172, 179, 181, 188, 192, 211, 215, 228, 229, 231, 237, 239, 248, 249, 250, 253, 261, 285, 291] (38)
93 : [16, 24, 67, 75, 80, 82, 93, 101, 114, 119, 121, 161, 190, 194, 201, 204, 213, 223, 262, 267, 268] (21)
94 : [11, 13, 28, 94, 98, 135, 136, 156, 182, 186, 191, 195, 199, 242, 255, 259, 263, 276, 278, 279, 282] (21)
95 : [33, 42, 47, 53, 56, 77, 84, 95, 104, 107, 123, 131, 146, 157, 164, 176, 187, 189, 193, 205, 208, 217, 233, 241, 245, 251, 286, 288] (28)
96 : [1, 9, 10, 12, 18, 22, 23, 57, 59, 73, 74, 79, 81, 89, 96, 99, 110, 117, 127, 130, 132, 139, 147, 184, 185, 196, 207, 209, 235, 254, 275, 284, 287] (33)
97 : [17, 34, 45, 50, 55, 90, 97, 126, 144, 151, 168, 171, 175, 210, 214, 230, 234, 256, 272, 273, 277, 281, 283, 296, 298] (25)
98 : [11, 13, 28, 94, 98, 135, 136, 156, 182, 186, 191, 195, 199, 242, 255, 259, 263, 276, 278, 279, 282] (21)
99 : [1, 9, 10, 12, 18, 22, 23, 57, 59, 73, 74, 79, 81, 89, 96, 99, 110, 117, 127, 130, 132, 139, 147, 184, 185, 196, 207, 209, 235, 254, 275, 284, 287] (33)
100 : [31, 40, 43, 46, 48, 54, 58, 60, 61, 62, 66, 70, 72, 78, 100, 133, 138, 141, 174, 227, 240, 244, 258, 293, 297] (25)
101 : [16, 24, 67, 75, 80, 82, 93, 101, 114, 119, 121, 161, 190, 194, 201, 204, 213, 223, 262, 267, 268] (21)
102 : [25, 29, 30, 35, 38, 49, 68, 102, 109, 140, 143, 152, 158, 183, 220, 221, 222, 226, 274, 280, 292] (21)
103 : [4, 7, 8, 27, 63, 64, 85, 87, 88, 103, 111, 112, 116, 120, 125, 128, 129, 134, 160, 198, 212, 247, 252, 270] (24)
104 : [33, 42, 47, 53, 56, 77, 84, 95, 104, 107, 123, 131, 146, 157, 164, 176, 187, 189, 193, 205, 208, 217, 233, 241, 245, 251, 286, 288] (28)
105 : [3, 14, 32, 41, 71, 76, 91, 105, 108, 122, 150, 169, 170, 177, 200, 216, 236, 243, 246, 265, 290, 294, 299] (23)
106 : [15, 20, 37, 39, 106, 118, 145, 148, 166, 178, 218, 219, 224, 225, 238, 257, 260, 264, 266, 269, 271] (21)
107 : [33, 42, 47, 53, 56, 77, 84, 95, 104, 107, 123, 131, 146, 157, 164, 176, 187, 189, 193, 205, 208, 217, 233, 241, 245, 251, 286, 288] (28)
108 : [3, 14, 32, 41, 71, 76, 91, 105, 108, 122, 150, 169, 170, 177, 200, 216, 236, 243, 246, 265, 290, 294, 299] (23)
109 : [25, 29, 30, 35, 38, 49, 68, 102, 109, 140, 143, 152, 158, 183, 220, 221, 222, 226, 274, 280, 292] (21)
110 : [1, 9, 10, 12, 18, 22, 23, 57, 59, 73, 74, 79, 81, 89, 96, 99, 110, 117, 127, 130, 132, 139, 147, 184, 185, 196, 207, 209, 235, 254, 275, 284, 287] (33)
111 : [4, 7, 8, 27, 63, 64, 85, 87, 88, 103, 111, 112, 116, 120, 125, 128, 129, 134, 160, 198, 212, 247, 252, 270] (24)
112 : [4, 7, 8, 27, 63, 64, 85, 87, 88, 103, 111, 112, 116, 120, 125, 128, 129, 134, 160, 198, 212, 247, 252, 270] (24)
113 : [0, 6, 44, 86, 113, 142, 154, 155, 159, 165, 167, 173, 180, 197, 202, 203, 206, 232, 289, 295] (20)
114 : [16, 24, 67, 75, 80, 82, 93, 101, 114, 119, 121, 161, 190, 194, 201, 204, 213, 223, 262, 267, 268] (21)
115 : [2, 5, 19, 21, 26, 36, 51, 52, 65, 69, 83, 92, 115, 124, 137, 149, 153, 162, 163, 172, 179, 181, 188, 192, 211, 215, 228, 229, 231, 237, 239, 248, 249, 250, 253, 261, 285, 291] (38)
116 : [4, 7, 8, 27, 63, 64, 85, 87, 88, 103, 111, 112, 116, 120, 125, 128, 129, 134, 160, 198, 212, 247, 252, 270] (24)
117 : [1, 9, 10, 12, 18, 22, 23, 57, 59, 73, 74, 79, 81, 89, 96, 99, 110, 117, 127, 130, 132, 139, 147, 184, 185, 196, 207, 209, 235, 254, 275, 284, 287] (33)
118 : [15, 20, 37, 39, 106, 118, 145, 148, 166, 178, 218, 219, 224, 225, 238, 257, 260, 264, 266, 269, 271] (21)
119 : [16, 24, 67, 75, 80, 82, 93, 101, 114, 119, 121, 161, 190, 194, 201, 204, 213, 223, 262, 267, 268] (21)
120 : [4, 7, 8, 27, 63, 64, 85, 87, 88, 103, 111, 112, 116, 120, 125, 128, 129, 134, 160, 198, 212, 247, 252, 270] (24)
121 : [16, 24, 67, 75, 80, 82, 93, 101, 114, 119, 121, 161, 190, 194, 201, 204, 213, 223, 262, 267, 268] (21)
122 : [3, 14, 32, 41, 71, 76, 91, 105, 108, 122, 150, 169, 170, 177, 200, 216, 236, 243, 246, 265, 290, 294, 299] (23)
123 : [33, 42, 47, 53, 56, 77, 84, 95, 104, 107, 123, 131, 146, 157, 164, 176, 187, 189, 193, 205, 208, 217, 233, 241, 245, 251, 286, 288] (28)
124 : [2, 5, 19, 21, 26, 36, 51, 52, 65, 69, 83, 92, 115, 124, 137, 149, 153, 162, 163, 172, 179, 181, 188, 192, 211, 215, 228, 229, 231, 237, 239, 248, 249, 250, 253, 261, 285, 291] (38)
125 : [4, 7, 8, 27, 63, 64, 85, 87, 88, 103, 111, 112, 116, 120, 125, 128, 129, 134, 160, 198, 212, 247, 252, 270] (24)
126 : [17, 34, 45, 50, 55, 90, 97, 126, 144, 151, 168, 171, 175, 210, 214, 230, 234, 256, 272, 273, 277, 281, 283, 296, 298] (25)
127 : [1, 9, 10, 12, 18, 22, 23, 57, 59, 73, 74, 79, 81, 89, 96, 99, 110, 117, 127, 130, 132, 139, 147, 184, 185, 196, 207, 209, 235, 254, 275, 284, 287] (33)
128 : [4, 7, 8, 27, 63, 64, 85, 87, 88, 103, 111, 112, 116, 120, 125, 128, 129, 134, 160, 198, 212, 247, 252, 270] (24)
129 : [4, 7, 8, 27, 63, 64, 85, 87, 88, 103, 111, 112, 116, 120, 125, 128, 129, 134, 160, 198, 212, 247, 252, 270] (24)
130 : [1, 9, 10, 12, 18, 22, 23, 57, 59, 73, 74, 79, 81, 89, 96, 99, 110, 117, 127, 130, 132, 139, 147, 184, 185, 196, 207, 209, 235, 254, 275, 284, 287] (33)
131 : [33, 42, 47, 53, 56, 77, 84, 95, 104, 107, 123, 131, 146, 157, 164, 176, 187, 189, 193, 205, 208, 217, 233, 241, 245, 251, 286, 288] (28)
132 : [1, 9, 10, 12, 18, 22, 23, 57, 59, 73, 74, 79, 81, 89, 96, 99, 110, 117, 127, 130, 132, 139, 147, 184, 185, 196, 207, 209, 235, 254, 275, 284, 287] (33)
133 : [31, 40, 43, 46, 48, 54, 58, 60, 61, 62, 66, 70, 72, 78, 100, 133, 138, 141, 174, 227, 240, 244, 258, 293, 297] (25)
134 : [4, 7, 8, 27, 63, 64, 85, 87, 88, 103, 111, 112, 116, 120, 125, 128, 129, 134, 160, 198, 212, 247, 252, 270] (24)
135 : [11, 13, 28, 94, 98, 135, 136, 156, 182, 186, 191, 195, 199, 242, 255, 259, 263, 276, 278, 279, 282] (21)
136 : [11, 13, 28, 94, 98, 135, 136, 156, 182, 186, 191, 195, 199, 242, 255, 259, 263, 276, 278, 279, 282] (21)
137 : [2, 5, 19, 21, 26, 36, 51, 52, 65, 69, 83, 92, 115, 124, 137, 149, 153, 162, 163, 172, 179, 181, 188, 192, 211, 215, 228, 229, 231, 237, 239, 248, 249, 250, 253, 261, 285, 291] (38)
138 : [31, 40, 43, 46, 48, 54, 58, 60, 61, 62, 66, 70, 72, 78, 100, 133, 138, 141, 174, 227, 240, 244, 258, 293, 297] (25)
139 : [1, 9, 10, 12, 18, 22, 23, 57, 59, 73, 74, 79, 81, 89, 96, 99, 110, 117, 127, 130, 132, 139, 147, 184, 185, 196, 207, 209, 235, 254, 275, 284, 287] (33)
140 : [25, 29, 30, 35, 38, 49, 68, 102, 109, 140, 143, 152, 158, 183, 220, 221, 222, 226, 274, 280, 292] (21)
141 : [31, 40, 43, 46, 48, 54, 58, 60, 61, 62, 66, 70, 72, 78, 100, 133, 138, 141, 174, 227, 240, 244, 258, 293, 297] (25)
142 : [0, 6, 44, 86, 113, 142, 154, 155, 159, 165, 167, 173, 180, 197, 202, 203, 206, 232, 289, 295] (20)
143 : [25, 29, 30, 35, 38, 49, 68, 102, 109, 140, 143, 152, 158, 183, 220, 221, 222, 226, 274, 280, 292] (21)
144 : [17, 34, 45, 50, 55, 90, 97, 126, 144, 151, 168, 171, 175, 210, 214, 230, 234, 256, 272, 273, 277, 281, 283, 296, 298] (25)
145 : [15, 20, 37, 39, 106, 118, 145, 148, 166, 178, 218, 219, 224, 225, 238, 257, 260, 264, 266, 269, 271] (21)
146 : [33, 42, 47, 53, 56, 77, 84, 95, 104, 107, 123, 131, 146, 157, 164, 176, 187, 189, 193, 205, 208, 217, 233, 241, 245, 251, 286, 288] (28)
147 : [1, 9, 10, 12, 18, 22, 23, 57, 59, 73, 74, 79, 81, 89, 96, 99, 110, 117, 127, 130, 132, 139, 147, 184, 185, 196, 207, 209, 235, 254, 275, 284, 287] (33)
148 : [15, 20, 37, 39, 106, 118, 145, 148, 166, 178, 218, 219, 224, 225, 238, 257, 260, 264, 266, 269, 271] (21)
149 : [2, 5, 19, 21, 26, 36, 51, 52, 65, 69, 83, 92, 115, 124, 137, 149, 153, 162, 163, 172, 179, 181, 188, 192, 211, 215, 228, 229, 231, 237, 239, 248, 249, 250, 253, 261, 285, 291] (38)
150 : [3, 14, 32, 41, 71, 76, 91, 105, 108, 122, 150, 169, 170, 177, 200, 216, 236, 243, 246, 265, 290, 294, 299] (23)
151 : [17, 34, 45, 50, 55, 90, 97, 126, 144, 151, 168, 171, 175, 210, 214, 230, 234, 256, 272, 273, 277, 281, 283, 296, 298] (25)
152 : [25, 29, 30, 35, 38, 49, 68, 102, 109, 140, 143, 152, 158, 183, 220, 221, 222, 226, 274, 280, 292] (21)
153 : [2, 5, 19, 21, 26, 36, 51, 52, 65, 69, 83, 92, 115, 124, 137, 149, 153, 162, 163, 172, 179, 181, 188, 192, 211, 215, 228, 229, 231, 237, 239, 248, 249, 250, 253, 261, 285, 291] (38)
154 : [0, 6, 44, 86, 113, 142, 154, 155, 159, 165, 167, 173, 180, 197, 202, 203, 206, 232, 289, 295] (20)
155 : [0, 6, 44, 86, 113, 142, 154, 155, 159, 165, 167, 173, 180, 197, 202, 203, 206, 232, 289, 295] (20)
156 : [11, 13, 28, 94, 98, 135, 136, 156, 182, 186, 191, 195, 199, 242, 255, 259, 263, 276, 278, 279, 282] (21)
157 : [33, 42, 47, 53, 56, 77, 84, 95, 104, 107, 123, 131, 146, 157, 164, 176, 187, 189, 193, 205, 208, 217, 233, 241, 245, 251, 286, 288] (28)
158 : [25, 29, 30, 35, 38, 49, 68, 102, 109, 140, 143, 152, 158, 183, 220, 221, 222, 226, 274, 280, 292] (21)
159 : [0, 6, 44, 86, 113, 142, 154, 155, 159, 165, 167, 173, 180, 197, 202, 203, 206, 232, 289, 295] (20)
160 : [4, 7, 8, 27, 63, 64, 85, 87, 88, 103, 111, 112, 116, 120, 125, 128, 129, 134, 160, 198, 212, 247, 252, 270] (24)
161 : [16, 24, 67, 75, 80, 82, 93, 101, 114, 119, 121, 161, 190, 194, 201, 204, 213, 223, 262, 267, 268] (21)
162 : [2, 5, 19, 21, 26, 36, 51, 52, 65, 69, 83, 92, 115, 124, 137, 149, 153, 162, 163, 172, 179, 181, 188, 192, 211, 215, 228, 229, 231, 237, 239, 248, 249, 250, 253, 261, 285, 291] (38)
163 : [2, 5, 19, 21, 26, 36, 51, 52, 65, 69, 83, 92, 115, 124, 137, 149, 153, 162, 163, 172, 179, 181, 188, 192, 211, 215, 228, 229, 231, 237, 239, 248, 249, 250, 253, 261, 285, 291] (38)
164 : [33, 42, 47, 53, 56, 77, 84, 95, 104, 107, 123, 131, 146, 157, 164, 176, 187, 189, 193, 205, 208, 217, 233, 241, 245, 251, 286, 288] (28)
165 : [0, 6, 44, 86, 113, 142, 154, 155, 159, 165, 167, 173, 180, 197, 202, 203, 206, 232, 289, 295] (20)
166 : [15, 20, 37, 39, 106, 118, 145, 148, 166, 178, 218, 219, 224, 225, 238, 257, 260, 264, 266, 269, 271] (21)
167 : [0, 6, 44, 86, 113, 142, 154, 155, 159, 165, 167, 173, 180, 197, 202, 203, 206, 232, 289, 295] (20)
168 : [17, 34, 45, 50, 55, 90, 97, 126, 144, 151, 168, 171, 175, 210, 214, 230, 234, 256, 272, 273, 277, 281, 283, 296, 298] (25)
169 : [3, 14, 32, 41, 71, 76, 91, 105, 108, 122, 150, 169, 170, 177, 200, 216, 236, 243, 246, 265, 290, 294, 299] (23)
170 : [3, 14, 32, 41, 71, 76, 91, 105, 108, 122, 150, 169, 170, 177, 200, 216, 236, 243, 246, 265, 290, 294, 299] (23)
171 : [17, 34, 45, 50, 55, 90, 97, 126, 144, 151, 168, 171, 175, 210, 214, 230, 234, 256, 272, 273, 277, 281, 283, 296, 298] (25)
172 : [2, 5, 19, 21, 26, 36, 51, 52, 65, 69, 83, 92, 115, 124, 137, 149, 153, 162, 163, 172, 179, 181, 188, 192, 211, 215, 228, 229, 231, 237, 239, 248, 249, 250, 253, 261, 285, 291] (38)
173 : [0, 6, 44, 86, 113, 142, 154, 155, 159, 165, 167, 173, 180, 197, 202, 203, 206, 232, 289, 295] (20)
174 : [31, 40, 43, 46, 48, 54, 58, 60, 61, 62, 66, 70, 72, 78, 100, 133, 138, 141, 174, 227, 240, 244, 258, 293, 297] (25)
175 : [17, 34, 45, 50, 55, 90, 97, 126, 144, 151, 168, 171, 175, 210, 214, 230, 234, 256, 272, 273, 277, 281, 283, 296, 298] (25)
176 : [33, 42, 47, 53, 56, 77, 84, 95, 104, 107, 123, 131, 146, 157, 164, 176, 187, 189, 193, 205, 208, 217, 233, 241, 245, 251, 286, 288] (28)
177 : [3, 14, 32, 41, 71, 76, 91, 105, 108, 122, 150, 169, 170, 177, 200, 216, 236, 243, 246, 265, 290, 294, 299] (23)
178 : [15, 20, 37, 39, 106, 118, 145, 148, 166, 178, 218, 219, 224, 225, 238, 257, 260, 264, 266, 269, 271] (21)
179 : [2, 5, 19, 21, 26, 36, 51, 52, 65, 69, 83, 92, 115, 124, 137, 149, 153, 162, 163, 172, 179, 181, 188, 192, 211, 215, 228, 229, 231, 237, 239, 248, 249, 250, 253, 261, 285, 291] (38)
180 : [0, 6, 44, 86, 113, 142, 154, 155, 159, 165, 167, 173, 180, 197, 202, 203, 206, 232, 289, 295] (20)
181 : [2, 5, 19, 21, 26, 36, 51, 52, 65, 69, 83, 92, 115, 124, 137, 149, 153, 162, 163, 172, 179, 181, 188, 192, 211, 215, 228, 229, 231, 237, 239, 248, 249, 250, 253, 261, 285, 291] (38)
182 : [11, 13, 28, 94, 98, 135, 136, 156, 182, 186, 191, 195, 199, 242, 255, 259, 263, 276, 278, 279, 282] (21)
183 : [25, 29, 30, 35, 38, 49, 68, 102, 109, 140, 143, 152, 158, 183, 220, 221, 222, 226, 274, 280, 292] (21)
184 : [1, 9, 10, 12, 18, 22, 23, 57, 59, 73, 74, 79, 81, 89, 96, 99, 110, 117, 127, 130, 132, 139, 147, 184, 185, 196, 207, 209, 235, 254, 275, 284, 287] (33)
185 : [1, 9, 10, 12, 18, 22, 23, 57, 59, 73, 74, 79, 81, 89, 96, 99, 110, 117, 127, 130, 132, 139, 147, 184, 185, 196, 207, 209, 235, 254, 275, 284, 287] (33)
186 : [11, 13, 28, 94, 98, 135, 136, 156, 182, 186, 191, 195, 199, 242, 255, 259, 263, 276, 278, 279, 282] (21)
187 : [33, 42, 47, 53, 56, 77, 84, 95, 104, 107, 123, 131, 146, 157, 164, 176, 187, 189, 193, 205, 208, 217, 233, 241, 245, 251, 286, 288] (28)
188 : [2, 5, 19, 21, 26, 36, 51, 52, 65, 69, 83, 92, 115, 124, 137, 149, 153, 162, 163, 172, 179, 181, 188, 192, 211, 215, 228, 229, 231, 237, 239, 248, 249, 250, 253, 261, 285, 291] (38)
189 : [33, 42, 47, 53, 56, 77, 84, 95, 104, 107, 123, 131, 146, 157, 164, 176, 187, 189, 193, 205, 208, 217, 233, 241, 245, 251, 286, 288] (28)
190 : [16, 24, 67, 75, 80, 82, 93, 101, 114, 119, 121, 161, 190, 194, 201, 204, 213, 223, 262, 267, 268] (21)
191 : [11, 13, 28, 94, 98, 135, 136, 156, 182, 186, 191, 195, 199, 242, 255, 259, 263, 276, 278, 279, 282] (21)
192 : [2, 5, 19, 21, 26, 36, 51, 52, 65, 69, 83, 92, 115, 124, 137, 149, 153, 162, 163, 172, 179, 181, 188, 192, 211, 215, 228, 229, 231, 237, 239, 248, 249, 250, 253, 261, 285, 291] (38)
193 : [33, 42, 47, 53, 56, 77, 84, 95, 104, 107, 123, 131, 146, 157, 164, 176, 187, 189, 193, 205, 208, 217, 233, 241, 245, 251, 286, 288] (28)
194 : [16, 24, 67, 75, 80, 82, 93, 101, 114, 119, 121, 161, 190, 194, 201, 204, 213, 223, 262, 267, 268] (21)
195 : [11, 13, 28, 94, 98, 135, 136, 156, 182, 186, 191, 195, 199, 242, 255, 259, 263, 276, 278, 279, 282] (21)
196 : [1, 9, 10, 12, 18, 22, 23, 57, 59, 73, 74, 79, 81, 89, 96, 99, 110, 117, 127, 130, 132, 139, 147, 184, 185, 196, 207, 209, 235, 254, 275, 284, 287] (33)
197 : [0, 6, 44, 86, 113, 142, 154, 155, 159, 165, 167, 173, 180, 197, 202, 203, 206, 232, 289, 295] (20)
198 : [4, 7, 8, 27, 63, 64, 85, 87, 88, 103, 111, 112, 116, 120, 125, 128, 129, 134, 160, 198, 212, 247, 252, 270] (24)
199 : [11, 13, 28, 94, 98, 135, 136, 156, 182, 186, 191, 195, 199, 242, 255, 259, 263, 276, 278, 279, 282] (21)
200 : [3, 14, 32, 41, 71, 76, 91, 105, 108, 122, 150, 169, 170, 177, 200, 216, 236, 243, 246, 265, 290, 294, 299] (23)
201 : [16, 24, 67, 75, 80, 82, 93, 101, 114, 119, 121, 161, 190, 194, 201, 204, 213, 223, 262, 267, 268] (21)
202 : [0, 6, 44, 86, 113, 142, 154, 155, 159, 165, 167, 173, 180, 197, 202, 203, 206, 232, 289, 295] (20)
203 : [0, 6, 44, 86, 113, 142, 154, 155, 159, 165, 167, 173, 180, 197, 202, 203, 206, 232, 289, 295] (20)
204 : [16, 24, 67, 75, 80, 82, 93, 101, 114, 119, 121, 161, 190, 194, 201, 204, 213, 223, 262, 267, 268] (21)
205 : [33, 42, 47, 53, 56, 77, 84, 95, 104, 107, 123, 131, 146, 157, 164, 176, 187, 189, 193, 205, 208, 217, 233, 241, 245, 251, 286, 288] (28)
206 : [0, 6, 44, 86, 113, 142, 154, 155, 159, 165, 167, 173, 180, 197, 202, 203, 206, 232, 289, 295] (20)
207 : [1, 9, 10, 12, 18, 22, 23, 57, 59, 73, 74, 79, 81, 89, 96, 99, 110, 117, 127, 130, 132, 139, 147, 184, 185, 196, 207, 209, 235, 254, 275, 284, 287] (33)
208 : [33, 42, 47, 53, 56, 77, 84, 95, 104, 107, 123, 131, 146, 157, 164, 176, 187, 189, 193, 205, 208, 217, 233, 241, 245, 251, 286, 288] (28)
209 : [1, 9, 10, 12, 18, 22, 23, 57, 59, 73, 74, 79, 81, 89, 96, 99, 110, 117, 127, 130, 132, 139, 147, 184, 185, 196, 207, 209, 235, 254, 275, 284, 287] (33)
210 : [17, 34, 45, 50, 55, 90, 97, 126, 144, 151, 168, 171, 175, 210, 214, 230, 234, 256, 272, 273, 277, 281, 283, 296, 298] (25)
211 : [2, 5, 19, 21, 26, 36, 51, 52, 65, 69, 83, 92, 115, 124, 137, 149, 153, 162, 163, 172, 179, 181, 188, 192, 211, 215, 228, 229, 231, 237, 239, 248, 249, 250, 253, 261, 285, 291] (38)
212 : [4, 7, 8, 27, 63, 64, 85, 87, 88, 103, 111, 112, 116, 120, 125, 128, 129, 134, 160, 198, 212, 247, 252, 270] (24)
213 : [16, 24, 67, 75, 80, 82, 93, 101, 114, 119, 121, 161, 190, 194, 201, 204, 213, 223, 262, 267, 268] (21)
214 : [17, 34, 45, 50, 55, 90, 97, 126, 144, 151, 168, 171, 175, 210, 214, 230, 234, 256, 272, 273, 277, 281, 283, 296, 298] (25)
215 : [2, 5, 19, 21, 26, 36, 51, 52, 65, 69, 83, 92, 115, 124, 137, 149, 153, 162, 163, 172, 179, 181, 188, 192, 211, 215, 228, 229, 231, 237, 239, 248, 249, 250, 253, 261, 285, 291] (38)
216 : [3, 14, 32, 41, 71, 76, 91, 105, 108, 122, 150, 169, 170, 177, 200, 216, 236, 243, 246, 265, 290, 294, 299] (23)
217 : [33, 42, 47, 53, 56, 77, 84, 95, 104, 107, 123, 131, 146, 157, 164, 176, 187, 189, 193, 205, 208, 217, 233, 241, 245, 251, 286, 288] (28)
218 : [15, 20, 37, 39, 106, 118, 145, 148, 166, 178, 218, 219, 224, 225, 238, 257, 260, 264, 266, 269, 271] (21)
219 : [15, 20, 37, 39, 106, 118, 145, 148, 166, 178, 218, 219, 224, 225, 238, 257, 260, 264, 266, 269, 271] (21)
220 : [25, 29, 30, 35, 38, 49, 68, 102, 109, 140, 143, 152, 158, 183, 220, 221, 222, 226, 274, 280, 292] (21)
221 : [25, 29, 30, 35, 38, 49, 68, 102, 109, 140, 143, 152, 158, 183, 220, 221, 222, 226, 274, 280, 292] (21)
222 : [25, 29, 30, 35, 38, 49, 68, 102, 109, 140, 143, 152, 158, 183, 220, 221, 222, 226, 274, 280, 292] (21)
223 : [16, 24, 67, 75, 80, 82, 93, 101, 114, 119, 121, 161, 190, 194, 201, 204, 213, 223, 262, 267, 268] (21)
224 : [15, 20, 37, 39, 106, 118, 145, 148, 166, 178, 218, 219, 224, 225, 238, 257, 260, 264, 266, 269, 271] (21)
225 : [15, 20, 37, 39, 106, 118, 145, 148, 166, 178, 218, 219, 224, 225, 238, 257, 260, 264, 266, 269, 271] (21)
226 : [25, 29, 30, 35, 38, 49, 68, 102, 109, 140, 143, 152, 158, 183, 220, 221, 222, 226, 274, 280, 292] (21)
227 : [31, 40, 43, 46, 48, 54, 58, 60, 61, 62, 66, 70, 72, 78, 100, 133, 138, 141, 174, 227, 240, 244, 258, 293, 297] (25)
228 : [2, 5, 19, 21, 26, 36, 51, 52, 65, 69, 83, 92, 115, 124, 137, 149, 153, 162, 163, 172, 179, 181, 188, 192, 211, 215, 228, 229, 231, 237, 239, 248, 249, 250, 253, 261, 285, 291] (38)
229 : [2, 5, 19, 21, 26, 36, 51, 52, 65, 69, 83, 92, 115, 124, 137, 149, 153, 162, 163, 172, 179, 181, 188, 192, 211, 215, 228, 229, 231, 237, 239, 248, 249, 250, 253, 261, 285, 291] (38)
230 : [17, 34, 45, 50, 55, 90, 97, 126, 144, 151, 168, 171, 175, 210, 214, 230, 234, 256, 272, 273, 277, 281, 283, 296, 298] (25)
231 : [2, 5, 19, 21, 26, 36, 51, 52, 65, 69, 83, 92, 115, 124, 137, 149, 153, 162, 163, 172, 179, 181, 188, 192, 211, 215, 228, 229, 231, 237, 239, 248, 249, 250, 253, 261, 285, 291] (38)
232 : [0, 6, 44, 86, 113, 142, 154, 155, 159, 165, 167, 173, 180, 197, 202, 203, 206, 232, 289, 295] (20)
233 : [33, 42, 47, 53, 56, 77, 84, 95, 104, 107, 123, 131, 146, 157, 164, 176, 187, 189, 193, 205, 208, 217, 233, 241, 245, 251, 286, 288] (28)
234 : [17, 34, 45, 50, 55, 90, 97, 126, 144, 151, 168, 171, 175, 210, 214, 230, 234, 256, 272, 273, 277, 281, 283, 296, 298] (25)
235 : [1, 9, 10, 12, 18, 22, 23, 57, 59, 73, 74, 79, 81, 89, 96, 99, 110, 117, 127, 130, 132, 139, 147, 184, 185, 196, 207, 209, 235, 254, 275, 284, 287] (33)
236 : [3, 14, 32, 41, 71, 76, 91, 105, 108, 122, 150, 169, 170, 177, 200, 216, 236, 243, 246, 265, 290, 294, 299] (23)
237 : [2, 5, 19, 21, 26, 36, 51, 52, 65, 69, 83, 92, 115, 124, 137, 149, 153, 162, 163, 172, 179, 181, 188, 192, 211, 215, 228, 229, 231, 237, 239, 248, 249, 250, 253, 261, 285, 291] (38)
238 : [15, 20, 37, 39, 106, 118, 145, 148, 166, 178, 218, 219, 224, 225, 238, 257, 260, 264, 266, 269, 271] (21)
239 : [2, 5, 19, 21, 26, 36, 51, 52, 65, 69, 83, 92, 115, 124, 137, 149, 153, 162, 163, 172, 179, 181, 188, 192, 211, 215, 228, 229, 231, 237, 239, 248, 249, 250, 253, 261, 285, 291] (38)
240 : [31, 40, 43, 46, 48, 54, 58, 60, 61, 62, 66, 70, 72, 78, 100, 133, 138, 141, 174, 227, 240, 244, 258, 293, 297] (25)
241 : [33, 42, 47, 53, 56, 77, 84, 95, 104, 107, 123, 131, 146, 157, 164, 176, 187, 189, 193, 205, 208, 217, 233, 241, 245, 251, 286, 288] (28)
242 : [11, 13, 28, 94, 98, 135, 136, 156, 182, 186, 191, 195, 199, 242, 255, 259, 263, 276, 278, 279, 282] (21)
243 : [3, 14, 32, 41, 71, 76, 91, 105, 108, 122, 150, 169, 170, 177, 200, 216, 236, 243, 246, 265, 290, 294, 299] (23)
244 : [31, 40, 43, 46, 48, 54, 58, 60, 61, 62, 66, 70, 72, 78, 100, 133, 138, 141, 174, 227, 240, 244, 258, 293, 297] (25)
245 : [33, 42, 47, 53, 56, 77, 84, 95, 104, 107, 123, 131, 146, 157, 164, 176, 187, 189, 193, 205, 208, 217, 233, 241, 245, 251, 286, 288] (28)
246 : [3, 14, 32, 41, 71, 76, 91, 105, 108, 122, 150, 169, 170, 177, 200, 216, 236, 243, 246, 265, 290, 294, 299] (23)
247 : [4, 7, 8, 27, 63, 64, 85, 87, 88, 103, 111, 112, 116, 120, 125, 128, 129, 134, 160, 198, 212, 247, 252, 270] (24)
248 : [2, 5, 19, 21, 26, 36, 51, 52, 65, 69, 83, 92, 115, 124, 137, 149, 153, 162, 163, 172, 179, 181, 188, 192, 211, 215, 228, 229, 231, 237, 239, 248, 249, 250, 253, 261, 285, 291] (38)
249 : [2, 5, 19, 21, 26, 36, 51, 52, 65, 69, 83, 92, 115, 124, 137, 149, 153, 162, 163, 172, 179, 181, 188, 192, 211, 215, 228, 229, 231, 237, 239, 248, 249, 250, 253, 261, 285, 291] (38)
250 : [2, 5, 19, 21, 26, 36, 51, 52, 65, 69, 83, 92, 115, 124, 137, 149, 153, 162, 163, 172, 179, 181, 188, 192, 211, 215, 228, 229, 231, 237, 239, 248, 249, 250, 253, 261, 285, 291] (38)
251 : [33, 42, 47, 53, 56, 77, 84, 95, 104, 107, 123, 131, 146, 157, 164, 176, 187, 189, 193, 205, 208, 217, 233, 241, 245, 251, 286, 288] (28)
252 : [4, 7, 8, 27, 63, 64, 85, 87, 88, 103, 111, 112, 116, 120, 125, 128, 129, 134, 160, 198, 212, 247, 252, 270] (24)
253 : [2, 5, 19, 21, 26, 36, 51, 52, 65, 69, 83, 92, 115, 124, 137, 149, 153, 162, 163, 172, 179, 181, 188, 192, 211, 215, 228, 229, 231, 237, 239, 248, 249, 250, 253, 261, 285, 291] (38)
254 : [1, 9, 10, 12, 18, 22, 23, 57, 59, 73, 74, 79, 81, 89, 96, 99, 110, 117, 127, 130, 132, 139, 147, 184, 185, 196, 207, 209, 235, 254, 275, 284, 287] (33)
255 : [11, 13, 28, 94, 98, 135, 136, 156, 182, 186, 191, 195, 199, 242, 255, 259, 263, 276, 278, 279, 282] (21)
256 : [17, 34, 45, 50, 55, 90, 97, 126, 144, 151, 168, 171, 175, 210, 214, 230, 234, 256, 272, 273, 277, 281, 283, 296, 298] (25)
257 : [15, 20, 37, 39, 106, 118, 145, 148, 166, 178, 218, 219, 224, 225, 238, 257, 260, 264, 266, 269, 271] (21)
258 : [31, 40, 43, 46, 48, 54, 58, 60, 61, 62, 66, 70, 72, 78, 100, 133, 138, 141, 174, 227, 240, 244, 258, 293, 297] (25)
259 : [11, 13, 28, 94, 98, 135, 136, 156, 182, 186, 191, 195, 199, 242, 255, 259, 263, 276, 278, 279, 282] (21)
260 : [15, 20, 37, 39, 106, 118, 145, 148, 166, 178, 218, 219, 224, 225, 238, 257, 260, 264, 266, 269, 271] (21)
261 : [2, 5, 19, 21, 26, 36, 51, 52, 65, 69, 83, 92, 115, 124, 137, 149, 153, 162, 163, 172, 179, 181, 188, 192, 211, 215, 228, 229, 231, 237, 239, 248, 249, 250, 253, 261, 285, 291] (38)
262 : [16, 24, 67, 75, 80, 82, 93, 101, 114, 119, 121, 161, 190, 194, 201, 204, 213, 223, 262, 267, 268] (21)
263 : [11, 13, 28, 94, 98, 135, 136, 156, 182, 186, 191, 195, 199, 242, 255, 259, 263, 276, 278, 279, 282] (21)
264 : [15, 20, 37, 39, 106, 118, 145, 148, 166, 178, 218, 219, 224, 225, 238, 257, 260, 264, 266, 269, 271] (21)
265 : [3, 14, 32, 41, 71, 76, 91, 105, 108, 122, 150, 169, 170, 177, 200, 216, 236, 243, 246, 265, 290, 294, 299] (23)
266 : [15, 20, 37, 39, 106, 118, 145, 148, 166, 178, 218, 219, 224, 225, 238, 257, 260, 264, 266, 269, 271] (21)
267 : [16, 24, 67, 75, 80, 82, 93, 101, 114, 119, 121, 161, 190, 194, 201, 204, 213, 223, 262, 267, 268] (21)
268 : [16, 24, 67, 75, 80, 82, 93, 101, 114, 119, 121, 161, 190, 194, 201, 204, 213, 223, 262, 267, 268] (21)
269 : [15, 20, 37, 39, 106, 118, 145, 148, 166, 178, 218, 219, 224, 225, 238, 257, 260, 264, 266, 269, 271] (21)
270 : [4, 7, 8, 27, 63, 64, 85, 87, 88, 103, 111, 112, 116, 120, 125, 128, 129, 134, 160, 198, 212, 247, 252, 270] (24)
271 : [15, 20, 37, 39, 106, 118, 145, 148, 166, 178, 218, 219, 224, 225, 238, 257, 260, 264, 266, 269, 271] (21)
272 : [17, 34, 45, 50, 55, 90, 97, 126, 144, 151, 168, 171, 175, 210, 214, 230, 234, 256, 272, 273, 277, 281, 283, 296, 298] (25)
273 : [17, 34, 45, 50, 55, 90, 97, 126, 144, 151, 168, 171, 175, 210, 214, 230, 234, 256, 272, 273, 277, 281, 283, 296, 298] (25)
274 : [25, 29, 30, 35, 38, 49, 68, 102, 109, 140, 143, 152, 158, 183, 220, 221, 222, 226, 274, 280, 292] (21)
275 : [1, 9, 10, 12, 18, 22, 23, 57, 59, 73, 74, 79, 81, 89, 96, 99, 110, 117, 127, 130, 132, 139, 147, 184, 185, 196, 207, 209, 235, 254, 275, 284, 287] (33)
276 : [11, 13, 28, 94, 98, 135, 136, 156, 182, 186, 191, 195, 199, 242, 255, 259, 263, 276, 278, 279, 282] (21)
277 : [17, 34, 45, 50, 55, 90, 97, 126, 144, 151, 168, 171, 175, 210, 214, 230, 234, 256, 272, 273, 277, 281, 283, 296, 298] (25)
278 : [11, 13, 28, 94, 98, 135, 136, 156, 182, 186, 191, 195, 199, 242, 255, 259, 263, 276, 278, 279, 282] (21)
279 : [11, 13, 28, 94, 98, 135, 136, 156, 182, 186, 191, 195, 199, 242, 255, 259, 263, 276, 278, 279, 282] (21)
280 : [25, 29, 30, 35, 38, 49, 68, 102, 109, 140, 143, 152, 158, 183, 220, 221, 222, 226, 274, 280, 292] (21)
281 : [17, 34, 45, 50, 55, 90, 97, 126, 144, 151, 168, 171, 175, 210, 214, 230, 234, 256, 272, 273, 277, 281, 283, 296, 298] (25)
282 : [11, 13, 28, 94, 98, 135, 136, 156, 182, 186, 191, 195, 199, 242, 255, 259, 263, 276, 278, 279, 282] (21)
283 : [17, 34, 45, 50, 55, 90, 97, 126, 144, 151, 168, 171, 175, 210, 214, 230, 234, 256, 272, 273, 277, 281, 283, 296, 298] (25)
284 : [1, 9, 10, 12, 18, 22, 23, 57, 59, 73, 74, 79, 81, 89, 96, 99, 110, 117, 127, 130, 132, 139, 147, 184, 185, 196, 207, 209, 235, 254, 275, 284, 287] (33)
285 : [2, 5, 19, 21, 26, 36, 51, 52, 65, 69, 83, 92, 115, 124, 137, 149, 153, 162, 163, 172, 179, 181, 188, 192, 211, 215, 228, 229, 231, 237, 239, 248, 249, 250, 253, 261, 285, 291] (38)
286 : [33, 42, 47, 53, 56, 77, 84, 95, 104, 107, 123, 131, 146, 157, 164, 176, 187, 189, 193, 205, 208, 217, 233, 241, 245, 251, 286, 288] (28)
287 : [1, 9, 10, 12, 18, 22, 23, 57, 59, 73, 74, 79, 81, 89, 96, 99, 110, 117, 127, 130, 132, 139, 147, 184, 185, 196, 207, 209, 235, 254, 275, 284, 287] (33)
288 : [33, 42, 47, 53, 56, 77, 84, 95, 104, 107, 123, 131, 146, 157, 164, 176, 187, 189, 193, 205, 208, 217, 233, 241, 245, 251, 286, 288] (28)
289 : [0, 6, 44, 86, 113, 142, 154, 155, 159, 165, 167, 173, 180, 197, 202, 203, 206, 232, 289, 295] (20)
290 : [3, 14, 32, 41, 71, 76, 91, 105, 108, 122, 150, 169, 170, 177, 200, 216, 236, 243, 246, 265, 290, 294, 299] (23)
291 : [2, 5, 19, 21, 26, 36, 51, 52, 65, 69, 83, 92, 115, 124, 137, 149, 153, 162, 163, 172, 179, 181, 188, 192, 211, 215, 228, 229, 231, 237, 239, 248, 249, 250, 253, 261, 285, 291] (38)
292 : [25, 29, 30, 35, 38, 49, 68, 102, 109, 140, 143, 152, 158, 183, 220, 221, 222, 226, 274, 280, 292] (21)
293 : [31, 40, 43, 46, 48, 54, 58, 60, 61, 62, 66, 70, 72, 78, 100, 133, 138, 141, 174, 227, 240, 244, 258, 293, 297] (25)
294 : [3, 14, 32, 41, 71, 76, 91, 105, 108, 122, 150, 169, 170, 177, 200, 216, 236, 243, 246, 265, 290, 294, 299] (23)
295 : [0, 6, 44, 86, 113, 142, 154, 155, 159, 165, 167, 173, 180, 197, 202, 203, 206, 232, 289, 295] (20)
296 : [17, 34, 45, 50, 55, 90, 97, 126, 144, 151, 168, 171, 175, 210, 214, 230, 234, 256, 272, 273, 277, 281, 283, 296, 298] (25)
297 : [31, 40, 43, 46, 48, 54, 58, 60, 61, 62, 66, 70, 72, 78, 100, 133, 138, 141, 174, 227, 240, 244, 258, 293, 297] (25)
298 : [17, 34, 45, 50, 55, 90, 97, 126, 144, 151, 168, 171, 175, 210, 214, 230, 234, 256, 272, 273, 277, 281, 283, 296, 298] (25)
299 : [3, 14, 32, 41, 71, 76, 91, 105, 108, 122, 150, 169, 170, 177, 200, 216, 236, 243, 246, 265, 290, 294, 299] (23)
