0 : [0, 3, 5, 7, 9, 13, 16, 17, 21, 24, 32, 34, 44, 50, 58, 61, 73, 76, 79, 92, 97, 99] (22)
1 : [1, 4, 10, 11, 12, 15, 18, 19, 20, 22, 23, 25, 27, 28, 29, 30, 31, 33, 35, 36, 37, 38, 39, 40, 41, 43, 45, 46, 47, 48, 49, 53, 54, 56, 57, 59, 60, 62, 63, 64, 67, 68, 69, 71, 72, 74, 75, 80, 81, 83, 84, 86, 87, 89, 90, 91, 93, 96] (58)
2 : [2, 6, 8, 14, 26, 42, 51, 52, 55, 65, 66, 70, 77, 78, 82, 85, 88, 94, 95, 98] (20)
3 : [0, 3, 5, 7, 9, 13, 16, 17, 21, 24, 32, 34, 44, 50, 58, 61, 73, 76, 79, 92, 97, 99] (22)
4 : [1, 4, 10, 11, 12, 15, 18, 19, 20, 22, 23, 25, 27, 28, 29, 30, 31, 33, 35, 36, 37, 38, 39, 40, 41, 43, 45, 46, 47, 48, 49, 53, 54, 56, 57, 59, 60, 62, 63, 64, 67, 68, 69, 71, 72, 74, 75, 80, 81, 83, 84, 86, 87, 89, 90, 91, 93, 96] (58)
5 : [0, 3, 5, 7, 9, 13, 16, 17, 21, 24, 32, 34, 44, 50, 58, 61, 73, 76, 79, 92, 97, 99] (22)
6 : [2, 6, 8, 14, 26, 42, 51, 52, 55, 65, 66, 70, 77, 78, 82, 85, 88, 94, 95, 98] (20)
7 : [0, 3, 5, 7, 9, 13, 16, 17, 21, 24, 32, 34, 44, 50, 58, 61, 73, 76, 79, 92, 97, 99] (22)
8 : [2, 6, 8, 14, 26, 42, 51, 52, 55, 65, 66, 70, 77, 78, 82, 85, 88, 94, 95, 98] (20)
9 : [0, 3, 5, 7, 9, 13, 16, 17, 21, 24, 32, 34, 44, 50, 58, 61, 73, 76, 79, 92, 97, 99] (22)
10 : [1, 4, 10, 11, 12, 15, 18, 19, 20, 22, 23, 25, 27, 28, 29, 30, 31, 33, 35, 36, 37, 38, 39, 40, 41, 43, 45, 46, 47, 48, 49, 53, 54, 56, 57, 59, 60, 62, 63, 64, 67, 68, 69, 71, 72, 74, 75, 80, 81, 83, 84, 86, 87, 89, 90, 91, 93, 96] (58)
11 : [1, 4, 10, 11, 12, 15, 18, 19, 20, 22, 23, 25, 27, 28, 29, 30, 31, 33, 35, 36, 37, 38, 39, 40, 41, 43, 45, 46, 47, 48, 49, 53, 54, 56, 57, 59, 60, 62, 63, 64, 67, 68, 69, 71, 72, 74, 75, 80, 81, 83, 84, 86, 87, 89, 90, 91, 93, 96] (58)
12 : [1, 4, 10, 11, 12, 15, 18, 19, 20, 22, 23, 25, 27, 28, 29, 30, 31, 33, 35, 36, 37, 38, 39, 40, 41, 43, 45, 46, 47, 48, 49, 53, 54, 56, 57, 59, 60, 62, 63, 64, 67, 68, 69, 71, 72, 74, 75, 80, 81, 83, 84, 86, 87, 89, 90, 91, 93, 96] (58)
13 : [0, 3, 5, 7, 9, 13, 16, 17, 21, 24, 32, 34, 44, 50, 58, 61, 73, 76, 79, 92, 97, 99] (22)
14 : [2, 6, 8, 14, 26, 42, 51, 52, 55, 65, 66, 70, 77, 78, 82, 85, 88, 94, 95, 98] (20)
15 : [1, 4, 10, 11, 12, 15, 18, 19, 20, 22, 23, 25, 27, 28, 29, 30, 31, 33, 35, 36, 37, 38, 39, 40, 41, 43, 45, 46, 47, 48, 49, 53, 54, 56, 57, 59, 60, 62, 63, 64, 67, 68, 69, 71, 72, 74, 75, 80, 81, 83, 84, 86, 87, 89, 90, 91, 93, 96] (58)
16 : [0, 3, 5, 7, 9, 13, 16, 17, 21, 24, 32, 34, 44, 50, 58, 61, 73, 76, 79, 92, 97, 99] (22)
17 : [0, 3, 5, 7, 9, 13, 16, 17, 21, 24, 32, 34, 44, 50, 58, 61, 73, 76, 79, 92, 97, 99] (22)
18 : [1, 4, 10, 11, 12, 15, 18, 19, 20, 22, 23, 25, 27, 28, 29, 30, 31, 33, 35, 36, 37, 38, 39, 40, 41, 43, 45, 46, 47, 48, 49, 53, 54, 56, 57, 59, 60, 62, 63, 64, 67, 68, 69, 71, 72, 74, 75, 80, 81, 83, 84, 86, 87, 89, 90, 91, 93, 96] (58)
19 : [1, 4, 10, 11, 12, 15, 18, 19, 20, 22, 23, 25, 27, 28, 29, 30, 31, 33, 35, 36, 37, 38, 39, 40, 41, 43, 45, 46, 47, 48, 49, 53, 54, 56, 57, 59, 60, 62, 63, 64, 67, 68, 69, 71, 72, 74, 75, 80, 81, 83, 84, 86, 87, 89, 90, 91, 93, 96] (58)
20 : [1, 4, 10, 11, 12, 15, 18, 19, 20, 22, 23, 25, 27, 28, 29, 30, 31, 33, 35, 36, 37, 38, 39, 40, 41, 43, 45, 46, 47, 48, 49, 53, 54, 56, 57, 59, 60, 62, 63, 64, 67, 68, 69, 71, 72, 74, 75, 80, 81, 83, 84, 86, 87, 89, 90, 91, 93, 96] (58)
21 : [0, 3, 5, 7, 9, 13, 16, 17, 21, 24, 32, 34, 44, 50, 58, 61, 73, 76, 79, 92, 97, 99] (22)
22 : [1, 4, 10, 11, 12, 15, 18, 19, 20, 22, 23, 25, 27, 28, 29, 30, 31, 33, 35, 36, 37, 38, 39, 40, 41, 43, 45, 46, 47, 48, 49, 53, 54, 56, 57, 59, 60, 62, 63, 64, 67, 68, 69, 71, 72, 74, 75, 80, 81, 83, 84, 86, 87, 89, 90, 91, 93, 96] (58)
23 : [1, 4, 10, 11, 12, 15, 18, 19, 20, 22, 23, 25, 27, 28, 29, 30, 31, 33, 35, 36, 37, 38, 39, 40, 41, 43, 45, 46, 47, 48, 49, 53, 54, 56, 57, 59, 60, 62, 63, 64, 67, 68, 69, 71, 72, 74, 75, 80, 81, 83, 84, 86, 87, 89, 90, 91, 93, 96] (58)
24 : [0, 3, 5, 7, 9, 13, 16, 17, 21, 24, 32, 34, 44, 50, 58, 61, 73, 76, 79, 92, 97, 99] (22)
25 : [1, 4, 10, 11, 12, 15, 18, 19, 20, 22, 23, 25, 27, 28, 29, 30, 31, 33, 35, 36, 37, 38, 39, 40, 41, 43, 45, 46, 47, 48, 49, 53, 54, 56, 57, 59, 60, 62, 63, 64, 67, 68, 69, 71, 72, 74, 75, 80, 81, 83, 84, 86, 87, 89, 90, 91, 93, 96] (58)
26 : [2, 6, 8, 14, 26, 42, 51, 52, 55, 65, 66, 70, 77, 78, 82, 85, 88, 94, 95, 98] (20)
27 : [1, 4, 10, 11, 12, 15, 18, 19, 20, 22, 23, 25, 27, 28, 29, 30, 31, 33, 35, 36, 37, 38, 39, 40, 41, 43, 45, 46, 47, 48, 49, 53, 54, 56, 57, 59, 60, 62, 63, 64, 67, 68, 69, 71, 72, 74, 75, 80, 81, 83, 84, 86, 87, 89, 90, 91, 93, 96] (58)
28 : [1, 4, 10, 11, 12, 15, 18, 19, 20, 22, 23, 25, 27, 28, 29, 30, 31, 33, 35, 36, 37, 38, 39, 40, 41, 43, 45, 46, 47, 48, 49, 53, 54, 56, 57, 59, 60, 62, 63, 64, 67, 68, 69, 71, 72, 74, 75, 80, 81, 83, 84, 86, 87, 89, 90, 91, 93, 96] (58)
29 : [1, 4, 10, 11, 12, 15, 18, 19, 20, 22, 23, 25, 27, 28, 29, 30, 31, 33, 35, 36, 37, 38, 39, 40, 41, 43, 45, 46, 47, 48, 49, 53, 54, 56, 57, 59, 60, 62, 63, 64, 67, 68, 69, 71, 72, 74, 75, 80, 81, 83, 84, 86, 87, 89, 90, 91, 93, 96] (58)
30 : [1, 4, 10, 11, 12, 15, 18, 19, 20, 22, 23, 25, 27, 28, 29, 30, 31, 33, 35, 36, 37, 38, 39, 40, 41, 43, 45, 46, 47, 48, 49, 53, 54, 56, 57, 59, 60, 62, 63, 64, 67, 68, 69, 71, 72, 74, 75, 80, 81, 83, 84, 86, 87, 89, 90, 91, 93, 96] (58)
31 : [1, 4, 10, 11, 12, 15, 18, 19, 20, 22, 23, 25, 27, 28, 29, 30, 31, 33, 35, 36, 37, 38, 39, 40, 41, 43, 45, 46, 47, 48, 49, 53, 54, 56, 57, 59, 60, 62, 63, 64, 67, 68, 69, 71, 72, 74, 75, 80, 81, 83, 84, 86, 87, 89, 90, 91, 93, 96] (58)
32 : [0, 3, 5, 7, 9, 13, 16, 17, 21, 24, 32, 34, 44, 50, 58, 61, 73, 76, 79, 92, 97, 99] (22)
33 : [1, 4, 10, 11, 12, 15, 18, 19, 20, 22, 23, 25, 27, 28, 29, 30, 31, 33, 35, 36, 37, 38, 39, 40, 41, 43, 45, 46, 47, 48, 49, 53, 54, 56, 57, 59, 60, 62, 63, 64, 67, 68, 69, 71, 72, 74, 75, 80, 81, 83, 84, 86, 87, 89, 90, 91, 93, 96] (58)
34 : [0, 3, 5, 7, 9, 13, 16, 17, 21, 24, 32, 34, 44, 50, 58, 61, 73, 76, 79, 92, 97, 99] (22)
35 : [1, 4, 10, 11, 12, 15, 18, 19, 20, 22, 23, 25, 27, 28, 29, 30, 31, 33, 35, 36, 37, 38, 39, 40, 41, 43, 45, 46, 47, 48, 49, 53, 54, 56, 57, 59, 60, 62, 63, 64, 67, 68, 69, 71, 72, 74, 75, 80, 81, 83, 84, 86, 87, 89, 90, 91, 93, 96] (58)
36 : [1, 4, 10, 11, 12, 15, 18, 19, 20, 22, 23, 25, 27, 28, 29, 30, 31, 33, 35, 36, 37, 38, 39, 40, 41, 43, 45, 46, 47, 48, 49, 53, 54, 56, 57, 59, 60, 62, 63, 64, 67, 68, 69, 71, 72, 74, 75, 80, 81, 83, 84, 86, 87, 89, 90, 91, 93, 96] (58)
37 : [1, 4, 10, 11, 12, 15, 18, 19, 20, 22, 23, 25, 27, 28, 29, 30, 31, 33, 35, 36, 37, 38, 39, 40, 41, 43, 45, 46, 47, 48, 49, 53, 54, 56, 57, 59, 60, 62, 63, 64, 67, 68, 69, 71, 72, 74, 75, 80, 81, 83, 84, 86, 87, 89, 90, 91, 93, 96] (58)
38 : [1, 4, 10, 11, 12, 15, 18, 19, 20, 22, 23, 25, 27, 28, 29, 30, 31, 33, 35, 36, 37, 38, 39, 40, 41, 43, 45, 46, 47, 48, 49, 53, 54, 56, 57, 59, 60, 62, 63, 64, 67, 68, 69, 71, 72, 74, 75, 80, 81, 83, 84, 86, 87, 89, 90, 91, 93, 96] (58)
39 : [1, 4, 10, 11, 12, 15, 18, 19, 20, 22, 23, 25, 27, 28, 29, 30, 31, 33, 35, 36, 37, 38, 39, 40, 41, 43, 45, 46, 47, 48, 49, 53, 54, 56, 57, 59, 60, 62, 63, 64, 67, 68, 69, 71, 72, 74, 75, 80, 81, 83, 84, 86, 87, 89, 90, 91, 93, 96] (58)
40 : [1, 4, 10, 11, 12, 15, 18, 19, 20, 22, 23, 25, 27, 28, 29, 30, 31, 33, 35, 36, 37, 38, 39, 40, 41, 43, 45, 46, 47, 48, 49, 53, 54, 56, 57, 59, 60, 62, 63, 64, 67, 68, 69, 71, 72, 74, 75, 80, 81, 83, 84, 86, 87, 89, 90, 91, 93, 96] (58)
41 : [1, 4, 10, 11, 12, 15, 18, 19, 20, 22, 23, 25, 27, 28, 29, 30, 31, 33, 35, 36, 37, 38, 39, 40, 41, 43, 45, 46, 47, 48, 49, 53, 54, 56, 57, 59, 60, 62, 63, 64, 67, 68, 69, 71, 72, 74, 75, 80, 81, 83, 84, 86, 87, 89, 90, 91, 93, 96] (58)
42 : [2, 6, 8, 14, 26, 42, 51, 52, 55, 65, 66, 70, 77, 78, 82, 85, 88, 94, 95, 98] (20)
43 : [1, 4, 10, 11, 12, 15, 18, 19, 20, 22, 23, 25, 27, 28, 29, 30, 31, 33, 35, 36, 37, 38, 39, 40, 41, 43, 45, 46, 47, 48, 49, 53, 54, 56, 57, 59, 60, 62, 63, 64, 67, 68, 69, 71, 72, 74, 75, 80, 81, 83, 84, 86, 87, 89, 90, 91, 93, 96] (58)
44 : [0, 3, 5, 7, 9, 13, 16, 17, 21, 24, 32, 34, 44, 50, 58, 61, 73, 76, 79, 92, 97, 99] (22)
45 : [1, 4, 10, 11, 12, 15, 18, 19, 20, 22, 23, 25, 27, 28, 29, 30, 31, 33, 35, 36, 37, 38, 39, 40, 41, 43, 45, 46, 47, 48, 49, 53, 54, 56, 57, 59, 60, 62, 63, 64, 67, 68, 69, 71, 72, 74, 75, 80, 81, 83, 84, 86, 87, 89, 90, 91, 93, 96] (58)
46 : [1, 4, 10, 11, 12, 15, 18, 19, 20, 22, 23, 25, 27, 28, 29, 30, 31, 33, 35, 36, 37, 38, 39, 40, 41, 43, 45, 46, 47, 48, 49, 53, 54, 56, 57, 59, 60, 62, 63, 64, 67, 68, 69, 71, 72, 74, 75, 80, 81, 83, 84, 86, 87, 89, 90, 91, 93, 96] (58)
47 : [1, 4, 10, 11, 12, 15, 18, 19, 20, 22, 23, 25, 27, 28, 29, 30, 31, 33, 35, 36, 37, 38, 39, 40, 41, 43, 45, 46, 47, 48, 49, 53, 54, 56, 57, 59, 60, 62, 63, 64, 67, 68, 69, 71, 72, 74, 75, 80, 81, 83, 84, 86, 87, 89, 90, 91, 93, 96] (58)
48 : [1, 4, 10, 11, 12, 15, 18, 19, 20, 22, 23, 25, 27, 28, 29, 30, 31, 33, 35, 36, 37, 38, 39, 40, 41, 43, 45, 46, 47, 48, 49, 53, 54, 56, 57, 59, 60, 62, 63, 64, 67, 68, 69, 71, 72, 74, 75, 80, 81, 83, 84, 86, 87, 89, 90, 91, 93, 96] (58)
49 : [1, 4, 10, 11, 12, 15, 18, 19, 20, 22, 23, 25, 27, 28, 29, 30, 31, 33, 35, 36, 37, 38, 39, 40, 41, 43, 45, 46, 47, 48, 49, 53, 54, 56, 57, 59, 60, 62, 63, 64, 67, 68, 69, 71, 72, 74, 75, 80, 81, 83, 84, 86, 87, 89, 90, 91, 93, 96] (58)
50 : [0, 3, 5, 7, 9, 13, 16, 17, 21, 24, 32, 34, 44, 50, 58, 61, 73, 76, 79, 92, 97, 99] (22)
51 : [2, 6, 8, 14, 26, 42, 51, 52, 55, 65, 66, 70, 77, 78, 82, 85, 88, 94, 95, 98] (20)
52 : [2, 6, 8, 14, 26, 42, 51, 52, 55, 65, 66, 70, 77, 78, 82, 85, 88, 94, 95, 98] (20)
53 : [1, 4, 10, 11, 12, 15, 18, 19, 20, 22, 23, 25, 27, 28, 29, 30, 31, 33, 35, 36, 37, 38, 39, 40, 41, 43, 45, 46, 47, 48, 49, 53, 54, 56, 57, 59, 60, 62, 63, 64, 67, 68, 69, 71, 72, 74, 75, 80, 81, 83, 84, 86, 87, 89, 90, 91, 93, 96] (58)
54 : [1, 4, 10, 11, 12, 15, 18, 19, 20, 22, 23, 25, 27, 28, 29, 30, 31, 33, 35, 36, 37, 38, 39, 40, 41, 43, 45, 46, 47, 48, 49, 53, 54, 56, 57, 59, 60, 62, 63, 64, 67, 68, 69, 71, 72, 74, 75, 80, 81, 83, 84, 86, 87, 89, 90, 91, 93, 96] (58)
55 : [2, 6, 8, 14, 26, 42, 51, 52, 55, 65, 66, 70, 77, 78, 82, 85, 88, 94, 95, 98] (20)
56 : [1, 4, 10, 11, 12, 15, 18, 19, 20, 22, 23, 25, 27, 28, 29, 30, 31, 33, 35, 36, 37, 38, 39, 40, 41, 43, 45, 46, 47, 48, 49, 53, 54, 56, 57, 59, 60, 62, 63, 64, 67, 68, 69, 71, 72, 74, 75, 80, 81, 83, 84, 86, 87, 89, 90, 91, 93, 96] (58)
57 : [1, 4, 10, 11, 12, 15, 18, 19, 20, 22, 23, 25, 27, 28, 29, 30, 31, 33, 35, 36, 37, 38, 39, 40, 41, 43, 45, 46, 47, 48, 49, 53, 54, 56, 57, 59, 60, 62, 63, 64, 67, 68, 69, 71, 72, 74, 75, 80, 81, 83, 84, 86, 87, 89, 90, 91, 93, 96] (58)
58 : [0, 3, 5, 7, 9, 13, 16, 17, 21, 24, 32, 34, 44, 50, 58, 61, 73, 76, 79, 92, 97, 99] (22)
59 : [1, 4, 10, 11, 12, 15, 18, 19, 20, 22, 23, 25, 27, 28, 29, 30, 31, 33, 35, 36, 37, 38, 39, 40, 41, 43, 45, 46, 47, 48, 49, 53, 54, 56, 57, 59, 60, 62, 63, 64, 67, 68, 69, 71, 72, 74, 75, 80, 81, 83, 84, 86, 87, 89, 90, 91, 93, 96] (58)
60 : [1, 4, 10, 11, 12, 15, 18, 19, 20, 22, 23, 25, 27, 28, 29, 30, 31, 33, 35, 36, 37, 38, 39, 40, 41, 43, 45, 46, 47, 48, 49, 53, 54, 56, 57, 59, 60, 62, 63, 64, 67, 68, 69, 71, 72, 74, 75, 80, 81, 83, 84, 86, 87, 89, 90, 91, 93, 96] (58)
61 : [0, 3, 5, 7, 9, 13, 16, 17, 21, 24, 32, 34, 44, 50, 58, 61, 73, 76, 79, 92, 97, 99] (22)
62 : [1, 4, 10, 11, 12, 15, 18, 19, 20, 22, 23, 25, 27, 28, 29, 30, 31, 33, 35, 36, 37, 38, 39, 40, 41, 43, 45, 46, 47, 48, 49, 53, 54, 56, 57, 59, 60, 62, 63, 64, 67, 68, 69, 71, 72, 74, 75, 80, 81, 83, 84, 86, 87, 89, 90, 91, 93, 96] (58)
63 : [1, 4, 10, 11, 12, 15, 18, 19, 20, 22, 23, 25, 27, 28, 29, 30, 31, 33, 35, 36, 37, 38, 39, 40, 41, 43, 45, 46, 47, 48, 49, 53, 54, 56, 57, 59, 60, 62, 63, 64, 67, 68, 69, 71, 72, 74, 75, 80, 81, 83, 84, 86, 87, 89, 90, 91, 93, 96] (58)
64 : [1, 4, 10, 11, 12, 15, 18, 19, 20, 22, 23, 25, 27, 28, 29, 30, 31, 33, 35, 36, 37, 38, 39, 40, 41, 43, 45, 46, 47, 48, 49, 53, 54, 56, 57, 59, 60, 62, 63, 64, 67, 68, 69, 71, 72, 74, 75, 80, 81, 83, 84, 86, 87, 89, 90, 91, 93, 96] (58)
65 : [2, 6, 8, 14, 26, 42, 51, 52, 55, 65, 66, 70, 77, 78, 82, 85, 88, 94, 95, 98] (20)
66 : [2, 6, 8, 14, 26, 42, 51, 52, 55, 65, 66, 70, 77, 78, 82, 85, 88, 94, 95, 98] (20)
67 : [1, 4, 10, 11, 12, 15, 18, 19, 20, 22, 23, 25, 27, 28, 29, 30, 31, 33, 35, 36, 37, 38, 39, 40, 41, 43, 45, 46, 47, 48, 49, 53, 54, 56, 57, 59, 60, 62, 63, 64, 67, 68, 69, 71, 72, 74, 75, 80, 81, 83, 84, 86, 87, 89, 90, 91, 93, 96] (58)
68 : [1, 4, 10, 11, 12, 15, 18, 19, 20, 22, 23, 25, 27, 28, 29, 30, 31, 33, 35, 36, 37, 38, 39, 40, 41, 43, 45, 46, 47, 48, 49, 53, 54, 56, 57, 59, 60, 62, 63, 64, 67, 68, 69, 71, 72, 74, 75, 80, 81, 83, 84, 86, 87, 89, 90, 91, 93, 96] (58)
69 : [1, 4, 10, 11, 12, 15, 18, 19, 20, 22, 23, 25, 27, 28, 29, 30, 31, 33, 35, 36, 37, 38, 39, 40, 41, 43, 45, 46, 47, 48, 49, 53, 54, 56, 57, 59, 60, 62, 63, 64, 67, 68, 69, 71, 72, 74, 75, 80, 81, 83, 84, 86, 87, 89, 90, 91, 93, 96] (58)
70 : [2, 6, 8, 14, 26, 42, 51, 52, 55, 65, 66, 70, 77, 78, 82, 85, 88, 94, 95, 98] (20)
71 : [1, 4, 10, 11, 12, 15, 18, 19, 20, 22, 23, 25, 27, 28, 29, 30, 31, 33, 35, 36, 37, 38, 39, 40, 41, 43, 45, 46, 47, 48, 49, 53, 54, 56, 57, 59, 60, 62, 63, 64, 67, 68, 69, 71, 72, 74, 75, 80, 81, 83, 84, 86, 87, 89, 90, 91, 93, 96] (58)
72 : [1, 4, 10, 11, 12, 15, 18, 19, 20, 22, 23, 25, 27, 28, 29, 30, 31, 33, 35, 36, 37, 38, 39, 40, 41, 43, 45, 46, 47, 48, 49, 53, 54, 56, 57, 59, 60, 62, 63, 64, 67, 68, 69, 71, 72, 74, 75, 80, 81, 83, 84, 86, 87, 89, 90, 91, 93, 96] (58)
73 : [0, 3, 5, 7, 9, 13, 16, 17, 21, 24, 32, 34, 44, 50, 58, 61, 73, 76, 79, 92, 97, 99] (22)
74 : [1, 4, 10, 11, 12, 15, 18, 19, 20, 22, 23, 25, 27, 28, 29, 30, 31, 33, 35, 36, 37, 38, 39, 40, 41, 43, 45, 46, 47, 48, 49, 53, 54, 56, 57, 59, 60, 62, 63, 64, 67, 68, 69, 71, 72, 74, 75, 80, 81, 83, 84, 86, 87, 89, 90, 91, 93, 96] (58)
75 : [1, 4, 10, 11, 12, 15, 18, 19, 20, 22, 23, 25, 27, 28, 29, 30, 31, 33, 35, 36, 37, 38, 39, 40, 41, 43, 45, 46, 47, 48, 49, 53, 54, 56, 57, 59, 60, 62, 63, 64, 67, 68, 69, 71, 72, 74, 75, 80, 81, 83, 84, 86, 87, 89, 90, 91, 93, 96] (58)
76 : [0, 3, 5, 7, 9, 13, 16, 17, 21, 24, 32, 34, 44, 50, 58, 61, 73, 76, 79, 92, 97, 99] (22)
77 : [2, 6, 8, 14, 26, 42, 51, 52, 55, 65, 66, 70, 77, 78, 82, 85, 88, 94, 95, 98] (20)
78 : [2, 6, 8, 14, 26, 42, 51, 52, 55, 65, 66, 70, 77, 78, 82, 85, 88, 94, 95, 98] (20)
79 : [0, 3, 5, 7, 9, 13, 16, 17, 21, 24, 32, 34, 44, 50, 58, 61, 73, 76, 79, 92, 97, 99] (22)
80 : [1, 4, 10, 11, 12, 15, 18, 19, 20, 22, 23, 25, 27, 28, 29, 30, 31, 33, 35, 36, 37, 38, 39, 40, 41, 43, 45, 46, 47, 48, 49, 53, 54, 56, 57, 59, 60, 62, 63, 64, 67, 68, 69, 71, 72, 74, 75, 80, 81, 83, 84, 86, 87, 89, 90, 91, 93, 96] (58)
81 : [1, 4, 10, 11, 12, 15, 18, 19, 20, 22, 23, 25, 27, 28, 29, 30, 31, 33, 35, 36, 37, 38, 39, 40, 41, 43, 45, 46, 47, 48, 49, 53, 54, 56, 57, 59, 60, 62, 63, 64, 67, 68, 69, 71, 72, 74, 75, 80, 81, 83, 84, 86, 87, 89, 90, 91, 93, 96] (58)
82 : [2, 6, 8, 14, 26, 42, 51, 52, 55, 65, 66, 70, 77, 78, 82, 85, 88, 94, 95, 98] (20)
83 : [1, 4, 10, 11, 12, 15, 18, 19, 20, 22, 23, 25, 27, 28, 29, 30, 31, 33, 35, 36, 37, 38, 39, 40, 41, 43, 45, 46, 47, 48, 49, 53, 54, 56, 57, 59, 60, 62, 63, 64, 67, 68, 69, 71, 72, 74, 75, 80, 81, 83, 84, 86, 87, 89, 90, 91, 93, 96] (58)
84 : [1, 4, 10, 11, 12, 15, 18, 19, 20, 22, 23, 25, 27, 28, 29, 30, 31, 33, 35, 36, 37, 38, 39, 40, 41, 43, 45, 46, 47, 48, 49, 53, 54, 56, 57, 59, 60, 62, 63, 64, 67, 68, 69, 71, 72, 74, 75, 80, 81, 83, 84, 86, 87, 89, 90, 91, 93, 96] (58)
85 : [2, 6, 8, 14, 26, 42, 51, 52, 55, 65, 66, 70, 77, 78, 82, 85, 88, 94, 95, 98] (20)
86 : [1, 4, 10, 11, 12, 15, 18, 19, 20, 22, 23, 25, 27, 28, 29, 30, 31, 33, 35, 36, 37, 38, 39, 40, 41, 43, 45, 46, 47, 48, 49, 53, 54, 56, 57, 59, 60, 62, 63, 64, 67, 68, 69, 71, 72, 74, 75, 80, 81, 83, 84, 86, 87, 89, 90, 91, 93, 96] (58)
87 : [1, 4, 10, 11, 12, 15, 18, 19, 20, 22, 23, 25, 27, 28, 29, 30, 31, 33, 35, 36, 37, 38, 39, 40, 41, 43, 45, 46, 47, 48, 49, 53, 54, 56, 57, 59, 60, 62, 63, 64, 67, 68, 69, 71, 72, 74, 75, 80, 81, 83, 84, 86, 87, 89, 90, 91, 93, 96] (58)
88 : [2, 6, 8, 14, 26, 42, 51, 52, 55, 65, 66, 70, 77, 78, 82, 85, 88, 94, 95, 98] (20)
89 : [1, 4, 10, 11, 12, 15, 18, 19, 20, 22, 23, 25, 27, 28, 29, 30, 31, 33, 35, 36, 37, 38, 39, 40, 41, 43, 45, 46, 47, 48, 49, 53, 54, 56, 57, 59, 60, 62, 63, 64, 67, 68, 69, 71, 72, 74, 75, 80, 81, 83, 84, 86, 87, 89, 90, 91, 93, 96] (58)
90 : [1, 4, 10, 11, 12, 15, 18, 19, 20, 22, 23, 25, 27, 28, 29, 30, 31, 33, 35, 36, 37, 38, 39, 40, 41, 43, 45, 46, 47, 48, 49, 53, 54, 56, 57, 59, 60, 62, 63, 64, 67, 68, 69, 71, 72, 74, 75, 80, 81, 83, 84, 86, 87, 89, 90, 91, 93, 96] (58)
91 : [1, 4, 10, 11, 12, 15, 18, 19, 20, 22, 23, 25, 27, 28, 29, 30, 31, 33, 35, 36, 37, 38, 39, 40, 41, 43, 45, 46, 47, 48, 49, 53, 54, 56, 57, 59, 60, 62, 63, 64, 67, 68, 69, 71, 72, 74, 75, 80, 81, 83, 84, 86, 87, 89, 90, 91, 93, 96] (58)
92 : [0, 3, 5, 7, 9, 13, 16, 17, 21, 24, 32, 34, 44, 50, 58, 61, 73, 76, 79, 92, 97, 99] (22)
93 : [1, 4, 10, 11, 12, 15, 18, 19, 20, 22, 23, 25, 27, 28, 29, 30, 31, 33, 35, 36, 37, 38, 39, 40, 41, 43, 45, 46, 47, 48, 49, 53, 54, 56, 57, 59, 60, 62, 63, 64, 67, 68, 69, 71, 72, 74, 75, 80, 81, 83, 84, 86, 87, 89, 90, 91, 93, 96] (58)
94 : [2, 6, 8, 14, 26, 42, 51, 52, 55, 65, 66, 70, 77, 78, 82, 85, 88, 94, 95, 98] (20)
95 : [2, 6, 8, 14, 26, 42, 51, 52, 55, 65, 66, 70, 77, 78, 82, 85, 88, 94, 95, 98] (20)
96 : [1, 4, 10, 11, 12, 15, 18, 19, 20, 22, 23, 25, 27, 28, 29, 30, 31, 33, 35, 36, 37, 38, 39, 40, 41, 43, 45, 46, 47, 48, 49, 53, 54, 56, 57, 59, 60, 62, 63, 64, 67, 68, 69, 71, 72, 74, 75, 80, 81, 83, 84, 86, 87, 89, 90, 91, 93, 96] (58)
97 : [0, 3, 5, 7, 9, 13, 16, 17, 21, 24, 32, 34, 44, 50, 58, 61, 73, 76, 79, 92, 97, 99] (22)
98 : [2, 6, 8, 14, 26, 42, 51, 52, 55, 65, 66, 70, 77, 78, 82, 85, 88, 94, 95, 98] (20)
99 : [0, 3, 5, 7, 9, 13, 16, 17, 21, 24, 32, 34, 44, 50, 58, 61, 73, 76, 79, 92, 97, 99] (22)
