[1, 153, 168, 536, 818, 1071, 1199, 1217, 1295, 1562, 1607, 1619, 1680, 1684, 1710, 1933, 2335, 2617, 2728, 2761, 2869] (21)
[2, 34, 75, 166, 568, 584, 740, 822, 826, 933, 1084, 1092, 1114, 1214, 1315, 1617, 1700, 1709, 1966, 1974, 2031, 2339, 2465, 2466, 2487, 2616, 2840, 2873, 2977] (29)
[5, 56, 101, 243, 286, 303, 407, 443, 461, 478, 533, 564, 583, 598, 686, 690, 695, 853, 884, 947, 1043, 1111, 1135, 1243, 1276, 1306, 1376, 1464, 1503, 1593, 1595, 1599, 1693, 1705, 1745, 1750, 1768, 1810, 1970, 1976, 2000, 2069, 2149, 2210, 2229, 2347, 2364, 2529, 2579, 2605, 2620, 2707, 2712, 2718, 2727, 2781, 2920, 2939, 2974, 2995] (60)
[6, 23, 70, 87, 130, 175, 181, 191, 227, 234, 265, 280, 309, 409, 422, 479, 537, 557, 588, 661, 704, 793, 856, 871, 889, 897, 919, 942, 982, 1086, 1095, 1096, 1179, 1215, 1218, 1286, 1300, 1309, 1383, 1393, 1449, 1465, 1487, 1550, 1651, 1722, 1725, 1807, 1837, 1851, 1956, 1971, 2019, 2026, 2091, 2117, 2220, 2225, 2244, 2258, 2293, 2350, 2414, 2474, 2513, 2574, 2581, 2636, 2643, 2648, 2671, 2696, 2716, 2719, 2784, 2824, 2845, 2872, 2983] (79)
[8, 65, 159, 279, 431, 500, 620, 716, 784, 920, 1174, 1211, 1442, 1642, 1818, 1827, 2014, 2072, 2079, 2099, 2459, 2494, 2508, 2586, 2587, 2713, 2842, 2962, 2966] (29)
[10, 71, 185, 218, 287, 344, 541, 618, 907, 1038, 1067, 1296, 1312, 1443, 1575, 1877, 1938, 2214, 2248, 2333, 2349, 2491, 2507, 2833] (24)
[160, 195, 426, 506, 579, 880, 1001, 1061, 1082, 1136, 1188, 1350, 1568, 1860, 1979, 2087, 2473, 2592, 2889, 2978] (20)
[39, 176, 197, 198, 295, 430, 432, 467, 469, 558, 585, 688, 874, 956, 985, 1186, 1573, 1823, 2009, 2378, 2607, 2993, 2996] (23)
[26, 149, 193, 256, 330, 417, 1041, 1171, 1310, 1410, 1433, 1539, 1608, 1686, 1855, 1925, 1949, 1957, 2177, 2312, 2341, 2387, 2422, 2697, 2852, 2955, 2980] (27)
[164, 257, 335, 508, 554, 573, 1012, 1051, 1056, 1322, 1427, 1470, 1534, 1571, 1589, 1781, 1785, 1836, 1998, 2044, 2814, 2832] (22)
[16, 76, 94, 230, 290, 322, 944, 949, 963, 992, 1206, 1235, 1787, 2106, 2151, 2281, 2412, 2619, 2734, 2990] (20)
[49, 245, 307, 323, 367, 453, 800, 965, 1014, 1198, 1491, 1614, 1948, 2022, 2222, 2247, 2291, 2481, 2969, 2981] (20)
[139, 337, 384, 472, 562, 581, 699, 708, 751, 755, 936, 941, 1125, 1149, 1234, 1237, 1437, 1604, 1780, 1799, 1845, 1858, 2023, 2132, 2137, 2246, 2249, 2260, 2271, 2279, 2287, 2406, 2416, 2736, 2874] (35)
[376, 385, 390, 493, 852, 1019, 1055, 1226, 1302, 1313, 1372, 1782, 1820, 1936, 1987, 1996, 2006, 2200, 2448, 2601, 2678, 2711, 2838, 2843, 2937] (25)
[9, 40, 88, 297, 310, 321, 327, 389, 425, 458, 459, 475, 494, 607, 683, 692, 805, 807, 827, 831, 888, 915, 1000, 1011, 1081, 1193, 1209, 1366, 1472, 1500, 1702, 1834, 1899, 2003, 2124, 2156, 2166, 2326, 2403, 2476, 2521, 2536, 2558, 2600, 2708, 2744, 2863, 2907] (48)
[35, 300, 396, 447, 451, 569, 571, 660, 780, 885, 925, 1090, 1170, 1183, 1273, 1297, 1330, 1339, 1566, 1598, 1711, 1805, 1829, 1848, 1915, 1934, 2450, 2468, 2614, 2703, 2733, 2871] (32)
[224, 448, 456, 717, 863, 973, 1100, 1133, 1159, 1165, 1253, 1481, 1546, 1551, 1605, 1636, 1763, 1866, 1895, 2013, 2215, 2234, 2407, 2453, 2627, 2644, 2877, 2922] (28)
[30, 44, 152, 155, 378, 415, 512, 752, 899, 952, 955, 1004, 1155, 1157, 1176, 1265, 1922, 2047, 2153, 2239, 2344, 2351, 2382, 2455, 2537, 2689, 2702, 2746] (28)
[84, 85, 121, 314, 513, 823, 946, 986, 1210, 1386, 1460, 1515, 1868, 2105, 2252, 2270, 2352, 2367, 2743, 2754, 2941] (21)
[107, 147, 207, 231, 291, 346, 514, 608, 720, 1013, 1375, 1506, 1576, 1715, 1738, 2041, 2073, 2286, 2766, 2897] (20)
[336, 518, 616, 624, 654, 736, 876, 1269, 1363, 1380, 1559, 1627, 1764, 1973, 2319, 2423, 2464, 2768, 2770, 2804, 2812, 2960] (22)
[93, 258, 328, 345, 454, 630, 640, 644, 711, 975, 977, 984, 1102, 1107, 1113, 1151, 1161, 1240, 1268, 1439, 1521, 1569, 1613, 1626, 1687, 1739, 2386, 2486, 2524, 2543, 2613, 2745, 2904] (33)
[143, 304, 641, 643, 868, 930, 1022, 1042, 1200, 1261, 1299, 1558, 1648, 1769, 1809, 2016, 2213, 2449, 2497, 2683, 2693, 2735, 2841] (23)
[19, 201, 252, 354, 468, 556, 611, 653, 737, 754, 846, 864, 994, 1117, 1175, 1178, 1182, 1239, 1370, 1450, 1480, 1554, 1631, 1754, 1778, 1882, 1918, 2526, 2717, 2764, 2801, 2813, 2915] (33)
[254, 769, 776, 1077, 1447, 1532, 1545, 1560, 1564, 1591, 1658, 1929, 2061, 2114, 2205, 2206, 2261, 2328, 2391, 2493, 2562, 2606, 2709, 2776, 2953] (25)
[117, 442, 648, 698, 706, 719, 753, 770, 917, 964, 970, 981, 1068, 1258, 1474, 1477, 1512, 1755, 1770, 1779, 1989, 2119, 2233, 2447, 2501, 2645, 2774, 2819] (28)
[95, 244, 380, 419, 679, 746, 771, 825, 834, 1040, 1048, 1119, 1289, 1290, 1377, 1434, 1830, 2039, 2053, 2102, 2181, 2268, 2334, 2516, 2530, 2548, 2596, 2687, 2800, 2821, 2853, 2951, 2956] (33)
[32, 350, 604, 669, 762, 777, 1003, 1244, 1256, 1525, 1552, 1579, 1660, 1718, 1824, 1964, 2018, 2315, 2420, 2676, 2792, 2805] (22)
[99, 242, 470, 566, 697, 832, 971, 1138, 1140, 1329, 1337, 1374, 1385, 1634, 1712, 1841, 2046, 2360, 2511, 2906] (20)
[15, 332, 362, 587, 591, 609, 835, 843, 848, 1112, 1162, 1279, 1387, 1498, 1615, 1873, 2118, 2138, 2190, 2410, 2418, 2426, 2477, 2630, 2672, 2972] (26)
[79, 134, 167, 194, 249, 549, 559, 631, 798, 896, 1228, 1292, 1528, 1742, 1802, 2336, 2362, 2445, 2561, 2867, 2948] (21)
[165, 394, 749, 898, 1017, 1115, 1264, 1382, 1547, 1982, 2140, 2182, 2223, 2401, 2424, 2539, 2553, 2651, 2704, 2811, 2854, 2926, 2967] (23)
[38, 114, 333, 371, 578, 601, 646, 791, 816, 960, 972, 997, 1006, 1094, 1242, 1287, 1682, 1735, 1883, 2001, 2084, 2157, 2170, 2375, 2419, 2589, 2628, 2835] (28)
[172, 358, 522, 565, 638, 702, 961, 1099, 1342, 1428, 1462, 1881, 1959, 1978, 2338, 2483, 2527, 2580, 2731, 2759] (20)
[156, 402, 424, 792, 922, 962, 1169, 1278, 1349, 1396, 1563, 1586, 1667, 1928, 1930, 1968, 1992, 2216, 2280, 2285, 2330, 2724] (22)
[135, 274, 555, 676, 714, 789, 938, 995, 1010, 1024, 1141, 1331, 1378, 1483, 1645, 1652, 1736, 1766, 1789, 1946, 2172, 2380, 2701, 2748, 2773, 2963] (26)
[17, 173, 212, 223, 421, 484, 511, 590, 649, 662, 687, 721, 850, 921, 940, 1016, 1025, 1197, 1205, 1216, 1254, 1361, 1482, 1510, 1577, 1602, 1606, 1641, 1720, 1806, 1892, 1900, 2148, 2183, 2226, 2242, 2371, 2377, 2383, 2408, 2442, 2479, 2588, 2626, 2637, 2654, 2666, 2752, 2798, 2924] (50)
[301, 731, 742, 867, 872, 987, 1026, 1078, 1496, 1612, 1647, 1661, 1692, 1756, 1784, 1788, 2090, 2266, 2409, 2682, 2999] (21)
[283, 351, 487, 534, 659, 810, 862, 931, 980, 1028, 1032, 1123, 1144, 1488, 1557, 1611, 2055, 2145, 2430, 2575, 2803, 2849, 2903, 2909, 2928, 2968, 2975] (27)
[45, 66, 353, 370, 471, 473, 477, 488, 545, 547, 577, 612, 632, 672, 797, 828, 881, 948, 1029, 1064, 1087, 1091, 1145, 1311, 1351, 1352, 1358, 1360, 1843, 1876, 1894, 1955, 1984, 2033, 2076, 2125, 2158, 2160, 2254, 2396, 2398, 2462, 2547, 2740, 2755, 2756, 2778, 2794, 2850] (49)
[78, 144, 163, 202, 339, 360, 404, 499, 606, 628, 655, 715, 728, 756, 819, 861, 969, 1030, 1103, 1270, 1368, 1379, 1478, 1489, 1731, 1862, 1939, 1990, 2002, 2088, 2120, 2238, 2265, 2664, 2738, 2859, 2888] (37)
[33, 133, 187, 271, 281, 382, 416, 526, 552, 678, 703, 786, 914, 954, 1089, 1219, 1266, 1415, 1603, 1640, 1814, 1859, 1872, 1905, 1991, 2199, 2369, 2461, 2659, 2783, 2895] (31)
[98, 233, 492, 842, 1049, 1098, 1196, 1257, 1440, 1448, 1504, 1535, 1958, 2146, 2174, 2202, 2609, 2649, 2739, 2860] (20)
[22, 105, 238, 289, 614, 664, 996, 1015, 1069, 1137, 1150, 1152, 1195, 1236, 1271, 1364, 1407, 2050, 2162, 2230, 2231, 2243, 2283, 2463, 2467, 2714, 2720, 2730, 2788, 2826] (30)
[21, 142, 146, 183, 259, 282, 363, 437, 902, 1031, 1062, 1153, 1511, 1561, 1685, 1733, 1844, 2057, 2080, 2289, 2376, 2429, 2439, 2457, 2544, 2823] (26)
[92, 352, 383, 510, 764, 804, 989, 1154, 1223, 1594, 2066, 2256, 2274, 2346, 2482, 2517, 2551, 2552, 2584, 2831, 2847, 2934, 2957] (23)
[127, 129, 145, 260, 411, 528, 738, 767, 775, 999, 1036, 1131, 1207, 1280, 1530, 1910, 2067, 2240, 2278, 2300, 2321, 2677, 2691, 2793, 2802, 2935] (26)
[81, 200, 316, 405, 474, 701, 748, 829, 1208, 1281, 1348, 1469, 1476, 1494, 1906, 2005, 2308, 2642, 2882, 2891, 2913, 2933, 2997] (23)
[240, 365, 498, 605, 1118, 1156, 1283, 1508, 1644, 1746, 1791, 1897, 1945, 1995, 2167, 2267, 2302, 2417, 2655, 2786, 2795] (21)
[47, 140, 312, 457, 724, 744, 957, 1105, 1168, 1344, 1347, 1392, 1459, 2021, 2111, 2550, 2641, 2757, 2779, 2787] (20)
[0, 3, 77, 203, 205, 216, 275, 398, 433, 497, 543, 647, 743, 799, 849, 890, 893, 993, 1088, 1181, 1408, 1421, 1556, 1911, 2150, 2164, 2292, 2332, 2451, 2512, 2535, 2559, 2577, 2710, 2797, 2829, 2910, 2917, 2931] (39)
[82, 102, 220, 270, 486, 782, 903, 918, 990, 1262, 1384, 1409, 1657, 1723, 1734, 1804, 1875, 1937, 2040, 2399, 2836, 2932] (22)
[29, 53, 138, 169, 170, 177, 305, 428, 561, 1381, 1412, 1454, 1670, 1678, 1719, 1960, 2100, 2107, 2129, 2207, 2314, 2595, 2772, 2827] (24)
[58, 80, 171, 276, 306, 429, 626, 745, 1023, 1110, 1164, 1293, 1305, 1307, 1417, 1519, 1662, 1775, 1831, 1965, 2068, 2082, 2152, 2313, 2395, 2405, 2582, 2902] (28)
[120, 211, 446, 482, 570, 621, 739, 935, 1035, 1080, 1126, 1445, 1473, 1553, 1578, 1706, 1714, 1861, 1879, 1969, 1994, 2139, 2221, 2296, 2390, 2498, 2679, 2857, 2936, 2991, 2994] (31)
[106, 481, 908, 1008, 1018, 1124, 1132, 1391, 1479, 1502, 1630, 1726, 1773, 1890, 2273, 2361, 2633, 2675, 2681, 2879] (20)
[64, 89, 128, 232, 560, 610, 709, 1007, 1027, 1160, 1238, 1341, 1414, 1529, 1536, 1635, 1776, 1817, 1850, 1878, 2059, 2250, 2272, 2363, 2452, 2593, 2881, 2892] (28)
[12, 52, 247, 772, 781, 924, 953, 1172, 1222, 1274, 1397, 1424, 1438, 1538, 1697, 1926, 2065, 2253, 2484, 2495, 2807, 2846] (22)
[74, 174, 179, 199, 277, 403, 438, 527, 529, 532, 572, 656, 855, 1191, 1419, 1435, 1540, 1707, 1717, 1727, 1932, 1963, 2343, 2578, 2758] (25)
[73, 229, 348, 356, 368, 495, 582, 586, 741, 1227, 1542, 1580, 1659, 1815, 1917, 2081, 2316, 2542, 2611, 2632, 2661, 2858] (22)
[25, 36, 315, 531, 542, 689, 911, 912, 1050, 1204, 1524, 1544, 1716, 2045, 2093, 2251, 2534, 2608, 2799, 2861] (20)
[190, 401, 783, 796, 932, 1039, 1548, 1623, 1676, 1679, 1816, 1835, 2074, 2235, 2340, 2646, 2700, 2726, 2839, 2862, 2971] (21)
[11, 115, 192, 320, 436, 466, 489, 727, 894, 901, 905, 928, 1221, 1600, 1649, 1880, 1916, 1961, 2108, 2171, 2640, 2911] (22)
[132, 507, 580, 667, 671, 1009, 1146, 1167, 1185, 1455, 1499, 1664, 1675, 1867, 2035, 2048, 2060, 2062, 2098, 2168, 2303, 2454, 2555, 2864, 2958] (25)
[27, 90, 103, 112, 765, 988, 1033, 1120, 1622, 1665, 1840, 1908, 1935, 2011, 2179, 2269, 2322, 2458, 2721, 2796, 2927] (21)
[50, 150, 157, 263, 288, 355, 393, 400, 485, 524, 551, 674, 788, 1053, 1423, 1668, 1669, 1797, 1798, 1813, 1943, 2058, 2317, 2323, 2815, 2985] (26)
[131, 182, 308, 325, 334, 399, 576, 1134, 1249, 1533, 1628, 1728, 2034, 2126, 2189, 2365, 2489, 2692, 2747, 2806] (20)
[43, 148, 278, 406, 535, 684, 812, 951, 1101, 1318, 1420, 1574, 1688, 1732, 1852, 2077, 2197, 2212, 2324, 2337, 2470, 2568, 2631, 2634, 2822] (25)
[7, 51, 180, 284, 515, 768, 801, 858, 910, 1046, 1492, 1792, 1869, 2103, 2309, 2440, 2471, 2475, 2566, 2591, 2690] (21)
[48, 54, 136, 241, 364, 391, 501, 599, 734, 750, 837, 839, 979, 1073, 1246, 1255, 1461, 1467, 1531, 1596, 1654, 1729, 1730, 1774, 1794, 1842, 1865, 2097, 2147, 2354, 2397, 2506, 2509, 2528, 2556, 2660, 2749, 2780, 2791, 2810, 2865, 2875, 2908, 2919, 2943] (45)
[375, 633, 726, 1054, 1142, 1166, 1285, 1453, 1518, 1526, 1582, 1765, 1795, 1931, 2198, 2263, 2356, 2357, 2456, 2538, 2570, 2670, 2698] (23)
[14, 154, 255, 296, 504, 639, 670, 763, 778, 790, 1173, 1194, 1282, 1388, 1516, 1609, 1653, 1760, 1783, 1786, 1856, 1927, 2054, 2083, 2089, 2131, 2257, 2310, 2594, 2808, 2930] (31)
[123, 225, 440, 516, 523, 603, 629, 710, 1395, 1429, 1555, 1759, 1857, 1889, 2130, 2155, 2503, 2523, 2533, 2572, 2639, 2844, 2901] (23)
[37, 251, 379, 540, 635, 637, 758, 1203, 1323, 1457, 1674, 1821, 1854, 1921, 1951, 2195, 2275, 2295, 2415, 2817, 2992] (21)
[268, 318, 520, 634, 696, 976, 1076, 1187, 1229, 1301, 1333, 1340, 1495, 1923, 1972, 2063, 2228, 2402, 2500, 2573, 2612, 2623, 2694, 2751, 2870] (25)
[226, 341, 392, 544, 622, 645, 806, 1116, 1147, 1247, 1263, 1365, 1639, 1650, 1924, 2012, 2203, 2763, 2769, 2942] (20)
[215, 237, 444, 463, 840, 851, 909, 1201, 1202, 1325, 1456, 1463, 1484, 1903, 1985, 2245, 2478, 2732, 2760, 2878, 2989] (21)
[69, 235, 324, 340, 476, 491, 830, 870, 916, 1065, 1121, 1294, 1466, 1913, 1975, 1981, 1986, 2008, 2015, 2123, 2480, 2485, 2519, 2959] (24)
[62, 313, 377, 434, 538, 575, 722, 760, 847, 869, 1241, 1259, 1355, 1471, 1584, 1741, 1801, 1988, 2237, 2510, 2673, 2952] (22)
[57, 184, 483, 521, 602, 857, 882, 937, 1002, 1127, 1130, 1362, 1520, 1581, 1671, 1796, 1849, 1886, 1902, 1977, 2112, 2353, 2379, 2554, 2610, 2866] (26)
[441, 844, 1335, 1402, 1446, 1458, 1583, 1724, 1767, 1893, 1912, 1953, 2113, 2227, 2342, 2385, 2400, 2658, 2789, 2988] (20)
[97, 100, 108, 250, 668, 733, 966, 1251, 1284, 1490, 1638, 1737, 1863, 1870, 2027, 2115, 2196, 2490, 2492, 2657, 2970] (21)
[213, 615, 817, 1020, 1063, 1357, 1400, 1432, 1590, 1740, 1853, 1901, 2032, 2101, 2116, 2186, 2193, 2514, 2518, 2549] (20)
[72, 418, 625, 779, 1252, 1291, 1399, 1523, 1588, 1672, 1800, 2110, 2135, 2178, 2301, 2662, 2669, 2699, 2830, 2925, 2987] (21)
[59, 110, 116, 410, 1122, 1184, 1321, 1359, 1398, 1405, 1629, 2165, 2187, 2208, 2345, 2469, 2622, 2809, 2900, 2929, 2964] (21)
[372, 455, 530, 627, 657, 713, 814, 978, 1047, 1058, 1072, 1083, 1288, 1497, 1501, 1572, 1585, 1698, 1721, 1825, 1832, 2169, 2241, 2373, 2472, 2583, 2750, 2976, 2998] (29)
[41, 46, 366, 395, 550, 642, 841, 873, 939, 1044, 1298, 1656, 1747, 1790, 1896, 2085, 2188, 2201, 2304, 2370, 2427, 2435, 2674, 2834] (24)
[104, 113, 285, 311, 373, 773, 803, 906, 1314, 1371, 1522, 1643, 1646, 1758, 1762, 1812, 1914, 2036, 2075, 2306, 2742, 2837, 2984] (23)
[118, 253, 264, 331, 439, 465, 594, 596, 673, 718, 913, 927, 1267, 1277, 1304, 1517, 1655, 1743, 1744, 2004, 2037, 2133, 2185, 2297, 2307, 2329, 2393, 2638, 2647, 2715, 2771, 2868, 2914, 2979] (34)
[204, 219, 958, 968, 974, 983, 1104, 1232, 1485, 1543, 1695, 1751, 1993, 1997, 2010, 2282, 2366, 2502, 2618, 2652, 2855, 2905] (22)
[42, 236, 294, 1034, 1057, 1250, 1319, 1369, 1616, 1833, 1864, 1952, 2184, 2255, 2368, 2394, 2504, 2532, 2885, 2896] (20)
[222, 261, 269, 298, 374, 509, 539, 650, 838, 891, 1225, 1272, 1418, 1637, 1673, 1757, 1942, 2159, 2290, 2372, 2374, 2413, 2569, 2668, 2722, 2723, 2782, 2785, 2938] (29)
[60, 141, 248, 272, 273, 293, 302, 413, 517, 546, 666, 904, 1045, 1303, 1413, 1416, 1431, 1537, 1633, 1690, 1920, 2056, 2163, 2432, 2585] (25)
[206, 228, 462, 732, 833, 1275, 1326, 1426, 1493, 1509, 1527, 1681, 1846, 2020, 2094, 2141, 2224, 2433, 2488, 2635, 2725, 2729, 2762, 2883, 2898] (25)
[61, 158, 408, 414, 496, 502, 519, 525, 681, 774, 875, 900, 950, 1070, 1074, 1163, 1514, 1549, 1610, 1621, 1677, 1771, 1803, 1822, 1947, 2175, 2194, 2436, 2576, 2597, 2598, 2765, 2848] (33)
[151, 161, 397, 427, 589, 809, 1052, 1097, 1317, 1451, 1683, 1696, 1713, 1838, 1950, 1954, 2064, 2092, 2096, 2154, 2392, 2438, 2887, 2894, 2973] (25)
[20, 210, 239, 347, 420, 693, 1587, 1632, 1808, 1847, 2029, 2043, 2070, 2191, 2411, 2441, 2460, 2705, 2899, 2912, 2961] (21)
[111, 137, 329, 343, 387, 665, 759, 815, 824, 878, 1093, 1404, 1541, 1761, 1919, 2311, 2389, 2496, 2525, 2567, 2818] (21)
[369, 600, 636, 766, 865, 879, 945, 991, 1308, 1334, 1353, 2025, 2284, 2499, 2603, 2680, 2695, 2767, 2856, 2923] (20)
[55, 196, 209, 386, 388, 450, 682, 700, 926, 1021, 1128, 1158, 1425, 1620, 1666, 1703, 1708, 2109, 2161, 2217, 2348, 2560, 2604, 2667] (24)
[24, 124, 186, 208, 338, 359, 381, 435, 445, 464, 574, 597, 723, 729, 730, 802, 821, 1231, 1233, 1336, 1452, 1475, 1601, 1748, 1885, 2007, 2052, 2127, 2232, 2384, 2520, 2531, 2557, 2563, 2590, 2741, 2886, 2890] (38)
[31, 119, 162, 319, 460, 685, 836, 886, 1075, 1230, 1389, 1390, 1444, 1597, 1663, 1689, 1904, 2017, 2277, 2288, 2358, 2359, 2546, 2564, 2825, 2986] (26)
[189, 449, 452, 505, 691, 895, 1108, 1190, 1320, 1356, 1699, 1752, 2122, 2218, 2262, 2381, 2625, 2656, 2775, 2916] (20)
[326, 548, 694, 761, 892, 967, 1486, 1505, 1513, 1592, 1909, 1967, 1980, 1983, 1999, 2515, 2545, 2615, 2629, 2737] (20)
[13, 63, 67, 83, 188, 214, 1085, 1345, 1394, 1819, 1888, 1940, 2028, 2049, 2051, 2136, 2204, 2425, 2428, 2437, 2541, 2663, 2684, 2893, 2947] (25)
[28, 109, 122, 221, 658, 675, 794, 795, 929, 943, 1143, 1192, 1213, 1224, 1624, 1887, 2421, 2444, 2688, 2965] (20)
[4, 126, 503, 663, 1079, 1177, 1343, 1411, 1793, 1839, 1944, 1962, 2071, 2095, 2305, 2325, 2327, 2446, 2706, 2816, 2921, 2982] (22)
[217, 246, 266, 357, 480, 677, 866, 887, 1248, 1441, 1565, 1570, 1704, 1753, 1891, 2078, 2142, 2209, 2211, 2219, 2602, 2685, 2777, 2820, 2940] (25)
[412, 680, 707, 747, 845, 877, 959, 1060, 1106, 1180, 1189, 1260, 1316, 1328, 1367, 1507, 1691, 1694, 1828, 2121, 2276, 2294, 2388, 2431, 2522, 2650, 2653, 2880] (28)
[68, 262, 317, 342, 349, 361, 592, 593, 712, 808, 813, 1005, 1618, 1874, 1884, 1907, 2104, 2128, 2236, 2298, 2355, 2884] (22)
[125, 267, 623, 787, 859, 883, 1037, 1129, 1332, 1354, 1436, 1811, 2038, 2176, 2180, 2434, 2571, 2686, 2790, 2944, 2954] (21)
[86, 292, 299, 423, 553, 563, 595, 619, 705, 725, 735, 820, 854, 934, 1066, 1109, 1212, 1220, 1245, 1324, 1327, 1338, 1346, 1373, 1406, 1468, 1625, 1701, 1749, 1871, 2030, 2042, 2086, 2192, 2259, 2505, 2599, 2621, 2624, 2753, 2945] (41)
[96, 178, 490, 567, 613, 617, 652, 785, 860, 923, 998, 1422, 1567, 1772, 1777, 2024, 2144, 2173, 2264, 2318, 2320, 2404, 2540, 2565, 2828, 2851, 2876, 2918, 2946, 2949] (30)
[18, 91, 651, 757, 811, 1059, 1139, 1148, 1401, 1403, 1430, 1826, 1898, 1941, 2134, 2143, 2299, 2331, 2443, 2665, 2950] (21)
