[0, 6, 44, 86, 113, 142, 154, 155, 159, 165, 167, 173, 180, 197, 202, 203, 206, 232, 289, 295] (20)
[1, 9, 10, 12, 18, 22, 23, 57, 59, 73, 74, 79, 81, 89, 96, 99, 110, 117, 127, 130, 132, 139, 147, 184, 185, 196, 207, 209, 235, 254, 275, 284, 287] (33)
[2, 5, 19, 21, 26, 36, 51, 52, 65, 69, 83, 92, 115, 124, 137, 149, 153, 162, 163, 172, 179, 181, 188, 192, 211, 215, 228, 229, 231, 237, 239, 248, 249, 250, 253, 261, 285, 291] (38)
[3, 14, 32, 41, 71, 76, 91, 105, 108, 122, 150, 169, 170, 177, 200, 216, 236, 243, 246, 265, 290, 294, 299] (23)
[25, 29, 30, 35, 38, 49, 68, 102, 109, 140, 143, 152, 158, 183, 220, 221, 222, 226, 274, 280, 292] (21)
[4, 7, 8, 27, 63, 64, 85, 87, 88, 103, 111, 112, 116, 120, 125, 128, 129, 134, 160, 198, 212, 247, 252, 270] (24)
[33, 42, 47, 53, 56, 77, 84, 95, 104, 107, 123, 131, 146, 157, 164, 176, 187, 189, 193, 205, 208, 217, 233, 241, 245, 251, 286, 288] (28)
[16, 24, 67, 75, 80, 82, 93, 101, 114, 119, 121, 161, 190, 194, 201, 204, 213, 223, 262, 267, 268] (21)
[17, 34, 45, 50, 55, 90, 97, 126, 144, 151, 168, 171, 175, 210, 214, 230, 234, 256, 272, 273, 277, 281, 283, 296, 298] (25)
[15, 20, 37, 39, 106, 118, 145, 148, 166, 178, 218, 219, 224, 225, 238, 257, 260, 264, 266, 269, 271] (21)
[31, 40, 43, 46, 48, 54, 58, 60, 61, 62, 66, 70, 72, 78, 100, 133, 138, 141, 174, 227, 240, 244, 258, 293, 297] (25)
[11, 13, 28, 94, 98, 135, 136, 156, 182, 186, 191, 195, 199, 242, 255, 259, 263, 276, 278, 279, 282] (21)
