[0, 118, 147, 264, 302, 357, 362, 422, 508, 510, 550, 561, 581, 593, 598, 610, 676, 712, 921, 926, 954] (21)
[13, 43, 47, 49, 64, 152, 218, 225, 243, 298, 321, 435, 462, 466, 639, 687, 749, 765, 811, 979, 980, 987] (22)
[63, 65, 71, 145, 199, 226, 354, 533, 565, 569, 615, 667, 696, 697, 718, 726, 771, 799, 836, 856, 972] (21)
[1, 20, 32, 62, 93, 128, 165, 179, 181, 185, 186, 200, 235, 242, 257, 258, 265, 283, 300, 338, 344, 352, 373, 416, 437, 452, 471, 479, 519, 523, 535, 622, 654, 657, 681, 825, 842, 857, 859, 867, 873, 901, 935, 952] (44)
[38, 83, 130, 197, 217, 281, 303, 310, 323, 364, 563, 575, 665, 673, 738, 763, 798, 852, 945, 968] (20)
[25, 77, 131, 170, 213, 294, 369, 380, 464, 465, 516, 532, 580, 590, 645, 652, 662, 679, 686, 753, 812, 841, 905, 914, 974, 981] (26)
[31, 94, 123, 136, 142, 193, 209, 271, 278, 311, 341, 365, 474, 525, 537, 574, 606, 623, 651, 710, 734, 740, 757, 803, 862, 890, 963, 970, 985, 994] (30)
[107, 122, 125, 135, 138, 196, 220, 222, 268, 367, 393, 455, 460, 469, 475, 490, 500, 520, 596, 605, 659, 661, 716, 780, 785, 843, 887, 966, 978] (29)
[45, 73, 76, 146, 198, 309, 314, 317, 366, 397, 424, 431, 432, 505, 539, 604, 755, 762, 801, 814, 947, 951, 983] (23)
[151, 167, 256, 289, 305, 355, 396, 415, 421, 423, 433, 483, 527, 544, 552, 579, 612, 664, 725, 792, 800, 840, 885, 891, 928, 969] (26)
[75, 81, 95, 119, 212, 236, 247, 301, 304, 326, 343, 350, 417, 613, 670, 691, 804, 816, 819, 923, 925, 936] (22)
[74, 133, 137, 195, 205, 208, 240, 245, 332, 384, 412, 467, 564, 630, 690, 693, 717, 719, 898, 944, 964, 993] (22)
[33, 35, 129, 134, 279, 375, 385, 387, 389, 391, 395, 411, 444, 494, 502, 524, 538, 549, 592, 658, 669, 722, 820, 874, 893, 938] (26)
[68, 90, 102, 163, 169, 325, 330, 342, 363, 388, 438, 461, 480, 553, 587, 601, 621, 750, 761, 915, 937, 976] (22)
[6, 11, 40, 53, 67, 126, 207, 246, 358, 381, 446, 448, 504, 506, 511, 541, 585, 607, 611, 705, 729, 733, 783, 797, 809, 837, 854, 916, 990] (29)
[59, 69, 104, 175, 282, 286, 307, 334, 402, 426, 449, 499, 530, 548, 566, 588, 784, 830, 838, 919, 929, 982] (22)
[5, 14, 42, 57, 66, 124, 177, 184, 187, 251, 267, 386, 512, 558, 595, 637, 685, 700, 730, 731, 767, 821, 848, 855, 869, 907, 924, 955, 959] (29)
[9, 18, 55, 70, 113, 159, 168, 206, 230, 414, 418, 429, 451, 497, 513, 543, 571, 589, 631, 727, 752, 772, 807, 817, 823, 858, 870, 934, 939, 958, 992] (31)
[21, 48, 115, 121, 154, 155, 248, 275, 296, 371, 425, 507, 509, 514, 540, 619, 624, 643, 748, 795, 835, 906, 942] (23)
[12, 54, 101, 132, 150, 166, 260, 290, 368, 409, 515, 528, 648, 663, 702, 737, 781, 849, 883, 922] (20)
[28, 37, 96, 99, 158, 160, 252, 292, 370, 379, 443, 470, 576, 582, 608, 633, 678, 723, 950, 989, 995] (21)
[39, 44, 58, 117, 127, 171, 219, 297, 299, 312, 315, 329, 353, 428, 488, 557, 578, 617, 671, 689, 699, 714, 805, 824, 826, 871, 895, 927] (28)
[85, 120, 140, 183, 346, 376, 473, 529, 583, 591, 638, 680, 715, 813, 864, 877, 940, 956, 975, 997] (20)
[103, 157, 238, 253, 255, 272, 280, 284, 293, 295, 337, 377, 478, 493, 531, 536, 554, 614, 641, 764, 912, 977, 998] (23)
[19, 88, 161, 254, 361, 374, 403, 439, 459, 503, 521, 526, 584, 600, 609, 626, 635, 642, 695, 707, 775, 818, 827, 886, 909, 946] (26)
[16, 23, 141, 221, 231, 269, 405, 413, 518, 545, 551, 599, 625, 644, 653, 692, 756, 774, 779, 793, 796, 810, 828, 866, 880, 884, 949, 991] (28)
[22, 36, 89, 92, 97, 156, 173, 210, 244, 270, 313, 351, 360, 392, 399, 400, 492, 522, 597, 628, 647, 656, 668, 721, 735, 742, 789, 851, 865, 931] (30)
[56, 87, 105, 144, 153, 176, 201, 202, 229, 237, 266, 308, 324, 345, 468, 476, 481, 594, 603, 627, 636, 650, 674, 683, 739, 787, 790, 808, 829, 847, 910, 917, 986, 988, 999] (35)
[3, 24, 61, 108, 214, 277, 285, 291, 378, 408, 410, 484, 495, 534, 547, 555, 706, 711, 728, 744, 766, 839, 860, 965] (24)
[8, 30, 60, 78, 82, 100, 223, 224, 227, 336, 349, 356, 407, 419, 456, 477, 501, 546, 655, 666, 708, 724, 751, 754, 776, 788, 882, 888] (28)
[4, 15, 27, 112, 114, 204, 262, 320, 335, 486, 498, 629, 634, 640, 703, 704, 720, 768, 846, 879, 889] (21)
[7, 34, 111, 148, 211, 228, 327, 348, 420, 430, 442, 445, 454, 556, 559, 568, 743, 745, 759, 773, 861, 875, 930, 971] (24)
[143, 190, 239, 287, 319, 404, 427, 440, 441, 447, 463, 496, 677, 682, 732, 760, 786, 802, 832, 932] (20)
[51, 72, 80, 84, 106, 110, 174, 178, 180, 189, 191, 215, 216, 288, 328, 394, 406, 434, 436, 453, 572, 586, 701, 833, 881, 903] (26)
[79, 98, 232, 234, 273, 316, 339, 347, 359, 372, 457, 458, 472, 485, 542, 560, 618, 675, 709, 736, 806, 834, 863, 904, 933, 984] (26)
[10, 86, 116, 192, 194, 203, 233, 340, 382, 383, 401, 567, 616, 620, 632, 741, 769, 770, 794, 845, 896, 902, 908, 918, 962] (25)
[26, 50, 182, 250, 263, 274, 322, 398, 517, 649, 746, 777, 782, 822, 892, 897, 900, 943, 948, 957] (20)
[17, 41, 109, 139, 149, 162, 164, 241, 249, 259, 261, 390, 646, 672, 713, 758, 778, 872, 878, 894, 899, 913] (22)
[172, 188, 276, 318, 331, 570, 577, 602, 660, 688, 698, 747, 791, 853, 868, 911, 920, 941, 953, 960] (20)
[2, 29, 46, 52, 91, 306, 333, 450, 482, 487, 489, 491, 562, 573, 684, 694, 815, 831, 844, 850, 876, 961, 967, 973, 996] (25)
