[0, 315, 820, 960, 1843, 1919, 2098, 3269, 4287, 4446, 4462, 5364, 5547, 6091, 6455, 6482, 6924, 7488, 7790, 8109, 8133, 8181] (22)
[1, 241, 458, 598, 1065, 1155, 1572, 1619, 1952, 2728, 2767, 4256, 5212, 5840, 5942, 6701, 6986, 7008, 7281, 7999, 8391, 8475, 8860, 9117] (24)
[2, 334, 681, 1424, 1545, 2060, 2204, 2842, 3223, 3598, 4815, 4954, 5227, 5810, 6635, 6769, 7262, 7394, 9556, 9808] (20)
[5, 446, 608, 1327, 1845, 1851, 1951, 2480, 3636, 3772, 4148, 6190, 6244, 7132, 7240, 7793, 7979, 8020, 8237, 8369, 8703, 8791, 8842, 8919, 8922, 9394] (26)
[64, 146, 643, 824, 1567, 1810, 2106, 2815, 4515, 4753, 5030, 5378, 5499, 5607, 5732, 5800, 5906, 6339, 6613, 6799, 6837, 7082, 7279, 7583, 8219, 8227, 8713, 8801, 8834, 9091, 9122] (31)
[67, 553, 1130, 2682, 2896, 3279, 3303, 4107, 4141, 4180, 4589, 5064, 5076, 5832, 6222, 6751, 7366, 7390, 8011, 9569, 9687] (21)
[31, 129, 255, 583, 800, 1044, 1916, 1917, 3446, 3737, 5718, 5721, 5811, 5915, 6067, 6217, 6903, 7211, 8092, 8691, 9765] (21)
[88, 130, 473, 545, 852, 1127, 1754, 2789, 3590, 3847, 4316, 4846, 4847, 5223, 5533, 6246, 7823, 8199, 9361, 9456] (20)
[70, 137, 302, 920, 1297, 2746, 3214, 3250, 3374, 3397, 3482, 3650, 3797, 3988, 4241, 4495, 4651, 4666, 5290, 5296, 6266, 6286, 7236, 7500, 7569, 7612, 7842, 8495, 8697, 8909, 9031, 9312, 9372, 9766] (34)
[138, 939, 1082, 1525, 1686, 1884, 1897, 2020, 2725, 3935, 3946, 3955, 4329, 4892, 5232, 5469, 6798, 7180, 7867, 8595, 9693] (21)
[139, 233, 872, 1125, 2155, 2344, 2666, 2912, 3838, 4219, 4273, 5408, 5726, 5729, 5881, 6242, 6623, 6992, 7013, 7463, 7525, 7614, 8216, 8804, 9228, 9330, 9444, 9971] (28)
[195, 329, 437, 485, 518, 775, 1890, 2216, 4132, 4678, 4691, 4919, 5572, 5968, 6202, 6241, 6447, 7452, 8149, 8518, 8589, 9151, 9299] (23)
[7, 196, 363, 488, 2280, 2424, 2681, 2731, 3086, 3555, 6126, 6856, 6943, 7075, 7834, 8872, 9070, 9487, 9608, 9878] (20)
[256, 526, 657, 847, 2703, 2836, 3848, 4149, 4257, 4667, 4749, 5321, 5640, 5650, 5767, 6317, 6571, 6697, 7461, 7714, 7871, 7957, 8332, 8461, 8777, 8833, 8849, 9034, 9221, 9650] (30)
[257, 425, 572, 1512, 1655, 1821, 2478, 2482, 4351, 5878, 5919, 6128, 6760, 6793, 6804, 6902, 7272, 7924, 9087, 9114, 9229, 9513, 9850] (23)
[32, 46, 150, 261, 582, 673, 1227, 1528, 1780, 1839, 2547, 2554, 2592, 2699, 2737, 3080, 3473, 3626, 3631, 3883, 4289, 4448, 5261, 6166, 6388, 6645, 6794, 7161, 7163, 7310, 7349, 7739, 7741, 8405, 8874, 8950, 8997, 9127, 9140, 9287, 9737, 9911] (42)
[9, 316, 318, 749, 858, 1590, 1592, 2277, 2487, 2535, 2793, 2865, 2993, 3012, 4091, 4321, 4414, 5475, 5708, 7094, 7123, 7486, 8118, 8373, 8851, 8963, 9438] (27)
[320, 345, 1583, 1708, 3138, 3681, 3742, 3974, 5304, 5341, 5699, 6219, 6901, 7055, 7704, 7779, 8702, 9002, 9032, 9371, 9410, 9492] (22)
[321, 679, 806, 2564, 2572, 3125, 3248, 3850, 4041, 4290, 4444, 5283, 5546, 5806, 5838, 5845, 5967, 6195, 6350, 6778, 6981, 8002, 8224, 8682, 9011, 9159, 9768] (27)
[251, 384, 547, 612, 770, 821, 1216, 1263, 1291, 2191, 2561, 2729, 3219, 3316, 3986, 4240, 4730, 5075, 5108, 5208, 5370, 5773, 5827, 5829, 6281, 6334, 6721, 7146, 7433, 7682, 7910, 9502] (32)
[76, 386, 1945, 1981, 3404, 3684, 4976, 5343, 5611, 5630, 5995, 6090, 6583, 7215, 7506, 8375, 8498, 8666, 9443, 9520] (20)
[199, 448, 490, 1534, 2245, 2249, 2861, 3161, 3716, 3774, 4196, 4633, 5174, 5200, 5236, 5420, 5563, 5752, 5812, 6636, 6715, 6946, 7230, 7469, 8262, 8279, 8646, 8965, 9132, 9224] (30)
[449, 1480, 2082, 2524, 2620, 3422, 3911, 4447, 5502, 5863, 6513, 6860, 7528, 8114, 8115, 8278, 8891, 8940, 9189, 9542] (20)
[132, 512, 890, 1075, 1283, 1718, 1934, 2354, 2368, 3348, 3448, 3852, 4484, 4916, 5434, 6116, 6338, 6408, 7827, 8308, 9470, 9604, 9724] (23)
[112, 296, 513, 912, 1168, 1445, 2523, 3512, 3556, 4187, 4540, 4740, 4910, 5026, 5344, 5482, 5601, 5979, 6519, 7220, 7367, 8689, 9373, 9875] (24)
[387, 514, 877, 1662, 1868, 2791, 3055, 3082, 3424, 3450, 3480, 5213, 6168, 6622, 6880, 7976, 8070, 8555, 8699, 9771] (20)
[34, 515, 615, 1051, 1601, 2647, 2820, 2822, 3190, 3206, 3327, 3408, 3508, 3934, 3971, 4450, 4702, 4944, 5347, 5682, 5849, 5998, 6033, 6405, 6698, 6763, 6945, 7427, 7546, 7557, 8344, 9096, 9203, 9636, 9705] (35)
[312, 463, 493, 577, 688, 1755, 2365, 2891, 3167, 3369, 3565, 3670, 3793, 4526, 4551, 4927, 5041, 5052, 5178, 5179, 5807, 6500, 6718, 8898, 9279, 9476, 9529, 9762, 9907] (29)
[61, 685, 768, 1345, 1549, 2103, 2949, 3287, 4504, 4756, 4883, 5386, 5817, 6139, 6308, 7959, 8154, 8230, 8500, 8768, 9089, 9369, 9617, 9857] (24)
[87, 706, 827, 833, 1068, 1444, 1562, 1955, 2613, 2619, 2886, 3052, 3166, 4570, 5176, 5243, 5491, 6915, 7200, 7223, 7241, 7547, 7719, 8878, 9033, 9281] (26)
[832, 836, 1211, 1223, 1479, 1500, 2142, 2661, 2875, 3312, 3782, 5260, 5325, 5600, 5606, 5700, 6129, 6614, 6708, 7365, 7434, 7435, 7898, 8243, 8273, 8892, 9092, 9587, 9922] (29)
[122, 163, 896, 1437, 1632, 2062, 2275, 2337, 2659, 2672, 4072, 4086, 4585, 4860, 5369, 5882, 5989, 6115, 6680, 7422, 7944, 8068, 8088, 8757, 8931, 9351, 9844] (27)
[897, 2679, 2759, 3734, 3790, 4024, 4124, 4755, 4775, 5001, 5385, 5956, 6159, 6693, 7431, 8604, 8746, 9109, 9357, 9525] (20)
[294, 471, 898, 1244, 1501, 2024, 2472, 2544, 3171, 3199, 4265, 5192, 5948, 6620, 6883, 6984, 7216, 7598, 8289, 9154, 9643] (21)
[573, 805, 954, 1070, 1135, 1614, 1723, 1724, 1925, 1941, 2345, 3385, 3633, 6608, 6749, 7591, 8378, 8613, 9021, 9269] (20)
[4, 128, 206, 373, 465, 604, 935, 1024, 1460, 1745, 1932, 2303, 2484, 2645, 4074, 4183, 4250, 5023, 5097, 5319, 5798, 6232, 6254, 6494, 6615, 7657, 7844, 8366, 8565, 8943, 9158, 9616, 9653, 9877, 9998] (35)
[710, 991, 1089, 1700, 1748, 2089, 2423, 2641, 3232, 3371, 3500, 3683, 4406, 4443, 4931, 5725, 5887, 5925, 6045, 6453, 7347, 7918, 8056, 9046, 9193, 9881] (26)
[557, 694, 727, 938, 1090, 2668, 3819, 3890, 3976, 4272, 5294, 5591, 5780, 6597, 6875, 7117, 7497, 8298, 9233, 9760, 9778, 9936] (22)
[148, 1152, 1451, 2435, 2930, 3435, 3485, 3567, 3624, 3991, 5265, 5859, 7219, 7836, 8509, 8724, 8782, 9333, 9593, 9734, 9833] (21)
[147, 645, 1153, 1681, 1924, 2301, 2310, 2832, 2853, 2867, 3289, 3585, 3690, 4401, 4905, 5245, 5457, 5818, 7416, 8287, 8314, 8534] (22)
[99, 107, 728, 1043, 1112, 1154, 1246, 2119, 2143, 2665, 3162, 3553, 3570, 3849, 3886, 3953, 4034, 4095, 4541, 4558, 4763, 4790, 4837, 4852, 4886, 4925, 5050, 5173, 5239, 5281, 5580, 5596, 5937, 6003, 6061, 6110, 6138, 6169, 6404, 6643, 6964, 7093, 7126, 7539, 7551, 7644, 7725, 8062, 8125, 8372, 9057, 9440, 9828] (53)
[25, 286, 406, 414, 661, 1157, 1432, 2733, 2956, 3087, 3754, 4007, 4658, 6282, 6716, 7191, 7429, 7705, 8477, 8786, 9767] (21)
[68, 200, 201, 365, 367, 423, 424, 929, 978, 1074, 1076, 1158, 1194, 1316, 1336, 1977, 2427, 2777, 3007, 3251, 3290, 3399, 3661, 3704, 3802, 3807, 3913, 3919, 4156, 4534, 4688, 4689, 4810, 4947, 5340, 5342, 5348, 6117, 6191, 6239, 6378, 6389, 6639, 6944, 7285, 7337, 7516, 7765, 8270, 8362, 8409, 8601, 9030, 9047, 9075, 9459] (56)
[133, 351, 655, 714, 1169, 1208, 1217, 1794, 2485, 2660, 2707, 2750, 3589, 3963, 4017, 4464, 5560, 5716, 6487, 6575, 6703, 6855, 7985, 8303, 8648, 8884, 9007, 9814] (28)
[564, 1218, 1461, 1491, 1927, 3750, 4821, 5038, 5082, 5415, 5417, 5866, 5924, 5938, 6356, 6589, 7302, 7324, 7464, 7684, 8003, 8245, 8491, 8537, 9185] (25)
[1018, 1111, 1280, 1657, 1784, 2115, 2190, 3117, 3862, 3880, 4745, 5047, 5135, 5279, 6050, 6461, 6699, 6927, 7021, 7238, 7470, 7945, 8304, 9325, 9366, 9379, 9482, 9849] (28)
[472, 664, 1282, 1398, 1645, 2416, 2680, 2701, 2782, 3428, 5099, 5438, 5522, 6376, 6896, 7028, 7869, 7927, 8334, 9526, 9838] (21)
[125, 716, 752, 1289, 1494, 1942, 3165, 3291, 3835, 4140, 4263, 5402, 5421, 5657, 5745, 6930, 7024, 7660, 7728, 8871, 9517] (21)
[748, 1107, 1344, 1462, 1609, 2533, 3000, 3304, 3562, 5102, 5586, 5620, 6758, 7341, 7508, 7558, 8760, 8766, 9565, 9598] (20)
[268, 730, 1322, 1348, 1358, 1611, 2123, 2281, 2387, 3028, 3036, 3677, 3749, 4182, 4421, 4709, 5202, 5629, 5701, 6343, 7122, 7518, 8297, 8798, 8856, 9010, 9429] (27)
[609, 825, 1409, 1677, 1732, 1861, 2025, 2091, 2486, 2615, 3901, 3982, 4064, 4331, 4600, 5133, 5460, 5523, 5588, 5814, 5867, 5987, 6824, 6858, 6869, 7140, 7276, 7825, 8293, 8348, 8445, 9264, 9332] (33)
[997, 1414, 1935, 2000, 2174, 2675, 2954, 3024, 3064, 3239, 3700, 4991, 7068, 7642, 7770, 7817, 8028, 8683, 8741, 9207] (20)
[371, 535, 1467, 1472, 1881, 2213, 2970, 3503, 3646, 3948, 4015, 4113, 4251, 4770, 5049, 6676, 6712, 7022, 7187, 7762, 8742, 8748, 9374, 9409, 9841] (25)
[215, 605, 961, 1150, 1473, 2774, 3016, 3069, 3563, 3673, 3916, 4431, 4665, 5276, 5431, 5963, 6510, 7128, 9211, 9311] (20)
[227, 245, 517, 1000, 1257, 1476, 2911, 3365, 4344, 4502, 4603, 5224, 5735, 6630, 7471, 7689, 7777, 8031, 8050, 9654, 9870] (21)
[352, 627, 686, 1264, 1477, 1658, 2643, 2714, 3354, 3391, 3406, 4129, 4635, 4783, 5014, 5594, 7080, 7604, 7889, 8367, 8609, 8649, 9017] (23)
[1536, 1929, 2013, 3410, 3738, 3930, 3939, 4225, 4642, 5219, 5358, 6150, 6255, 6364, 6374, 6609, 8069, 8840, 9596, 9974] (20)
[258, 348, 431, 486, 568, 786, 1028, 1259, 1537, 1613, 2061, 2521, 2986, 3256, 3605, 3815, 4580, 4640, 4872, 5024, 5062, 5144, 5674, 6497, 6690, 7356, 8013, 8900, 8973, 9190, 9435, 9468, 9613, 9710, 9867] (35)
[188, 288, 325, 1335, 1539, 2296, 2332, 2722, 3155, 3741, 3868, 4694, 4797, 5583, 6496, 6941, 7121, 8016, 8210, 8981, 9501] (21)
[151, 653, 754, 1214, 1413, 1540, 1903, 2181, 3965, 4066, 4384, 4559, 4857, 5100, 5188, 5363, 6226, 6428, 7928, 9405, 9832] (21)
[8, 629, 1123, 1219, 1664, 1807, 1910, 1912, 2032, 2108, 2509, 2894, 3097, 3340, 3511, 3950, 4278, 4686, 4805, 4890, 5088, 5169, 5187, 5327, 5568, 5589, 5980, 6028, 6099, 6868, 6881, 7026, 7109, 7283, 7327, 7955, 8034, 8506, 8647, 8797, 9160, 9270, 9314, 9674, 9924, 9977] (46)
[74, 1166, 1665, 1674, 2689, 3929, 4490, 4842, 5079, 5819, 6970, 7286, 7496, 7925, 8124, 8433, 8574, 8808, 9102, 9346, 9398] (21)
[38, 459, 689, 722, 771, 1014, 1017, 1019, 1666, 1672, 1702, 1736, 1772, 1923, 2226, 2573, 3189, 3469, 3655, 3707, 3765, 3885, 4553, 4612, 4788, 4924, 4984, 5046, 5066, 5123, 5317, 5764, 5833, 5846, 6018, 6055, 6267, 6326, 6841, 6857, 7149, 7597, 7658, 7935, 8079, 8865, 9079, 9204, 9441, 9906, 9928, 9969] (52)
[313, 429, 1085, 1669, 1697, 2475, 2616, 2650, 3384, 3496, 3984, 4062, 4524, 4967, 5693, 5815, 6054, 6197, 6218, 7466, 7621, 8744, 9049, 9126, 9889] (25)
[641, 971, 1728, 1769, 2635, 2963, 3307, 3625, 5145, 5351, 5581, 5702, 6231, 6460, 6872, 7563, 8680, 8949, 9080, 9153, 9273] (21)
[1096, 1296, 1730, 2017, 2276, 3464, 3791, 4020, 4575, 5230, 5442, 5455, 5704, 6489, 6709, 7352, 7750, 7948, 8306, 8728] (20)
[1623, 1734, 3109, 3178, 3241, 3445, 3744, 4915, 4939, 5717, 6833, 6862, 6899, 6951, 7015, 7462, 7969, 7980, 8137, 8357, 8431, 9995] (22)
[278, 630, 687, 963, 1006, 1792, 1965, 2139, 2161, 2207, 2712, 3267, 3335, 4393, 4671, 4741, 4850, 5416, 5836, 5897, 6086, 6151, 6253, 6330, 6397, 6689, 7304, 7549, 7666, 8716, 8976, 9455, 9990] (33)
[174, 428, 1427, 1656, 1793, 2388, 2683, 2907, 2924, 3318, 3671, 4370, 4676, 5060, 5551, 5667, 5935, 6180, 6361, 6480, 6724, 8238, 8756, 9420, 9481] (25)
[167, 1058, 1314, 1558, 1856, 1888, 1948, 2007, 2501, 2740, 2779, 3526, 4334, 4907, 5788, 5959, 6179, 6492, 6757, 7212, 7584, 7743, 8862, 9284, 9530, 9787] (26)
[422, 532, 818, 927, 1468, 1822, 1866, 1909, 1956, 3095, 3103, 5036, 5087, 5234, 5259, 5843, 7544, 7626, 8693, 9037] (20)
[119, 341, 746, 1072, 1399, 1579, 1781, 1922, 3163, 3418, 3972, 5154, 5334, 5372, 5490, 5751, 5791, 6113, 6532, 6621, 7319, 7389, 7392, 7421, 7818, 8166, 8942, 9380] (28)
[451, 594, 966, 1288, 1303, 1873, 1984, 2197, 2205, 2890, 3106, 4412, 4853, 5496, 6092, 7007, 7507, 7699, 7736, 7752, 8377, 8442, 8694] (23)
[444, 1057, 1067, 1134, 1985, 2671, 3217, 3578, 3832, 5428, 5994, 6015, 6437, 6555, 6765, 7565, 7788, 7941, 8082, 8651, 9591] (21)
[445, 763, 1266, 1986, 2210, 3213, 4336, 4887, 5426, 5548, 5779, 5896, 5910, 6199, 6567, 6940, 7058, 7176, 7485, 7708, 8354, 8455, 8836, 8982, 8988, 9723] (26)
[778, 982, 1760, 1987, 2295, 2575, 2743, 5576, 6524, 6965, 7225, 7254, 7350, 8029, 8519, 8547, 8921, 9052, 9419, 9675] (20)
[660, 743, 1624, 1824, 2048, 2640, 3169, 3280, 3330, 3543, 4081, 4557, 5753, 5877, 6695, 7653, 8155, 8193, 8299, 8679, 9025, 9044, 9578] (23)
[1015, 2051, 2331, 2686, 2804, 3432, 3811, 4106, 4259, 4487, 4744, 5113, 5362, 5495, 5516, 6064, 6186, 6882, 7268, 7345, 8067, 8566] (22)
[284, 1004, 1309, 1343, 1368, 1756, 2037, 2043, 2057, 2266, 3068, 3116, 3899, 4716, 5671, 5869, 5974, 6301, 6394, 6813, 7018, 7662, 7820, 8100, 8439, 8790, 8817, 9365, 9966] (29)
[217, 709, 738, 745, 981, 1027, 1116, 1131, 1815, 1973, 2112, 3035, 3651, 4192, 4200, 4996, 7142, 7700, 7863, 7881, 8606, 8807, 8829, 9704] (24)
[205, 715, 1174, 1630, 1757, 2176, 2411, 2784, 3817, 4068, 4760, 4958, 5195, 5885, 6545, 6861, 7077, 7119, 7401, 7512, 7663, 9471, 9748] (23)
[684, 889, 1260, 1334, 1714, 1776, 2179, 2460, 3961, 4070, 4076, 4726, 6644, 6802, 7023, 7322, 8184, 8371, 8559, 9892, 9958] (21)
[575, 719, 1272, 2105, 2199, 2240, 2749, 2794, 3560, 3775, 3895, 3898, 4069, 4429, 6972, 6989, 7029, 7619, 7759, 7767, 8126, 9590, 9647, 9695, 9821] (25)
[77, 703, 958, 1639, 2241, 2263, 2630, 4680, 5331, 5590, 5958, 6293, 6362, 6511, 6638, 6705, 7229, 7492, 8006, 8508, 8633, 8895, 9297] (23)
[44, 546, 1042, 1318, 2063, 2243, 2318, 2453, 2586, 2763, 3405, 3599, 3619, 3785, 4891, 5255, 5816, 6568, 6743, 8330, 8711, 9360] (22)
[40, 222, 586, 813, 1103, 1188, 1827, 2244, 2769, 2973, 4045, 4116, 4135, 4191, 5278, 7987, 8140, 8337, 8481, 8883, 9392] (21)
[27, 349, 539, 916, 2034, 2304, 2543, 2862, 4568, 4803, 5217, 5375, 5609, 5733, 6632, 6764, 7393, 8061, 9576, 9758] (20)
[183, 1080, 1087, 1854, 2022, 2173, 2251, 2305, 2315, 3187, 3283, 3569, 3639, 4348, 4415, 4581, 5734, 7403, 7607, 8650, 9783, 9790] (22)
[111, 235, 395, 408, 527, 1040, 1046, 1139, 1796, 1898, 2287, 2306, 2555, 2994, 3185, 3324, 3499, 3537, 3546, 3697, 3889, 3966, 4028, 5138, 6093, 6142, 6543, 6655, 6932, 7573, 7701, 8643, 8723] (33)
[310, 356, 402, 807, 838, 1206, 1325, 1651, 1806, 1968, 1997, 2009, 2023, 2065, 2169, 2254, 2307, 2455, 2721, 2848, 2989, 3020, 3058, 3151, 3266, 3362, 3377, 3484, 3504, 3676, 3685, 3710, 3870, 3964, 3979, 4054, 4292, 4361, 4825, 5233, 5754, 5781, 6333, 6424, 6425, 6592, 6634, 6767, 6781, 6823, 6864, 7065, 7124, 7763, 8089, 8143, 8440, 9194, 9243, 9388, 9696, 9898, 9904] (63)
[861, 1002, 1493, 1626, 1823, 2308, 2601, 2655, 4708, 5139, 5389, 5465, 6161, 6887, 7335, 7402, 7577, 7764, 8830, 9967] (20)
[336, 566, 1647, 2374, 2943, 3477, 3699, 3891, 4960, 5834, 6200, 6235, 6427, 6477, 7096, 7346, 7475, 8035, 8266, 9064, 9202, 9690, 9708] (23)
[777, 1101, 1234, 1489, 1648, 1900, 2399, 2432, 2457, 2667, 2715, 3440, 4968, 4972, 5028, 5264, 6002, 6495, 8655, 9987] (20)
[165, 1251, 1271, 1771, 1863, 2168, 2417, 2433, 2553, 2933, 3368, 3568, 4199, 4711, 6005, 6340, 6627, 7196, 7376, 7667, 7799, 7832, 7964, 8324, 8673, 8858, 8977, 9175, 9574] (29)
[1453, 1499, 1550, 1682, 1825, 2436, 2664, 3878, 4368, 4491, 4652, 5161, 5354, 6194, 7051, 8347, 8396, 8661, 8912, 9108, 9550] (21)
[51, 662, 987, 1196, 1463, 1612, 1684, 2188, 2369, 2443, 2448, 2610, 4027, 4244, 4556, 4663, 4832, 5435, 5740, 5857, 6310, 6559, 6579, 7228, 7315, 7855, 8384, 8698, 8857, 9100, 9389, 9882] (32)
[1299, 2220, 2446, 2452, 2495, 3506, 3615, 3733, 4630, 4695, 4884, 5020, 5687, 5688, 6436, 6671, 6686, 6847, 8217, 8737, 9105, 9249, 9918] (23)
[646, 1575, 2496, 2562, 2581, 2812, 3902, 4323, 4625, 4918, 5531, 5689, 6654, 6667, 7698, 7906, 8147, 9125, 9137, 9621, 9980] (21)
[52, 185, 795, 1170, 1693, 1733, 2463, 2497, 2845, 3640, 3783, 5209, 5872, 6324, 6423, 6466, 6582, 6626, 7066, 8292, 8339, 8726, 8979, 9393, 9514, 9794] (26)
[179, 207, 1079, 1081, 1840, 1992, 2498, 2510, 2736, 3144, 3321, 5602, 5684, 5865, 6264, 6448, 6714, 7329, 7405, 8113, 8415, 9016] (22)
[110, 118, 120, 1265, 1631, 2015, 2503, 3274, 3732, 3942, 4181, 4233, 4654, 4776, 4889, 5086, 5709, 6014, 6173, 6479, 6795, 6797, 7138, 7629, 7760, 7914, 8162, 9289, 9453, 9937] (30)
[238, 434, 622, 658, 731, 739, 1788, 2164, 2264, 2300, 2560, 2778, 2823, 3265, 3277, 3284, 3366, 3545, 3566, 3612, 3647, 3977, 4478, 4563, 4827, 4994, 5071, 5143, 5384, 5509, 6118, 6433, 6509, 6845, 7105, 7385, 7609, 7888, 7900, 8129, 8169, 8638, 8678, 8752, 8890, 8984, 9485, 9649, 9752, 9976] (50)
[149, 283, 342, 1960, 2419, 2624, 3897, 4114, 4122, 4262, 4512, 5295, 5391, 5550, 5796, 5913, 6032, 6043, 6677, 6782, 6806, 7106, 7284, 7716, 8017, 8178, 8527, 8636, 9119, 9244, 9589] (31)
[50, 214, 358, 441, 803, 804, 869, 1961, 2625, 2860, 2871, 3382, 3527, 3571, 3644, 4774, 5022, 5301, 6363, 6406, 6818, 7076, 8099, 8351, 8507, 8622, 8866, 9533, 9637] (29)
[39, 2212, 2380, 2628, 2899, 3015, 3729, 4312, 5150, 6071, 6249, 6295, 6315, 6562, 6707, 7054, 7305, 7384, 7651, 7850, 8110, 8763, 8793, 9764] (24)
[131, 396, 520, 1312, 1436, 1443, 2099, 2445, 2688, 3470, 4224, 4243, 5280, 5300, 5395, 5396, 5464, 6193, 6829, 7751, 8368, 8714] (22)
[491, 1086, 1133, 1141, 1279, 1538, 1907, 2286, 2493, 2690, 2969, 3311, 3437, 4469, 4616, 6526, 7039, 7172, 8098, 8437, 9187] (21)
[191, 569, 2239, 2336, 2611, 2654, 2694, 2998, 3119, 3157, 3497, 3522, 3645, 3728, 3896, 4507, 4835, 5034, 5399, 5742, 5983, 6296, 6556, 6692, 6834, 6935, 7745, 7873, 8364, 8600, 8727, 9104, 9916] (33)
[498, 1407, 1508, 2149, 2293, 2367, 2753, 3602, 3903, 4161, 4166, 4356, 5851, 6345, 6369, 6863, 7253, 8042, 8772, 9417] (20)
[1688, 1731, 1978, 2153, 2235, 2754, 3066, 3447, 3780, 4194, 4284, 4596, 4724, 5237, 5565, 5985, 6852, 7729, 9829, 9919] (20)
[326, 447, 1097, 2532, 2673, 2756, 2757, 3530, 4050, 4305, 4998, 5199, 5567, 5593, 6395, 6929, 7611, 8004, 9053, 9162] (20)
[639, 1738, 2182, 2218, 2816, 3483, 4523, 4620, 5181, 5269, 5651, 7060, 7179, 7232, 7681, 7949, 8014, 8902, 8994, 9266] (20)
[454, 751, 878, 1055, 1187, 1284, 2724, 2805, 2817, 3124, 3652, 4060, 4482, 5541, 6949, 7057, 7181, 7567, 7857, 8620, 9385] (21)
[6, 49, 298, 346, 430, 947, 1052, 1331, 1690, 2598, 2599, 2607, 2880, 3031, 3211, 3376, 3514, 5157, 5652, 6230, 6311, 6658, 8517, 8754, 8961, 9254, 9773] (27)
[713, 828, 1709, 2145, 2605, 2621, 2945, 3254, 4692, 4962, 5598, 5931, 6956, 7362, 7772, 8239, 8288, 8505, 9001, 9305, 9684] (21)
[354, 868, 882, 1093, 1385, 1509, 2656, 2905, 2946, 3326, 3760, 4229, 4343, 5005, 6031, 6566, 6631, 6780, 7152, 7409, 8032, 8078, 8665, 9177, 9486] (25)
[232, 649, 1323, 1349, 1544, 1585, 1594, 1654, 1998, 2116, 2258, 2468, 2844, 3009, 3045, 3616, 5538, 5654, 5664, 6022, 6458, 7205, 7541, 7638, 9106] (25)
[166, 1069, 1811, 2131, 2357, 2464, 2762, 2781, 3010, 3244, 3863, 4785, 5653, 5656, 5936, 6087, 6591, 6601, 6729, 9059, 9457, 9546] (22)
[959, 1315, 1351, 1504, 2166, 2321, 2338, 2887, 2934, 3011, 3603, 3688, 4420, 4424, 4435, 4861, 6558, 6682, 8263, 8361, 9257, 9660, 9810, 9885] (24)
[374, 455, 480, 507, 1149, 1387, 1474, 1970, 2049, 2102, 2175, 2366, 2669, 2951, 3072, 3114, 3465, 4112, 5116, 5616, 5946, 6565, 6670, 6873, 7325, 7568, 7916, 8165, 8827, 8957, 9329, 9349] (32)
[438, 500, 635, 666, 1045, 2727, 2831, 2936, 3037, 3041, 3073, 3253, 3444, 3606, 4102, 4320, 4623, 5423, 5918, 6306, 6517, 7934, 7938, 8323, 8596, 9103, 9227, 9316, 9322, 9824, 9902] (31)
[519, 581, 718, 1548, 2122, 3074, 3386, 4280, 4795, 4980, 5226, 5486, 7034, 7250, 7274, 7645, 7732, 8386, 8767, 8784, 8844, 8920, 9915, 9927, 9930] (25)
[691, 720, 1332, 1574, 1637, 2389, 2395, 3136, 3660, 3763, 3809, 4036, 4108, 4824, 4911, 5467, 6066, 6257, 7052, 7659, 9000, 9265] (22)
[505, 698, 970, 1342, 1982, 1994, 2341, 2811, 3137, 3146, 3315, 3539, 4780, 5153, 5168, 5612, 6077, 6109, 6619, 8136, 8251, 8644, 8710, 8899, 8913, 9027, 9545] (27)
[84, 478, 1249, 1353, 2528, 2920, 3200, 3231, 3637, 3662, 4153, 4346, 4672, 4938, 5124, 5449, 5808, 5912, 6133, 6551, 7472, 7875, 8187, 8446, 9293] (25)
[216, 494, 620, 941, 1193, 1515, 1797, 1846, 1914, 1926, 2437, 2552, 2923, 2967, 3132, 3201, 3486, 4092, 4168, 4718, 6024, 6370, 6380, 7050, 7399, 7473, 8587, 9130, 9633] (29)
[89, 113, 242, 253, 344, 671, 888, 1007, 1417, 1967, 2265, 2320, 2780, 3164, 3204, 3380, 3721, 4466, 4698, 5747, 6527, 6574, 6641, 6652, 6810, 6831, 6894, 6958, 7151, 7273, 7655, 7908, 8686, 9178, 9180, 9184, 9609, 9702, 9895] (39)
[243, 440, 782, 850, 1037, 1064, 1596, 1983, 2350, 3212, 4473, 4627, 4899, 5914, 7290, 7474, 7998, 8794, 8978, 8986, 9407] (21)
[436, 784, 928, 3270, 3831, 4133, 4176, 4605, 4659, 5029, 6484, 6611, 6892, 6987, 7480, 7599, 7624, 7630, 8164, 9304, 9505, 9652] (22)
[475, 1256, 1628, 2019, 2141, 2505, 2633, 3328, 4304, 4697, 4975, 5508, 5835, 6127, 8141, 8326, 9098, 9454, 9716, 9954] (20)
[66, 295, 1021, 1121, 1395, 2695, 3393, 3519, 3627, 3810, 4134, 4207, 4264, 4913, 5574, 5615, 5723, 6368, 6859, 6953, 7550, 7943, 9288, 9641] (24)
[83, 189, 845, 880, 906, 977, 1099, 1307, 1481, 1606, 3040, 3286, 3395, 3429, 3467, 5044, 5115, 5451, 5472, 5665, 5848, 6148, 6534, 7676, 7851, 7866, 8349, 8393, 8968, 9197, 9668] (31)
[576, 1685, 1716, 1876, 2857, 2910, 3129, 3139, 3456, 3548, 4520, 6393, 6488, 6604, 6991, 7344, 7608, 7862, 8022, 8529, 9923] (21)
[274, 404, 665, 1201, 1694, 2720, 2835, 3457, 3478, 3528, 3779, 4031, 5813, 6037, 6299, 6432, 6593, 7408, 7755, 8780, 9038, 9677] (22)
[905, 975, 1034, 1615, 1622, 1878, 2045, 2298, 2540, 2717, 3461, 3561, 3958, 4209, 4516, 5080, 5220, 5324, 7919, 9342] (20)
[625, 881, 1338, 1643, 2117, 3070, 3305, 3521, 3846, 4333, 4942, 5000, 6355, 7033, 7639, 8346, 8406, 8556, 8718, 9355] (20)
[81, 452, 1758, 2273, 2514, 3451, 3507, 3524, 4203, 4442, 4792, 5151, 5649, 5795, 5965, 6079, 6314, 6444, 7071, 7102, 7231, 7511, 7878, 8309, 8528, 8825, 9703] (27)
[456, 1598, 2206, 2353, 3081, 3415, 3525, 3542, 3822, 4159, 4567, 4786, 5081, 5205, 7282, 8317, 8821, 8914, 9321, 9672] (20)
[314, 943, 1438, 1959, 2180, 2294, 2574, 2889, 3329, 3495, 3584, 3928, 4359, 4380, 4618, 5112, 5166, 5540, 6525, 7045, 7166, 7593, 8135, 8246, 8708, 8729, 8736, 8929, 9575, 9628, 9805] (31)
[359, 1129, 1423, 1514, 1555, 1691, 2041, 2322, 3053, 3387, 3587, 3696, 4347, 4539, 4607, 5275, 5430, 6357, 7032, 7571, 8338, 8382, 8487, 8743, 8764, 8841, 9831] (27)
[723, 1010, 1652, 2515, 2786, 3317, 3649, 3695, 4453, 4677, 5103, 5132, 5613, 5809, 6170, 6262, 7002, 7136, 7882, 8403] (20)
[702, 940, 957, 1222, 1275, 1290, 1440, 2092, 2272, 2465, 2796, 2797, 2799, 3062, 3259, 3441, 3712, 4146, 4364, 4386, 4828, 4843, 4995, 5004, 5248, 5312, 5419, 6518, 6908, 7476, 7829, 7872, 8001, 8051, 8080, 8159, 8915, 8927, 8958, 9662, 9682, 9735, 9938] (43)
[307, 1041, 1301, 3149, 3713, 3753, 4871, 5061, 5642, 5930, 6165, 6442, 6451, 7069, 7342, 7543, 7986, 7992, 8071, 8130, 8190, 8407, 9225, 9245, 9999] (25)
[339, 457, 484, 1974, 2110, 2299, 2398, 3002, 3769, 3776, 3856, 3970, 4778, 4807, 4894, 6205, 6457, 6739, 6891, 8123, 8286, 8294, 9028, 9905] (24)
[247, 579, 1879, 2028, 2195, 2504, 3021, 3360, 3401, 3679, 3705, 3840, 3909, 3975, 4022, 4279, 4315, 4531, 4804, 5067, 5559, 6540, 6750, 7632, 7775, 8516, 9026, 9066] (28)
[13, 585, 695, 993, 1084, 1151, 1535, 1719, 1921, 2084, 2101, 2282, 2426, 2429, 2563, 2888, 3084, 3275, 3431, 3841, 4436, 4576, 5070, 5306, 5311, 5558, 5569, 5626, 5899, 6224, 6529, 6828, 7091, 7291, 7690, 7983, 8459, 8501, 8533, 8626, 8635, 8700, 8787, 9009, 9391, 9700, 9779, 9992] (48)
[361, 911, 1773, 2696, 3488, 3842, 4119, 4274, 4467, 4767, 4881, 5400, 5900, 5926, 6662, 6673, 6776, 7596, 8692, 8732, 9666] (21)
[516, 780, 817, 1163, 1683, 2451, 3047, 3313, 3579, 3843, 4261, 4403, 4720, 6157, 6792, 7049, 8188, 8755, 8926, 9489, 9579, 9961] (22)
[33, 176, 593, 674, 802, 1047, 1060, 1566, 2719, 3613, 3620, 3643, 3664, 3904, 4087, 4650, 4908, 5802, 6811, 6975, 7277, 7451, 8664, 8894, 9753] (25)
[108, 834, 1802, 1814, 1831, 1950, 1969, 2262, 2863, 3905, 4817, 4900, 5951, 6046, 6049, 6063, 7115, 7221, 7321, 7843, 8030, 8343, 8617, 9368, 9886] (25)
[116, 378, 496, 750, 936, 1293, 1308, 1310, 1392, 3855, 3906, 4255, 4983, 5643, 5748, 6470, 6684, 6790, 6854, 7797, 8106, 8688, 9290] (23)
[114, 141, 481, 1381, 1394, 1531, 2010, 2566, 3479, 3550, 3875, 3888, 3968, 6234, 6431, 6909, 7778, 8132, 8315, 9077, 9664, 9727] (22)
[158, 736, 937, 944, 1989, 2512, 3268, 3927, 3969, 4641, 4959, 5789, 6209, 7089, 7194, 7468, 7487, 7669, 7813, 8119, 9390, 9595, 9855, 9894] (24)
[632, 1267, 1341, 2770, 2913, 3154, 3314, 3460, 3844, 4033, 4634, 4831, 4863, 5114, 5443, 5624, 8392, 9045, 9186, 9540] (20)
[92, 100, 492, 508, 634, 761, 1177, 1928, 2764, 3048, 3516, 4096, 4184, 4193, 4684, 4961, 5095, 5374, 5422, 5518, 5971, 6885, 7012, 7537, 8956, 9006, 9234, 9350] (28)
[506, 948, 1231, 1277, 1433, 1517, 1975, 2833, 3195, 3454, 3463, 4097, 4812, 4858, 6131, 6263, 7670, 8176, 8598, 8843, 9367] (21)
[591, 656, 1115, 2044, 2165, 2897, 3426, 4100, 4440, 4459, 4578, 5118, 5404, 7311, 7574, 7721, 7899, 8198, 8327, 9139, 9306, 9326, 9812] (23)
[121, 127, 360, 682, 1238, 1495, 1634, 2531, 3288, 3706, 3805, 4101, 4772, 4987, 5975, 6288, 6303, 6398, 6650, 7395, 7495, 7805, 8174, 8469, 8681, 8887, 8930, 9692] (28)
[53, 62, 495, 732, 734, 994, 1025, 1269, 1720, 2133, 2309, 2828, 2893, 3674, 4160, 4328, 5053, 5488, 5890, 5943, 6089, 6258, 6318, 6851, 7378, 7482, 7617, 8249, 8628, 8806, 9852] (31)
[401, 1009, 2217, 3096, 3505, 3614, 3618, 3623, 4162, 4275, 4552, 4901, 5268, 5308, 5462, 5778, 6438, 6796, 7063, 7354, 7678, 8248, 8466, 9167, 9627, 9645, 9689, 9869] (28)
[1237, 1384, 1689, 3102, 3148, 3379, 4165, 4208, 5786, 6034, 6097, 6963, 7252, 7386, 7410, 7933, 8933, 9354, 9364, 9642, 9715, 9854] (22)
[1563, 1801, 1830, 2026, 2120, 2156, 2705, 3263, 3723, 3726, 4226, 4389, 4402, 4597, 4844, 4848, 6523, 7014, 8040, 8229, 8717, 8987, 9149, 9232, 9251, 9497] (26)
[650, 651, 663, 796, 1118, 2189, 2403, 2603, 3363, 3812, 4227, 4510, 4656, 5512, 5549, 5770, 6027, 6788, 7073, 7192, 9111] (21)
[72, 652, 1104, 1608, 2192, 2352, 2558, 3150, 3510, 3580, 3881, 3985, 4228, 5241, 5666, 6687, 7373, 8173, 8458, 8634, 8684, 8937, 9008, 9469] (24)
[102, 510, 726, 2386, 3061, 3088, 3131, 3453, 3577, 3687, 4083, 4230, 4655, 4923, 5128, 5183, 5487, 5803, 6012, 6256, 6649, 6807, 7926, 8530, 8632, 8662, 8818, 8877, 8954, 9083, 9408, 9742] (32)
[460, 914, 1369, 1496, 2809, 2906, 2932, 4340, 4352, 4451, 5641, 6101, 6409, 6786, 7383, 7387, 7529, 8221, 9048, 9475, 9726] (21)
[1221, 1359, 1629, 1905, 2031, 2118, 2461, 3175, 4353, 6895, 6982, 7035, 7807, 7884, 8653, 8674, 9191, 9564, 9580, 9680] (20)
[265, 1569, 2291, 2325, 3042, 3458, 3861, 4317, 4354, 4978, 5413, 6073, 6162, 6188, 7445, 8182, 8197, 9560, 9848, 9863, 9912, 9996] (22)
[230, 956, 1053, 1428, 2147, 2184, 2798, 2821, 3816, 3951, 4145, 4355, 4455, 4470, 4722, 4969, 5147, 5225, 5473, 5638, 6260, 6504, 6522, 6761, 6884, 6907, 8240, 8256, 8426, 8637, 8861, 9182, 9597] (33)
[1108, 1124, 1795, 2765, 2800, 3013, 3381, 3547, 3657, 4195, 4299, 4416, 5063, 5191, 5326, 5337, 5463, 6514, 6719, 6877, 6994, 7523, 7679, 8355, 9050, 9944] (26)
[1258, 1791, 3703, 3709, 3925, 4314, 4405, 4418, 4560, 4586, 4773, 4823, 5361, 5605, 6475, 6774, 6939, 7243, 7560, 7712, 9014] (21)
[418, 432, 648, 1105, 1371, 1947, 2077, 2556, 2700, 3224, 4019, 4151, 4480, 4497, 5015, 5409, 6974, 7312, 7625, 7828, 8493, 8512, 8852, 8938, 9128, 9862] (26)
[106, 223, 331, 353, 1286, 3818, 4481, 4819, 4965, 5494, 5904, 6223, 6390, 7125, 7293, 7370, 7509, 7671, 8025, 8959, 9214, 9328, 9947] (23)
[249, 391, 443, 1347, 1816, 2356, 2439, 2730, 2814, 2988, 3177, 3755, 4004, 4043, 4118, 4231, 4235, 4544, 6955, 6980, 7048, 7316, 7382, 7455, 8183, 8826, 9068, 9099, 9240] (29)
[35, 965, 2588, 3003, 3210, 3245, 3823, 4411, 4545, 5517, 5520, 6178, 6920, 6921, 7300, 7432, 7861, 8223, 8242, 8740, 8944, 9972, 9988] (23)
[224, 607, 933, 2283, 2329, 3186, 3336, 4546, 4870, 4879, 5270, 5683, 6385, 6618, 6889, 8586, 8939, 8969, 9681, 9697] (20)
[747, 900, 1106, 1143, 1176, 1425, 1729, 2052, 2081, 2402, 3085, 3334, 3353, 4005, 4055, 4079, 4529, 4608, 4617, 4859, 4948, 5235, 5365, 5714, 5727, 5757, 5879, 6252, 7804, 7922, 7960, 8044, 8551, 9300, 9427, 9819, 9920] (37)
[194, 548, 558, 769, 829, 849, 1083, 1088, 1268, 1292, 1333, 1678, 1809, 1812, 1880, 1893, 2030, 2706, 2718, 2734, 2742, 2819, 2892, 3046, 3194, 3293, 3493, 3564, 3746, 3932, 4067, 4170, 4288, 4375, 4609, 4613, 4742, 4875, 4888, 4921, 5012, 5346, 5397, 5398, 5439, 5440, 5679, 5823, 5907, 5921, 5933, 6010, 6016, 6025, 6505, 6612, 6741, 6842, 7053, 7234, 7425, 7776, 7803, 7897, 7990, 8024, 8096, 8097, 8101, 8108, 8561, 8603, 8792, 8934, 8936, 8996, 9477, 9490] (78)
[392, 904, 955, 1030, 1302, 1564, 1600, 1659, 1963, 3941, 4059, 4131, 4221, 4367, 4610, 4876, 5519, 5691, 5765, 6207, 6229, 6450, 7301, 7314, 7648, 7722, 7794, 7973, 8325, 9013, 9283, 9400, 9506] (33)
[73, 155, 182, 287, 561, 606, 1402, 1705, 1894, 2766, 2873, 2960, 3100, 3140, 3574, 4147, 4242, 4268, 4270, 4621, 4903, 4937, 5287, 5394, 5528, 6998, 7379, 8077, 9268, 9276, 9756, 9903] (32)
[213, 696, 1439, 1692, 2392, 2631, 2869, 3725, 3865, 4383, 4682, 4736, 6011, 6446, 6653, 6732, 7042, 7444, 7756, 8408, 8875, 8888, 8998, 9970] (24)
[340, 603, 893, 1224, 1240, 1498, 1618, 1867, 2152, 2632, 3142, 3205, 3920, 3956, 4737, 6637, 7148, 7761, 8607, 9248, 9691] (21)
[306, 417, 522, 1159, 1179, 1389, 2124, 2361, 2783, 3005, 3101, 3352, 4000, 4271, 4739, 4904, 5670, 6156, 6578, 7519, 7566, 7613, 7720, 8203, 9146, 9528] (26)
[461, 863, 864, 996, 1202, 1411, 1621, 1721, 1862, 2121, 2132, 2877, 2909, 3152, 3249, 3515, 3642, 3952, 4008, 4801, 4943, 5247, 7085, 7269, 8280, 8672, 9039, 9449, 9538] (29)
[161, 616, 901, 1360, 1416, 1858, 1953, 1980, 3859, 4143, 4371, 4522, 4864, 4866, 5137, 5257, 5424, 5545, 6044, 6216, 7859, 7865, 7929, 7952, 8148, 8452, 9113, 9340, 9594] (29)
[43, 859, 2046, 2073, 2677, 2704, 2904, 3001, 3183, 3309, 3583, 3800, 4186, 4475, 4865, 5608, 5614, 5672, 5992, 5993, 6104, 6106, 6391, 6865, 7257, 7407, 8065, 8153, 8402, 8429, 8582, 8701, 8795, 9082, 9755, 9825] (36)
[186, 221, 366, 693, 1102, 1441, 4172, 4584, 4868, 5852, 6270, 6452, 6486, 7203, 7271, 7738, 7876, 7901, 8048, 8269, 8492, 9558] (22)
[476, 1589, 2658, 3388, 4306, 4874, 5338, 5856, 6112, 6176, 6321, 6931, 6993, 7217, 8882, 9138, 9431, 9568, 9776, 9813, 9835] (21)
[60, 843, 1213, 1636, 2047, 2114, 2227, 2642, 2771, 2808, 3238, 4391, 4599, 4930, 4973, 5437, 5805, 6595, 6775, 7561, 7892, 8171, 8612, 8789, 9143, 9562] (26)
[37, 337, 589, 798, 855, 919, 1182, 1573, 1832, 2507, 2584, 3351, 3628, 4388, 4601, 4768, 4936, 4950, 5158, 5711, 8252, 8438, 8592, 8667, 8881, 9749, 9901] (27)
[54, 301, 831, 942, 1200, 1855, 2351, 4569, 4662, 4914, 4940, 4964, 5042, 5201, 5969, 6759, 7218, 7411, 8677, 8695] (20)
[892, 1762, 2542, 2744, 3197, 3282, 3558, 4212, 4794, 4926, 4988, 5339, 5584, 6968, 7795, 8311, 8738, 9150, 9331, 9830] (20)
[95, 324, 368, 848, 1889, 1920, 2415, 2929, 3094, 3607, 3973, 4222, 4992, 5289, 6554, 6805, 7020, 7414, 7443, 7675, 8816, 9842] (22)
[275, 1599, 1602, 3392, 3594, 3666, 4246, 4594, 4841, 4945, 5056, 5189, 5750, 6590, 6731, 6819, 7141, 7650, 7791, 7887, 7902, 8404, 8532, 9315, 9555] (25)
[624, 1146, 1236, 2470, 2755, 3113, 3857, 4434, 4506, 4532, 4679, 4882, 4895, 5057, 5676, 7603, 7824, 8241, 8770, 9237, 9496, 9738] (22)
[744, 1635, 3089, 3308, 4173, 4710, 4747, 5058, 5349, 5445, 5868, 6531, 6563, 6744, 7351, 7838, 8170, 8425, 8658, 9271, 9845] (21)
[790, 907, 1450, 3398, 4237, 4681, 4690, 4738, 4928, 5120, 5297, 5756, 6269, 6585, 6661, 8186, 8573, 9259, 9335, 9861] (20)
[36, 1250, 1570, 2128, 3184, 3226, 3319, 4252, 4277, 4731, 5121, 5698, 6491, 6747, 6952, 7830, 7954, 8152, 8932, 9711] (20)
[969, 990, 1191, 1704, 2012, 2104, 2670, 4307, 4564, 4706, 5122, 7090, 7213, 7636, 7811, 7905, 9261, 9450, 9535, 9605, 9667] (21)
[79, 173, 1066, 1248, 2285, 2372, 2837, 3252, 3858, 3997, 4117, 5184, 5573, 6598, 7697, 8629, 8873, 8974, 9005, 9775, 9933] (21)
[450, 676, 2003, 3033, 3759, 4267, 4369, 5186, 5680, 6108, 6206, 6213, 6966, 7740, 8156, 8901, 8905, 8908, 9639, 9953] (20)
[263, 267, 1212, 1317, 1911, 2127, 2491, 2565, 3468, 3475, 3611, 4752, 5165, 5249, 5644, 6211, 6967, 7190, 7197, 8072, 8503, 8839, 9093, 9611] (24)
[542, 1478, 1640, 2151, 2154, 2292, 2551, 2596, 3173, 3588, 3836, 4632, 5250, 6365, 6569, 6642, 6910, 8116, 9512, 9744] (20)
[765, 1181, 1778, 1834, 1908, 3221, 3281, 3914, 4214, 4766, 5197, 5251, 5360, 5561, 5804, 5861, 6906, 7783, 8941, 9635] (20)
[602, 1687, 1787, 2069, 2404, 2454, 2576, 2775, 3322, 3373, 3390, 3751, 3936, 4215, 4479, 4951, 5008, 5313, 7309, 7521, 7734, 8464, 9573, 9731, 9784] (25)
[15, 47, 58, 97, 157, 260, 523, 549, 791, 1673, 1727, 2488, 2511, 2810, 3018, 3884, 4245, 4283, 4381, 5315, 5436, 8411, 8880, 9170, 9339] (25)
[208, 884, 1031, 1915, 2039, 2107, 2381, 2568, 2776, 3240, 3756, 4025, 4281, 4400, 4834, 5299, 5316, 5939, 6070, 6706, 7336, 8005, 8412, 8593, 8619, 9043, 9084, 9815, 9840] (29)
[143, 1026, 1210, 1330, 2055, 2500, 4125, 4423, 5292, 5376, 5506, 5526, 6336, 6412, 6960, 7687, 7810, 8247, 8553, 8706, 8846, 8906, 9531, 9772] (24)
[170, 193, 225, 400, 842, 1220, 1226, 1603, 1966, 2516, 2578, 2651, 2976, 2997, 3694, 3813, 5177, 5207, 5377, 5484, 5647, 6410, 7074, 7103, 7224, 7295, 7847, 8084, 8652, 8876, 9161, 9452, 9887] (33)
[570, 985, 1178, 2083, 2382, 3498, 4137, 4631, 5441, 5966, 6561, 7031, 7456, 7735, 8387, 9133, 9166, 9241, 9242, 9515, 9629, 9634] (22)
[285, 552, 810, 1203, 1243, 2376, 2593, 3724, 3787, 4001, 4501, 4758, 5111, 5429, 5504, 5976, 6158, 6319, 6419, 6672, 6821, 6926, 7110, 7446, 8228, 8336, 9646] (27)
[93, 483, 503, 511, 866, 895, 1261, 1706, 2018, 2626, 3771, 3945, 4357, 4452, 4952, 5505, 5513, 5678, 6114, 6485, 7415, 7458, 7502, 8813, 9078, 9238, 9581] (27)
[3, 177, 280, 439, 1376, 2058, 2864, 3179, 3582, 3617, 4319, 5262, 5507, 5893, 6570, 6702, 6890, 7330, 7503, 7942, 9381] (21)
[976, 2278, 2937, 3057, 3804, 3827, 3962, 4217, 4303, 4410, 4439, 4598, 4746, 5632, 6617, 6738, 6911, 7036, 8043, 8047, 8291, 8663, 8803, 8838] (24)
[597, 633, 707, 1232, 1383, 1386, 1490, 2071, 2238, 2494, 2921, 4049, 5068, 5332, 5456, 5633, 5777, 6240, 6247, 6329, 6669, 7056, 7099, 7104, 7120, 7133, 7396, 7417, 7917, 8139, 8259, 8300, 8668, 8769, 8823, 9060, 9430, 9921] (38)
[101, 218, 509, 1379, 1750, 2247, 2250, 2252, 2379, 2995, 3065, 3153, 3294, 3427, 3767, 4577, 4661, 4670, 4977, 5090, 5634, 5837, 5844, 6132, 6372, 6916, 7289, 7438, 7601, 7673, 7748, 7780, 8570, 8847, 8928, 9171, 9412, 9503, 9547, 9658] (40)
[123, 180, 198, 469, 474, 701, 854, 934, 980, 1352, 1355, 1370, 1580, 1853, 1962, 2279, 2373, 2545, 2752, 2931, 2966, 2991, 3597, 3600, 3601, 4012, 4077, 4430, 4793, 4971, 5330, 5450, 5544, 5592, 5599, 5639, 5741, 6313, 6387, 6850, 6936, 7011, 7016, 7116, 7359, 7380, 7439, 7594, 7610, 7634, 7911, 8568, 8904, 9020, 9145, 9509, 9688, 9899] (58)
[220, 1891, 2136, 2253, 2384, 2520, 2529, 2570, 3551, 3591, 4167, 4536, 5134, 5696, 5830, 6029, 6238, 6606, 7017, 7685, 8127, 9822] (22)
[372, 383, 1405, 1775, 1886, 2405, 3147, 3544, 4038, 4044, 5229, 5697, 5839, 7656, 7968, 8019, 8571, 9040, 9155, 9968] (20)
[57, 617, 931, 1357, 2080, 2459, 2646, 3120, 3135, 3433, 3554, 4197, 4335, 4533, 5155, 5703, 5864, 5991, 6123, 6307, 6426, 6616, 8494, 9396] (24)
[735, 986, 1800, 2178, 2377, 2685, 2847, 2939, 3192, 3635, 3691, 3719, 4604, 4955, 5141, 5479, 5628, 5760, 6107, 6125, 6268, 6683, 6691, 7019, 7398, 7654, 7703, 9183, 9260, 9601] (30)
[272, 596, 1482, 1874, 1875, 2187, 2393, 2926, 3430, 3439, 3828, 3943, 4037, 4311, 4322, 4687, 4840, 5582, 5648, 5724, 5759, 5761, 6080, 6251, 6349, 6533, 6640, 7837, 8236, 8295, 8419, 8480, 8696, 8820, 8903, 8925, 8955, 8962, 9446, 9648] (40)
[466, 590, 1207, 1591, 1790, 1954, 3227, 3745, 3851, 4519, 4543, 4660, 5762, 5801, 5944, 7000, 7984, 8476, 8709, 9157, 9500, 9507] (22)
[291, 1095, 1605, 2237, 3141, 4003, 4127, 4503, 4757, 4762, 5214, 5288, 5706, 5766, 6013, 6074, 6103, 6204, 6808, 7006, 7038, 7533, 7730, 7962, 7970, 8468, 8489, 9062, 9495, 9553, 9843, 9934] (32)
[413, 758, 1071, 1571, 1582, 1695, 1895, 2618, 2975, 3412, 3434, 3534, 4509, 4615, 5604, 5824, 6177, 6215, 6867, 7606, 7726, 8359, 8989] (23)
[124, 809, 946, 2397, 2644, 3581, 3762, 4639, 4713, 4877, 5240, 5246, 5888, 6753, 7265, 7280, 8204, 8212, 9188, 9209, 9384, 9494, 9504] (23)
[1023, 1136, 1374, 1552, 2096, 2985, 3110, 3229, 3436, 4013, 4254, 4796, 4798, 5216, 5335, 5903, 6047, 6167, 7037, 8185, 8482, 9134] (22)
[152, 347, 409, 759, 964, 1137, 1418, 1976, 2038, 2134, 2334, 2499, 2522, 2525, 2708, 2772, 2902, 3019, 3361, 3378, 3400, 3834, 3887, 4032, 4061, 4204, 4390, 4426, 4582, 4814, 4896, 4985, 4993, 5185, 5242, 5622, 5783, 5909, 6346, 6462, 6973, 7004, 7079, 7371, 7631, 7771, 7840, 7852, 7977, 8027, 8087, 8257, 8381, 8410, 8471, 8472, 8951, 9129, 9303, 9523, 9527, 9644, 9657, 9941, 9946] (65)
[184, 1421, 1551, 1958, 2935, 3853, 5039, 5949, 5952, 6547, 7086, 7092, 7318, 7895, 7958, 8220, 8545, 9414, 9532, 9630] (20)
[304, 1703, 2606, 2638, 2917, 2987, 3370, 5305, 5661, 5955, 6196, 6414, 6755, 6835, 7587, 7713, 8485, 8660, 9041, 9415, 9572, 9818, 9935] (23)
[69, 202, 210, 394, 846, 1471, 2327, 2548, 2557, 3174, 3869, 5196, 5444, 6019, 6248, 7883, 8039, 8815, 9423, 9796] (20)
[42, 134, 1138, 1660, 2230, 2408, 2477, 2604, 2916, 2961, 2990, 3092, 4253, 4387, 4715, 4723, 4855, 5307, 5731, 5794, 6021, 6557, 6897, 7184, 8120, 8145, 8869, 9399] (28)
[86, 181, 1054, 1199, 1321, 2579, 3023, 3128, 4144, 4379, 4562, 4583, 4917, 5425, 6081, 6502, 7027, 7637, 7853, 7975, 8319, 8675, 8985, 9707] (24)
[311, 578, 1503, 1971, 1996, 2074, 2095, 2170, 3257, 3766, 4029, 4157, 4175, 4912, 5552, 5637, 5929, 6082, 6449, 6483, 6679, 6734, 7098, 7620, 7988, 8992, 9141] (27)
[187, 375, 708, 1896, 1979, 2234, 2492, 3260, 3301, 4463, 4572, 4624, 5841, 6084, 7248, 7635, 8222, 8523, 9262, 9736] (20)
[136, 1241, 1483, 1560, 2726, 2735, 2825, 3860, 3980, 4185, 4220, 4286, 5901, 6144, 6290, 6469, 6727, 7340, 7890, 7971, 8360, 9795, 9986] (23)
[323, 772, 1036, 1162, 1820, 1864, 3075, 4527, 5941, 6052, 6145, 6181, 6607, 7159, 7198, 7226, 7815, 7965, 8081, 9746] (20)
[117, 300, 781, 1035, 1252, 1431, 1698, 1918, 3735, 4247, 4332, 5350, 5663, 6147, 6284, 6300, 6624, 7800, 8033, 8447, 8947, 9612, 9719, 9973] (24)
[536, 1850, 2224, 2471, 2999, 3030, 3126, 3230, 5009, 5309, 6152, 7186, 7244, 7483, 8209, 8232, 9231, 9239, 9307, 9522, 9625, 9865, 9897] (23)
[317, 541, 762, 1396, 2517, 2637, 2760, 3472, 3665, 3698, 4457, 4498, 4592, 4782, 5203, 5452, 6122, 6208, 6278, 6983, 7332, 8253, 8616, 9173, 9421, 9718] (26)
[1164, 1430, 1805, 2001, 2513, 3006, 3083, 3999, 4530, 4538, 4675, 4693, 6154, 6198, 6210, 6542, 7450, 7579, 7773, 8095, 8213, 8225, 8331, 8521, 9313] (25)
[979, 1061, 1077, 1190, 1650, 1767, 1999, 2434, 2527, 2587, 2824, 3017, 3331, 3333, 3595, 3778, 3893, 4338, 4769, 5019, 5051, 5059, 6272, 6327, 6359, 6516, 6772, 7154, 7369, 7912, 8060, 8189, 8454, 8759, 8916, 9220, 9246, 9386, 9618, 9975] (40)
[355, 381, 543, 1668, 2087, 2490, 2955, 3342, 3837, 3872, 3959, 4499, 4619, 4705, 5106, 5493, 5749, 6273, 7201, 7915] (20)
[71, 273, 930, 988, 1078, 1305, 1446, 1485, 1607, 1836, 2335, 2785, 3108, 3492, 3622, 3892, 4701, 4878, 5537, 5575, 6274, 7061, 7595, 7951, 8345, 8599, 8630, 9375, 9759] (29)
[24, 109, 525, 551, 742, 1003, 1484, 1892, 2159, 3050, 3296, 3320, 3931, 3987, 4210, 4649, 4849, 4898, 5016, 5096, 5587, 5785, 6058, 6271, 6280, 6596, 6610, 6934, 7127, 7267, 7363, 7420, 7893, 7974, 8049, 9213, 9341, 9382, 9442, 9458, 9847, 9932, 9981] (43)
[17, 271, 299, 420, 668, 799, 974, 1049, 2064, 2162, 2200, 2222, 2962, 3717, 3866, 3954, 4035, 4285, 4683, 5156, 5390, 5585, 5769, 6399, 6400, 6839, 6844, 7030, 8074, 8739, 9086, 9277, 9460, 9853] (34)
[12, 203, 1186, 1429, 1434, 1530, 2029, 2284, 2583, 2702, 3077, 3079, 3134, 3247, 3425, 3938, 4514, 4933, 5282, 6062, 6402, 6430, 6717, 7144, 7423, 8428, 8733, 8867, 8948, 9094, 9836, 9951] (32)
[212, 983, 1120, 1363, 1397, 1625, 4205, 6035, 6407, 6429, 6544, 6548, 6762, 6995, 7165, 7564, 8549, 8730, 8924, 9425, 9483, 9868] (22)
[164, 419, 774, 2288, 2469, 3924, 5673, 5695, 6100, 6463, 6817, 6822, 7206, 7264, 8104, 8107, 8486, 8497, 8868, 8918, 9377, 9909] (22)
[75, 94, 168, 1013, 1173, 1324, 1949, 2442, 2489, 3364, 3586, 4011, 4517, 5453, 5677, 5775, 6464, 6694, 7622, 8342, 9362, 9422] (22)
[29, 1172, 1419, 2021, 3025, 3529, 4349, 5990, 6187, 6331, 6416, 6465, 6507, 6948, 7062, 7227, 7706, 8168, 8301, 8479, 8550, 8564, 8621, 8886, 8967, 9206, 9222, 9359] (28)
[19, 599, 1171, 2830, 3090, 3118, 3803, 4078, 4953, 5238, 5821, 6184, 6347, 6467, 6625, 6756, 6928, 7260, 8111, 8778, 9508, 9592, 9807, 9816] (24)
[305, 487, 870, 1001, 1464, 1711, 2270, 3156, 4071, 4595, 4935, 5474, 5710, 6468, 6740, 7111, 7129, 7477, 7481, 7510, 7515, 7600, 8800, 8910, 9309, 9397, 9797] (27)
[962, 1235, 1597, 2006, 2140, 3160, 3764, 3918, 5182, 5352, 5746, 6130, 6212, 6328, 6528, 6722, 7517, 9263, 9557, 9559, 9788, 9864, 9900] (23)
[115, 1239, 1319, 1435, 1649, 1746, 2221, 4646, 5101, 5902, 5917, 6594, 6879, 7377, 7586, 8021, 8177, 8390, 8474, 8531, 8558, 8893, 9826] (23)
[103, 219, 1059, 1768, 1826, 2027, 2438, 2546, 3029, 4053, 4986, 6038, 6098, 6141, 6656, 6812, 7182, 7249, 7640, 8395, 8563, 9212, 9859] (23)
[973, 1100, 1119, 1142, 1817, 3689, 3907, 4189, 4327, 5148, 6006, 6657, 6870, 7247, 7418, 7931, 8313, 8430, 8548, 9267] (20)
[290, 992, 1113, 1233, 2079, 2550, 3784, 4139, 4330, 4839, 4932, 5091, 5597, 6660, 7130, 7530, 7966, 8041, 8112, 8470, 9042, 9950] (22)
[873, 1209, 1829, 1936, 2078, 2559, 2678, 2738, 3462, 3621, 3731, 4350, 4784, 5511, 5556, 5577, 6026, 6720, 7548, 8750, 9739] (21)
[529, 1228, 1295, 1300, 1671, 1761, 1877, 2201, 2440, 2617, 3215, 3233, 3743, 4104, 4128, 4398, 5033, 5140, 6353, 6576, 6725, 7005, 7355, 7375, 7731, 7758, 8731, 8749, 9521] (29)
[717, 949, 1098, 1458, 1849, 1870, 2768, 3487, 3634, 5175, 5193, 5206, 5228, 5298, 5690, 5692, 6728, 7664, 7991, 7994, 8329, 8420, 8935, 9823] (24)
[1255, 1410, 1726, 1782, 2036, 2163, 2198, 2242, 2684, 3196, 3243, 3264, 3306, 3421, 3722, 4169, 4528, 4590, 4733, 6515, 6784, 6942, 7070, 7153, 7199, 7798, 7950, 8335, 8436, 8467, 8535, 8812, 9713, 9757] (34)
[63, 614, 862, 885, 1205, 1382, 1506, 2094, 2214, 2260, 2418, 2421, 2508, 2925, 3416, 3693, 3786, 3912, 4048, 4164, 4399, 4438, 5078, 5085, 5204, 5215, 5333, 5427, 5873, 5962, 5988, 6000, 6337, 6454, 6456, 6629, 6809, 6959, 7097, 7101, 7134, 7266, 7766, 7801, 8007, 8054, 8144, 8776, 8819, 8917, 9148, 9152, 9336] (53)
[1378, 2449, 2612, 2748, 2928, 3686, 3933, 4216, 4449, 5530, 5555, 5853, 5911, 6068, 6633, 6748, 6848, 7214, 7737, 7858, 8121, 8158, 8258, 8421, 8773, 9164] (26)
[477, 565, 611, 741, 1242, 1487, 1513, 1872, 2662, 2739, 2827, 3112, 3310, 3798, 5271, 5618, 5715, 6490, 6912, 7447, 7527, 8310, 8443, 8538, 9510] (25)
[497, 1777, 1848, 2130, 2160, 2223, 2401, 2674, 3168, 3659, 4249, 4465, 4989, 5996, 6783, 6900, 6913, 7372, 7774, 8539, 9298, 9979] (22)
[489, 521, 1245, 1294, 1377, 1401, 2209, 2803, 2879, 3049, 3067, 3417, 3474, 4385, 4765, 4909, 5401, 5447, 5850, 5905, 6237, 6914, 9308] (23)
[226, 303, 398, 442, 601, 856, 984, 1016, 1122, 1469, 1576, 1578, 1646, 1696, 1722, 1747, 2228, 2257, 2856, 3261, 3302, 3502, 3630, 3777, 4136, 4296, 4419, 4433, 4922, 5366, 5694, 5920, 5945, 6039, 6375, 6379, 6550, 6584, 6925, 6933, 7095, 7449, 7459, 7504, 7570, 7605, 7993, 8018, 8244, 8398, 8435, 8478, 9035, 9073, 9112, 9124, 9272, 9817, 9939] (59)
[292, 426, 867, 1145, 1595, 1616, 2885, 2964, 4266, 4395, 4408, 4673, 5054, 5127, 5194, 5483, 5957, 6309, 6603, 6704, 6961, 6971, 7727, 8560, 8639, 9252, 9799] (27)
[379, 654, 675, 1270, 1857, 1931, 2040, 2290, 2333, 2383, 2898, 2992, 3402, 3491, 3727, 4735, 4999, 5142, 5570, 5623, 5847, 5894, 6352, 6976] (24)
[619, 1521, 2196, 2950, 2971, 3796, 4298, 4813, 5627, 5895, 5960, 6443, 6710, 6800, 7040, 7287, 7436, 9081, 9101, 9115, 9285] (21)
[159, 160, 240, 544, 2710, 2838, 2915, 3341, 3596, 3821, 4629, 4856, 5536, 5659, 6250, 6383, 6537, 6553, 7041, 7590, 7683, 7789, 8093, 8167, 9135, 9348, 9709, 9725] (28)
[416, 989, 1033, 1253, 3608, 3702, 3808, 3989, 4075, 4110, 4761, 5104, 5870, 6275, 6473, 6508, 7043, 7388, 7524, 7787, 8207, 8670, 8975, 9741, 9789, 9943] (26)
[767, 783, 917, 1466, 1712, 1819, 1933, 2011, 3193, 3481, 4811, 5387, 6189, 6332, 6871, 7044, 7208, 7368, 8983, 9740, 9798] (21)
[468, 918, 1132, 1304, 1400, 1901, 2302, 2474, 2841, 3143, 3182, 3825, 4376, 4573, 5595, 5621, 7108, 9320, 9370, 9582] (20)
[528, 678, 1913, 1943, 2172, 2316, 2450, 2589, 3104, 3188, 3225, 3830, 4645, 4873, 5017, 5136, 6298, 7067, 7072, 7078, 7162, 7545, 8150, 9786] (24)
[248, 1412, 1741, 1798, 2413, 3668, 3915, 3940, 4042, 4941, 4981, 5631, 6008, 7168, 7753, 8572, 9215, 9614, 9673, 9804] (20)
[23, 670, 1764, 1783, 1883, 2158, 2425, 2657, 2790, 2795, 2900, 3063, 3680, 3701, 4234, 4432, 4445, 4611, 4707, 4906, 5373, 5755, 5982, 6017, 6289, 6503, 6539, 6737, 7112, 7131, 7169, 7623, 7652, 7672, 8015, 8045, 8179, 8399, 9195, 9827, 9940] (41)
[540, 967, 1073, 1140, 1991, 2267, 2883, 3159, 3236, 3876, 4606, 4816, 5252, 5353, 5712, 6386, 6917, 7170, 7526, 9295, 9964] (21)
[211, 1546, 1803, 2339, 2462, 2481, 2602, 2859, 5007, 5736, 6078, 6155, 6228, 6285, 6439, 6681, 6685, 6816, 7171, 7831, 8267, 8427, 8581, 8725, 9401, 9402] (26)
[350, 470, 1091, 1717, 2157, 2225, 2236, 2342, 2422, 2636, 2649, 2802, 2854, 2882, 2919, 2938, 3255, 3278, 3536, 3656, 3761, 3922, 4179, 4202, 4313, 4456, 4966, 5167, 5231, 5320, 5367, 5368, 5886, 6341, 6344, 6840, 6978, 7175, 7413, 7493, 7757, 7868, 8012, 8284, 8305, 8374, 8618, 8810, 9142, 9324, 9418, 9552, 9584, 9949] (54)
[154, 397, 826, 1144, 1276, 1356, 1415, 2663, 2818, 2834, 3027, 3358, 3375, 3466, 4123, 4126, 4142, 4732, 4990, 5669, 6149, 6243, 6789, 7155, 7188, 7297, 7406, 7618, 7723, 7826, 8457, 8809, 8845, 9015, 9169, 9463, 9743, 9777] (38)
[923, 1032, 1388, 1749, 2952, 3191, 3356, 3820, 3978, 4291, 4397, 4636, 5098, 6175, 7298, 7457, 7812, 7923, 8057, 9058, 9076, 9733] (22)
[234, 837, 998, 1183, 1420, 2054, 2072, 2186, 2269, 2311, 3107, 3207, 3518, 3801, 4103, 4239, 4743, 4748, 4854, 5117, 5787, 5973, 6160, 6381, 6552, 6572, 7158, 7299, 7323, 7400, 7437, 7641, 7694, 7822, 7904, 7989, 8463, 8552, 8719, 8966, 9192, 9493, 9891] (43)
[721, 1038, 1470, 2059, 2256, 2396, 2922, 3443, 4468, 5720, 6120, 6201, 6325, 6866, 7307, 7331, 8441, 8562, 8785, 8824] (20)
[332, 453, 1020, 1505, 1930, 2177, 3788, 4174, 4427, 5273, 5468, 7360, 7785, 7920, 8255, 8822, 8828, 9327, 9685, 9714] (20)
[623, 819, 908, 1475, 2255, 2623, 3054, 3216, 4063, 4206, 4602, 4791, 5190, 5603, 6075, 6999, 7361, 7538, 7877, 8058, 8397, 8423, 9274, 9732, 9956] (25)
[874, 1148, 2538, 3576, 3748, 3833, 4089, 4326, 4725, 4869, 4934, 5542, 5758, 5978, 7237, 7424, 7677, 7921, 8142, 8172] (20)
[338, 697, 835, 841, 1039, 1372, 1507, 1620, 1774, 2050, 2378, 2569, 2608, 2843, 2868, 3111, 3338, 3359, 3593, 3629, 3867, 4057, 4643, 4644, 6752, 7381, 7426, 7505, 7520, 8122, 8285, 8970, 9782] (33)
[91, 1713, 2502, 2881, 3455, 4550, 5093, 5566, 5928, 6041, 6411, 6979, 7489, 7580, 7592, 7661, 7870, 8281, 9235, 9294, 9403, 9669, 9670] (23)
[239, 501, 753, 1367, 1502, 1642, 1837, 2648, 2849, 2918, 3292, 4014, 4163, 4700, 4721, 5535, 5730, 5922, 6367, 7204, 7491, 7532, 8200, 8557, 9065, 9499, 9615, 9717, 9960] (29)
[30, 385, 462, 1751, 2259, 2420, 2876, 4258, 4754, 5345, 5617, 5934, 6401, 6771, 7552, 8569, 9439, 9447, 9583, 9632] (20)
[172, 621, 699, 865, 1204, 1737, 2004, 2126, 4171, 4511, 4781, 5160, 5529, 5557, 6742, 7531, 7555, 8611, 9121, 9165] (20)
[126, 270, 289, 876, 968, 1390, 3572, 5162, 5382, 5411, 5707, 5774, 6259, 6384, 6417, 6440, 6599, 6700, 7025, 7556, 8046, 8052, 8751] (23)
[376, 692, 724, 814, 1581, 2002, 2968, 4080, 4982, 5564, 6236, 7292, 7562, 7643, 7856, 7978, 8685, 8952, 9567, 9747] (20)
[319, 2359, 2371, 2466, 2716, 3242, 3396, 3908, 4764, 5018, 5109, 5446, 6059, 6088, 6560, 7114, 7616, 7724, 8380, 8631, 9147, 9473, 9602] (23)
[793, 840, 910, 1063, 1364, 2346, 2634, 2829, 3541, 3926, 4021, 5329, 5461, 5719, 5739, 5784, 6085, 6420, 6838, 7259, 7320, 7397, 7467, 7680, 8990, 9163, 9524, 9763] (28)
[335, 427, 757, 1454, 2033, 2473, 2751, 2972, 3648, 4696, 5013, 5790, 6472, 6648, 6827, 7088, 7189, 7246, 7317, 7478, 7744, 8226, 8544, 8715, 8848, 9067, 9201, 9404, 9541] (29)
[667, 787, 1337, 1339, 1946, 2067, 2851, 2874, 3004, 3357, 3389, 3879, 3957, 4547, 4809, 5459, 5908, 7137, 7222, 7707, 7746, 8090, 8413, 8735, 9488, 9516, 9914] (27)
[555, 740, 1516, 1653, 1988, 2476, 2747, 2958, 3773, 4880, 5728, 6938, 7100, 7135, 7193, 7296, 7718, 7808, 8055, 8161] (20)
[144, 530, 792, 3098, 3271, 3718, 4002, 4218, 4382, 4422, 4485, 4647, 5031, 5636, 5658, 5685, 5884, 5898, 5947, 6787, 7733, 7809, 8091, 8214, 8995] (25)
[104, 789, 1663, 2483, 3298, 4016, 4065, 4109, 5027, 5130, 5303, 5406, 5743, 6192, 6577, 7404, 7816, 8086, 8175, 8218, 8734, 8993] (22)
[1710, 2518, 2600, 3323, 3513, 3770, 3921, 4674, 5172, 5763, 6573, 6605, 6962, 7338, 7874, 8233, 8567, 9036, 9563, 9806] (20)
[524, 644, 794, 953, 1109, 1426, 1742, 1779, 2370, 2541, 2627, 2983, 3170, 3343, 3349, 3501, 3663, 3947, 4152, 4373, 5021, 5293, 5414, 5984, 6723, 6947, 7702, 7749, 7860, 7936, 8473, 8758, 9466, 9554] (34)
[197, 925, 1062, 1604, 2360, 3494, 3993, 4236, 4929, 5035, 5170, 5571, 5825, 6111, 6227, 6415, 6668, 6820, 7064, 7081, 7845, 8000, 8460, 9519, 9769] (25)
[499, 502, 567, 797, 1529, 2070, 2326, 2340, 3237, 3350, 3667, 4637, 5310, 6030, 6335, 6541, 6588, 6923, 7536, 8009, 9256] (21)
[192, 237, 369, 785, 1449, 1799, 2111, 2479, 3071, 4058, 4098, 6009, 6183, 6276, 7688, 7796, 8064, 8134, 8358, 8465, 8805, 8991, 9334] (23)
[231, 1995, 3172, 4026, 4040, 4297, 4428, 4970, 5432, 5476, 6072, 6095, 6904, 7233, 7879, 8128, 8296, 8850, 9069, 9465] (20)
[482, 659, 1486, 1617, 1871, 2758, 3014, 3653, 3845, 3900, 4979, 5686, 5876, 6377, 6586, 7559, 8008, 8131, 8424, 8656, 9424, 9577] (22)
[18, 711, 1230, 1532, 2203, 2375, 3122, 3332, 3459, 4105, 4997, 5799, 6172, 6418, 6530, 6779, 6825, 7575, 7814, 8066, 8192, 9338] (22)
[204, 259, 588, 1455, 1735, 1833, 2068, 2629, 2691, 2855, 3531, 3894, 4885, 5011, 5045, 5418, 6057, 6746, 6754, 7164, 7348, 8194, 8588, 8590, 9116, 9585, 9659, 9997] (28)
[587, 1346, 1403, 1675, 1740, 1770, 1882, 3059, 3181, 4223, 4342, 4425, 4518, 4561, 4565, 4566, 4800, 5089, 5381, 5458, 5793, 5858, 6083, 6323, 6366, 6602, 6801, 7143, 7145, 7294, 7715, 7747, 7953, 8195, 8554, 8669, 9196, 9534, 9586, 9801] (40)
[22, 228, 1715, 1937, 2005, 2343, 2801, 3325, 4213, 4366, 4394, 5357, 6348, 6674, 8264, 8312, 8659, 9253, 9434, 9837, 9978] (21)
[252, 755, 1048, 1588, 2100, 2347, 2903, 2981, 3203, 3610, 3739, 4082, 4130, 4669, 6422, 6663, 8320, 8340, 8526, 9074, 9464, 9871] (22)
[178, 333, 560, 924, 2590, 3127, 3345, 3871, 3983, 4500, 4751, 6040, 6143, 6696, 6846, 6969, 7588, 7693, 7967, 8321, 8591, 8788, 9428] (23)
[169, 209, 467, 538, 580, 610, 811, 922, 1362, 1456, 1522, 2585, 2979, 3355, 3372, 3609, 3917, 4310, 4374, 4477, 4648, 4802, 5040, 7357, 8322, 9118] (26)
[816, 883, 1114, 1189, 1225, 1707, 1841, 2109, 2614, 3533, 3682, 4150, 4920, 6711, 8283, 8302, 8328, 8365, 8394, 8855, 9890] (21)
[16, 145, 236, 407, 410, 504, 788, 1287, 2016, 2194, 2349, 2407, 2412, 2866, 4318, 5010, 5510, 5514, 5610, 5744, 5860, 8385, 8594, 9745, 9952] (25)
[48, 377, 853, 1447, 3757, 3854, 4138, 4521, 5355, 5524, 5539, 5940, 6163, 6291, 6373, 6413, 6666, 6675, 7602, 7846, 8388, 8389, 8462, 8853, 8907] (25)
[433, 637, 737, 886, 945, 1408, 1518, 1556, 1786, 2185, 2233, 2414, 2430, 2571, 2940, 3051, 3220, 3768, 3781, 3789, 3829, 3995, 4047, 4461, 4542, 4622, 4668, 4759, 5074, 5477, 5553, 5820, 5826, 5862, 6001, 6056, 6354, 6651, 6678, 6878, 7207, 7540, 7628, 8422, 8448, 8540, 8541, 9131, 9174, 9179, 9706, 9800, 9834] (53)
[266, 322, 618, 995, 1012, 1274, 2391, 2996, 3176, 3297, 3409, 4085, 4190, 4836, 5253, 5525, 6004, 6886, 7083, 7668, 8449, 9566, 9686, 9820] (24)
[10, 909, 1365, 1885, 2129, 2914, 2941, 3549, 3990, 4121, 4664, 5083, 6140, 6893, 7255, 8036, 8318, 8450, 9318, 9426] (20)
[171, 926, 1391, 1699, 2125, 2138, 3022, 3032, 3394, 3449, 3669, 4023, 4093, 4712, 4820, 4822, 4862, 5037, 5986, 6382, 6535, 6843, 7430, 7769, 8352, 8484, 8510, 8614, 9378] (29)
[14, 1167, 1273, 1828, 2056, 2908, 3228, 3273, 3423, 3632, 3678, 3937, 4238, 4294, 4337, 4719, 5405, 5448, 5981, 6096, 7499, 7585, 7896, 8515, 9610, 9874] (26)
[142, 822, 1520, 2261, 2530, 2978, 3795, 4010, 4571, 4897, 5675, 5970, 7195, 7454, 7956, 8520, 8608, 8796, 8799, 9004, 9012, 9054, 9230, 9631, 9661] (25)
[98, 250, 1180, 1373, 1627, 1835, 1860, 2390, 2741, 3130, 4056, 4508, 5737, 7157, 7494, 7553, 8075, 8157, 8211, 8576, 8835, 9478, 9880, 9893] (24)
[776, 899, 2609, 2858, 3218, 3714, 3720, 4018, 5125, 7047, 7174, 7441, 7442, 8456, 8577, 8585, 8624, 9123, 9436, 9603, 9908] (21)
[21, 281, 389, 764, 2692, 3026, 3209, 3339, 3992, 4111, 4902, 5371, 5500, 6918, 7484, 8103, 8196, 8400, 8578, 8745, 8747] (21)
[20, 28, 405, 554, 1739, 2447, 2813, 2942, 2957, 3413, 5072, 6185, 6292, 7578, 7981, 8094, 8316, 8580, 9056, 9337] (20)
[41, 808, 812, 1197, 1593, 2075, 2208, 2850, 3638, 4094, 4555, 4799, 5662, 6042, 6053, 6136, 7306, 7440, 7819, 8583, 9994] (21)
[399, 902, 972, 1641, 1957, 2183, 3285, 4090, 4365, 4579, 5328, 5388, 5668, 5681, 5768, 5828, 5855, 6051, 6065, 6476, 7717, 7821, 8038, 8499, 8640, 9549] (26)
[96, 647, 700, 1195, 1254, 1510, 1865, 2328, 2622, 2788, 2878, 2927, 4158, 4378, 5412, 5854, 6094, 6214, 6478, 6997, 7909, 8641, 9352] (23)
[55, 328, 725, 844, 1452, 2312, 2591, 3489, 3873, 4472, 4537, 4771, 5065, 5164, 5180, 5392, 5492, 5776, 5792, 6182, 6990, 8627, 8642] (23)
[628, 690, 1329, 1497, 1519, 1584, 1638, 1904, 1993, 2035, 2229, 2974, 2980, 3272, 3276, 3299, 3517, 3792, 3824, 4030, 4046, 4409, 4826, 5084, 5094, 5478, 5554, 5562, 5797, 5997, 6069, 6474, 6481, 6581, 6726, 7009, 7615, 7674, 7696, 7742, 7848, 8383, 8704, 8762, 8779, 8783, 8897, 9061, 9198, 9205, 9451, 9570, 9676, 9699] (54)
[26, 362, 779, 879, 1160, 1404, 1523, 1940, 2358, 2846, 3949, 4339, 4729, 5254, 6320, 7695, 7784, 8053, 8705, 9208, 9223] (21)
[11, 705, 1542, 1547, 1939, 2193, 2246, 2852, 2959, 3091, 3246, 3262, 3420, 3552, 3882, 4404, 4513, 4946, 5655, 6730, 6766, 7245, 7691, 7768, 8102, 8215, 8483, 8602, 8707, 8879, 9291, 9638, 9656, 9671] (34)
[595, 2363, 3573, 3575, 3826, 4052, 4454, 4808, 4829, 4956, 4963, 5003, 5110, 8063, 8151, 8771, 8923, 9144, 9181, 9200] (20)
[80, 343, 1586, 2146, 2526, 2697, 3407, 3540, 4308, 4714, 5210, 5218, 6580, 6587, 7514, 7792, 8201, 8234, 8268, 8276, 8524, 8774, 8885, 9051, 9551, 9803] (26)
[162, 293, 562, 1465, 1838, 1964, 2085, 2582, 2944, 3056, 3711, 3715, 3740, 4474, 4787, 5258, 5772, 5782, 6060, 6294, 6937, 7209, 7326, 8208, 8235, 8434, 8488, 8522, 8832, 9395, 9722, 9754, 9991] (33)
[903, 1198, 1247, 1326, 2137, 2519, 2567, 3078, 4324, 4704, 4734, 5481, 6124, 6371, 6498, 6520, 6770, 7649, 8605, 8837, 8999, 9097, 9721, 9781, 9883, 9993] (26)
[78, 254, 297, 860, 2385, 2884, 3814, 4177, 4493, 4593, 6736, 6768, 6957, 7633, 7665, 7864, 8513, 8896, 9018, 9323, 9599, 9651] (22)
[388, 1448, 1457, 1667, 2053, 2289, 2297, 2549, 2709, 2895, 3093, 3180, 3438, 4301, 4458, 4851, 4867, 5660, 5999, 6358, 7150, 7786, 8753, 8960, 9626] (25)
[56, 887, 999, 1092, 1278, 1281, 1527, 1844, 2506, 2732, 2745, 4309, 4777, 5578, 6146, 6849, 6950, 7374, 7996, 8775, 9024, 9275, 9876] (23)
[534, 950, 1328, 1577, 2093, 2215, 2274, 2698, 2761, 4492, 4535, 5002, 5323, 6564, 6803, 7084, 8205, 8414, 9029, 9107, 9774] (21)
[638, 640, 683, 1743, 1785, 2313, 2317, 2965, 3034, 3060, 3133, 3520, 3806, 3998, 4574, 5006, 5267, 6164, 6221, 7147, 7258, 7353, 7709, 7932, 7940, 7963, 8250, 8625, 9088, 9319, 9363, 9445, 9698, 9948, 9959] (35)
[244, 269, 277, 380, 556, 563, 1050, 2150, 2534, 2595, 2787, 2839, 4588, 4591, 4628, 4893, 5107, 6312, 6322, 6646, 6832, 6954, 7087, 7313, 7391, 8946, 9071, 9095, 9199, 9416, 9461, 9511, 9548, 9770, 9785] (35)
[1185, 1944, 2324, 2362, 3442, 4039, 4549, 5048, 5407, 5822, 6445, 7572, 7754, 7886, 7972, 8085, 8105, 9156, 9310, 9376, 9701, 9917] (22)
[1005, 1533, 1847, 1972, 2008, 2441, 3736, 4293, 4358, 4413, 5159, 5403, 5480, 5543, 5891, 6304, 6471, 7328, 7419, 7479, 9216, 9866] (22)
[2355, 2580, 2947, 3099, 3960, 4269, 5892, 6102, 7460, 7498, 7946, 8163, 8416, 8418, 8597, 8657, 8870, 9217, 9226, 9353, 9518, 9750] (22)
[309, 801, 1165, 1511, 1561, 1670, 1763, 1804, 1813, 2444, 2713, 3115, 3123, 4489, 4587, 4789, 5163, 5221, 5356, 5433, 5964, 5977, 6121, 6171, 6536, 6549, 6874, 7160, 7334, 7465, 7930, 7997, 8353, 8490, 8859, 8945, 9218, 9258, 9679, 9910] (40)
[276, 537, 951, 1110, 1442, 1610, 1725, 2364, 3347, 3747, 4120, 4232, 4554, 4957, 5126, 5266, 5635, 5705, 5972, 6007, 7178, 7308, 7947, 8231, 8964, 9022, 9210, 9219, 9896] (29)
[105, 246, 712, 875, 1676, 2826, 2901, 3008, 3799, 4476, 4845, 4974, 5503, 6600, 6791, 6905, 7534, 8146, 8265, 9280] (20)
[264, 282, 680, 760, 1117, 1306, 1565, 2202, 2219, 2653, 3043, 3344, 4154, 4362, 4626, 5410, 6512, 7235, 7333, 7576, 8138, 8376, 8802, 8980, 9282] (25)
[308, 411, 550, 915, 1554, 2577, 3158, 3654, 3877, 4717, 4818, 5025, 5146, 7854, 7885, 8059, 8254, 8863, 9286, 9761, 9802, 9811, 9873, 9888] (24)
[1938, 2330, 2948, 3208, 3258, 3411, 4657, 5244, 5318, 5619, 6435, 6538, 6659, 7202, 7806, 7841, 8206, 8615, 9019, 9344, 9619, 9655, 9872] (23)
[85, 390, 592, 1161, 1559, 1661, 1752, 2144, 3145, 3235, 3557, 3658, 3675, 3923, 4341, 4460, 4505, 4949, 5359, 5470, 5498, 5871, 5889, 5923, 6225, 6396, 6501, 6506, 6985, 6988, 6996, 7242, 7535, 7692, 7849, 7939, 8023, 8282, 8811, 9345, 9561, 9622, 9839] (43)
[90, 626, 823, 1156, 1311, 1422, 1526, 1543, 2042, 2097, 2211, 2232, 2594, 2711, 3346, 3994, 4211, 5380, 5916, 6023, 6233, 6245, 6421, 6647, 6919, 7256, 7270, 7288, 7589, 7646, 8543, 8610, 8690, 9072, 9347, 9432, 9879] (37)
[756, 891, 1361, 1459, 1488, 1633, 1818, 2148, 2268, 2676, 2840, 2984, 3471, 3794, 4006, 4115, 4201, 4638, 4703, 4838, 5466, 6265, 6745, 7185, 7647, 7839, 7903, 7961, 8272, 8536, 8831, 8854, 8911, 9301, 9358, 9962] (36)
[559, 729, 773, 1350, 1375, 1753, 1852, 2076, 4392, 5152, 5171, 5284, 5286, 5515, 5932, 6546, 7107, 8370, 8623, 8971, 9255, 9411] (22)
[175, 415, 672, 677, 921, 2086, 2248, 3222, 3403, 3509, 3672, 3864, 4653, 5277, 5285, 5302, 6305, 6713, 7001, 7711, 7913, 9136, 9413] (23)
[1022, 3337, 3523, 3708, 4099, 4295, 4372, 4488, 4494, 5105, 5222, 5489, 6302, 7261, 7303, 7802, 8180, 8202, 9383, 9472, 9588] (21)
[531, 857, 2428, 3038, 3752, 4282, 5379, 5521, 6135, 6392, 6665, 7275, 7522, 7554, 8671, 8676, 9023, 9247, 9437, 9462, 9474, 9945] (22)
[156, 190, 435, 464, 1492, 1701, 1842, 2090, 2113, 2171, 2231, 2394, 2597, 3295, 4260, 4276, 4345, 5534, 5880, 6174, 6434, 6853, 7113, 7582, 7982, 8379, 8432, 8761, 9296, 9498, 9537, 9683, 9809] (33)
[327, 571, 1789, 1859, 2135, 2773, 3944, 4084, 5322, 6261, 6277, 7118, 7894, 8356, 8496, 8502, 8525, 8542, 8546, 9536, 9543] (21)
[1094, 1887, 1990, 2536, 2807, 2872, 3121, 4051, 4188, 4437, 5842, 6220, 6316, 6830, 6836, 7263, 7995, 9539, 9913, 9957] (20)
[479, 669, 1393, 1644, 1759, 2319, 2639, 4483, 4685, 5722, 7010, 7251, 7907, 8277, 8401, 8444, 8889, 9448, 9571, 9600] (20)
[412, 574, 600, 932, 1215, 2652, 3967, 4073, 4155, 4178, 5454, 5471, 5953, 6119, 6499, 6735, 6814, 7139, 7167, 7490, 8010, 8117, 8160, 8290, 8511, 9120, 9278, 9387, 9467, 9606, 9640, 9851] (32)
[364, 403, 1056, 1298, 1340, 2088, 3383, 3532, 3692, 3874, 3981, 4779, 7710, 8076, 8261, 8307, 9003, 9406, 9624, 9665, 9678, 9791] (22)
[952, 1406, 1541, 2066, 2348, 2870, 2953, 3202, 3419, 3452, 3592, 3604, 3641, 3996, 4548, 5077, 5131, 5256, 5274, 5713, 5771, 5954, 6137, 6297, 6521, 6977, 7210, 8341, 8645, 8712, 9236, 9728, 9929] (33)
[229, 1906, 2014, 3538, 4248, 4325, 4441, 5314, 5874, 6888, 7003, 7358, 7513, 7627, 8363, 8814, 8972, 9176, 9729, 9846] (20)
[135, 642, 1192, 1366, 1524, 1902, 3839, 4302, 4486, 5927, 6342, 6459, 6664, 8191, 8451, 8514, 8579, 8765, 8953, 9712, 9730] (21)
[59, 153, 815, 1175, 1313, 1680, 2723, 2977, 4496, 5055, 5579, 6076, 6351, 6493, 7339, 7835, 8083, 8720, 9250, 9433, 9720, 9751, 9780, 9792] (24)
[357, 636, 766, 1011, 1744, 1899, 2167, 2314, 3105, 3758, 4699, 4750, 4830, 5263, 5272, 6036, 6105, 6360, 6628, 6688, 6733, 6815, 7177, 7183, 7412, 7448, 7501, 7542, 7782, 7937, 8037, 8275, 9085, 9090, 9168, 9793, 9856, 9884, 9983] (39)
[65, 262, 421, 839, 851, 1184, 1262, 2792, 3414, 3490, 4009, 4300, 4407, 5043, 5383, 5532, 5625, 5961, 6020, 6203, 6283, 6287, 7046, 7173, 7278, 7428, 7581, 7686, 8073, 8260, 8274, 8333, 8864, 9110, 9172, 9317, 9858] (37)
[871, 1147, 1354, 1380, 1568, 1679, 2410, 3198, 4471, 4614, 4728, 5485, 5497, 5501, 5646, 6441, 7156, 8417, 9356, 9607, 9860, 9965] (22)
[533, 584, 733, 913, 1126, 1128, 2323, 3367, 3559, 4396, 5393, 5645, 5738, 6279, 6922, 7343, 7833, 9292, 9479, 9491, 9925, 9955] (22)
[82, 330, 613, 631, 1869, 2431, 3300, 5032, 5069, 5149, 5198, 5211, 5831, 5875, 7880, 8026, 8575, 9055, 9926, 9982] (20)
[279, 1320, 2456, 2458, 2537, 2539, 2693, 3039, 3044, 3730, 3910, 4363, 4417, 5073, 5336, 6153, 6785, 6876, 8453, 8781, 9063, 9302, 9343, 9963, 9984] (25)
[45, 370, 382, 393, 894, 1029, 1285, 1587, 2467, 3076, 4088, 4377, 4727, 5092, 5119, 5129, 5291, 5950, 6403, 6773, 6777, 7059, 8350, 8584, 8687, 8721, 8722, 9480, 9544, 9620, 9623, 9985] (32)
[140, 704, 830, 1008, 1229, 1553, 1557, 1765, 1766, 1808, 2271, 2400, 2406, 2409, 2687, 2806, 2982, 3234, 3476, 3535, 4198, 4360, 4525, 4806, 4833, 5527, 5883, 6048, 6134, 6826, 6898, 7239, 7364, 7453, 7781, 7891, 8271, 8504, 8654, 9484, 9663, 9694, 9931, 9942, 9989] (45)
